b3ref2 pile200 (seed 5), 3600 ticks: Box3D, 60 Hz, 4 substeps, gravity -10, hertz 30, damping 10, push 3 m/s, restitution threshold 1 m/s, sleep on, contact recycling on (0.05 m), continuous off, 1 worker, mass from the scene (b3Body_SetMassData)
hulls: 203 (163 boxes through b3MakeBoxHull, 40 through b3CreateHull), vertex/face/edge counts differ on 0; Box3D's centroid at most 3.65e-08 m from the scene's centre of mass, volume within 1.88e-07 (relative)
mass from Box3D's shapes against the scene's: mass within 1.95e-07 (relative, body 184), centre within 3.65e-08 m, inertia within 1.11e-06 (relative Frobenius, body 179); the scene's values set
traj /home/consulear/lpf-m11/lab/gpu/results/spark-gb10/toy/accept/pile-s5.Box3D.traj: 361 records of 205 bodies, every 10 ticks
tick  stepped awake-after touching points deepest
   1      200         200        0      0 0
   2      200         200        0      0 0
   3      200         200        0      0 0
   4      200         200        0      0 0
   5      200         200        0      0 0
   6      200         200        0      0 0
   7      200         200        0      0 0
   8      200         200        0      0 0
   9      200         200        0      0 0
  10      200         200        0      0 0
  11      200         200        0      0 0
  12      200         200        0      0 0
  13      200         200        0      0 0
  14      200         200        0      0 0
  15      200         200        0      0 0
  16      200         200        0      0 0
  17      200         200        0      0 0
  18      200         200        0      0 0
  19      200         200        0      0 0
  20      200         200        0      0 0
  21      200         200        0      0 0
  22      200         200        0      0 0
  23      200         200        0      0 0
  24      200         200        0      0 0
  25      200         200        0      0 0
  26      200         200        0      0 0
  27      200         200        0      0 0
  28      200         200        0      0 0
  29      200         200        0      0 0
  30      200         200        0      0 0
  31      200         200        0      0 0
  32      200         200        0      0 0
  33      200         200        0      0 0
  34      200         200        0      0 0
  35      200         200        0      0 0
  36      200         200        0      0 0
  37      200         200        0      0 0
  38      200         200        0      0 0
  39      200         200        0      0 0
  40      200         200        0      0 0
  41      200         200        0      0 0
  42      200         200        0      0 0
  43      200         200        0      0 0
  44      200         200        0      0 0
  45      200         200        1      4 0.0191231
  46      200         200       25    100 -0.102489
  47      200         200       26    104 -0.0555631
  48      200         200       30    119 -0.0492022
  49      200         200       47    184 -0.090829
  50      200         200       51    204 -0.104544
  51      200         200       60    238 -0.103354
  52      200         200       65    256 -0.132284
  53      200         200       77    305 -0.114172
  54      200         200       84    333 -0.0958044
  55      200         200       94    371 -0.110041
  56      200         200      100    397 -0.144696
  57      200         200      113    445 -0.13918
  58      200         200      119    466 -0.105262
  59      200         200      129    508 -0.150553
  60      200         200      137    540 -0.149072
  61      200         200      147    571 -0.135071
  62      200         200      161    638 -0.223415
  63      200         200      173    685 -0.197611
  64      200         200      187    739 -0.18314
  65      200         200      193    764 -0.17568
  66      200         200      204    805 -0.154429
  67      200         200      214    846 -0.142232
  68      200         200      219    861 -0.130188
  69      200         200      214    835 -0.116418
  70      200         200      216    843 -0.101438
  71      200         200      216    825 -0.0900972
  72      200         200      216    830 -0.0768158
  73      200         200      218    836 -0.125061
  74      200         200      230    871 -0.108219
  75      200         200      241    907 -0.0575316
  76      200         200      235    901 -0.0571877
  77      200         200      246    949 -0.0667308
  78      200         200      254    973 -0.0517523
  79      200         200      260    992 -0.0497962
  80      200         200      261    983 -0.0438962
  81      200         200      266   1005 -0.0556278
  82      200         200      270   1016 -0.0499682
  83      200         200      273   1041 -0.0474133
  84      200         200      280   1071 -0.04262
  85      200         200      281   1069 -0.0376728
  86      200         200      279   1055 -0.0332679
  87      200         200      280   1066 -0.0315328
  88      200         200      277   1060 -0.028932
  89      200         200      284   1087 -0.0284547
  90      200         200      289   1099 -0.0292012
  91      200         200      295   1120 -0.0227284
  92      200         200      303   1153 -0.0363576
  93      200         200      307   1171 -0.0344636
  94      200         200      313   1183 -0.0302647
  95      200         200      316   1195 -0.0284588
  96      200         200      319   1213 -0.0244223
  97      200         200      322   1231 -0.0192311
  98      200         200      329   1248 -0.036506
  99      200         200      340   1278 -0.0310918
 100      200         200      347   1301 -0.028236
 101      200         200      355   1333 -0.0259777
 102      200         200      358   1348 -0.0238099
 103      200         200      358   1355 -0.0204714
 104      200         200      359   1365 -0.0308828
 105      200         200      362   1377 -0.0283266
 106      200         200      365   1389 -0.026388
 107      200         200      370   1408 -0.0316432
 108      200         200      379   1436 -0.0208788
 109      200         200      383   1456 -0.0301254
 110      200         200      388   1478 -0.0314976
 111      200         200      387   1476 -0.026391
 112      200         200      389   1478 -0.0609715
 113      200         200      398   1507 -0.032819
 114      200         200      401   1513 -0.0184868
 115      200         200      405   1535 -0.0153514
 116      200         200      409   1556 -0.0381083
 117      200         200      418   1588 -0.0308692
 118      200         200      417   1577 -0.0324916
 119      200         199      424   1598 -0.0289152
 120      199         199      426   1609 -0.0256468
 180      195         195      468   1762 -0.00871086
 240      194         194      477   1799 -0.00957604
 300        0           0        0      0 0
 360        0           0        0      0 0
 420        0           0        0      0 0
 480        0           0        0      0 0
 540        0           0        0      0 0
 600        0           0        0      0 0
 660        0           0        0      0 0
 720        0           0        0      0 0
 780        0           0        0      0 0
 840        0           0        0      0 0
 900        0           0        0      0 0
 960        0           0        0      0 0
1020        0           0        0      0 0
1080        0           0        0      0 0
1140        0           0        0      0 0
1200        0           0        0      0 0
1260        0           0        0      0 0
1320        0           0        0      0 0
1380        0           0        0      0 0
1440        0           0        0      0 0
1500        0           0        0      0 0
1560        0           0        0      0 0
1620        0           0        0      0 0
1680        0           0        0      0 0
1740        0           0        0      0 0
1800        0           0        0      0 0
1860        0           0        0      0 0
1920        0           0        0      0 0
1980        0           0        0      0 0
2040        0           0        0      0 0
2100        0           0        0      0 0
2160        0           0        0      0 0
2220        0           0        0      0 0
2280        0           0        0      0 0
2340        0           0        0      0 0
2400        0           0        0      0 0
2460        0           0        0      0 0
2520        0           0        0      0 0
2580        0           0        0      0 0
2640        0           0        0      0 0
2700        0           0        0      0 0
2760        0           0        0      0 0
2820        0           0        0      0 0
2880        0           0        0      0 0
2940        0           0        0      0 0
3000        0           0        0      0 0
3060        0           0        0      0 0
3120        0           0        0      0 0
3180        0           0        0      0 0
3240        0           0        0      0 0
3300        0           0        0      0 0
3360        0           0        0      0 0
3420        0           0        0      0 0
3480        0           0        0      0 0
3540        0           0        0      0 0
3600        0           0        0      0 0
solve: every dynamic body asleep from tick 294; deepest point -0.223415 m (tick 62, bodies 115 140), at rest (the 60 ticks before every body sleeps, or the last 60) -0.0105609 m (tick 250, bodies 47 98); Box3D
rest: after tick 3600, over every touching pair (sleeping ones too): deepest point -0.00865612 m (bodies 22 47), 488 touching pairs
box3d: every dynamic body asleep after step 293 (Box3D's reading: b3Body_IsAwake after the step)
b3ref2 pile200: done, 205 bodies, 1250 contacts (awake 0) at the end
