b3ref2 pile200 (seed 4), 120 ticks: Box3D, 60 Hz, 4 substeps, gravity -10, hertz 30, damping 10, push 3 m/s, restitution threshold 1 m/s, sleep on, contact recycling on (0.05 m), continuous off, 1 worker, mass from the scene (b3Body_SetMassData)
hulls: 203 (163 boxes through b3MakeBoxHull, 40 through b3CreateHull), vertex/face/edge counts differ on 0; Box3D's centroid at most 6.41e-08 m from the scene's centre of mass, volume within 1.82e-07 (relative)
mass from Box3D's shapes against the scene's: mass within 1.9e-07 (relative, body 94), centre within 6.41e-08 m, inertia within 1.02e-06 (relative Frobenius, body 139); the scene's values set
traj /home/consulear/lpf-m11/lab/gpu/results/spark-gb10/toy/accept/pilehead-s4.Box3D.traj: 121 records of 205 bodies, every 1 ticks
tick  stepped awake-after touching points deepest
   1      200         200        0      0 0
   2      200         200        0      0 0
   3      200         200        0      0 0
   4      200         200        0      0 0
   5      200         200        0      0 0
   6      200         200        0      0 0
   7      200         200        0      0 0
   8      200         200        0      0 0
   9      200         200        0      0 0
  10      200         200        0      0 0
  11      200         200        0      0 0
  12      200         200        0      0 0
  13      200         200        0      0 0
  14      200         200        0      0 0
  15      200         200        0      0 0
  16      200         200        0      0 0
  17      200         200        0      0 0
  18      200         200        0      0 0
  19      200         200        0      0 0
  20      200         200        0      0 0
  21      200         200        0      0 0
  22      200         200        0      0 0
  23      200         200        0      0 0
  24      200         200        0      0 0
  25      200         200        0      0 0
  26      200         200        0      0 0
  27      200         200        0      0 0
  28      200         200        0      0 0
  29      200         200        0      0 0
  30      200         200        0      0 0
  31      200         200        0      0 0
  32      200         200        0      0 0
  33      200         200        0      0 0
  34      200         200        0      0 0
  35      200         200        0      0 0
  36      200         200        0      0 0
  37      200         200        0      0 0
  38      200         200        0      0 0
  39      200         200        0      0 0
  40      200         200        0      0 0
  41      200         200        0      0 0
  42      200         200        0      0 0
  43      200         200        0      0 0
  44      200         200        0      0 0
  45      200         200        1      4 0.0192192
  46      200         200       24     96 -0.0988829
  47      200         200       26    104 -0.0975614
  48      200         200       31    120 -0.0976826
  49      200         200       45    179 -0.105703
  50      200         200       53    208 -0.098428
  51      200         200       61    240 -0.0705924
  52      200         200       68    271 -0.0826141
  53      200         200       77    304 -0.121012
  54      200         200       86    336 -0.107009
  55      200         200       94    368 -0.0940091
  56      200         200      106    411 -0.146641
  57      200         200      117    459 -0.196892
  58      200         200      124    487 -0.170404
  59      200         200      134    530 -0.144202
  60      200         200      146    573 -0.170995
  61      200         200      159    612 -0.150713
  62      200         200      170    664 -0.155348
  63      200         200      175    690 -0.141246
  64      200         200      191    750 -0.12012
  65      200         200      198    774 -0.106283
  66      200         200      213    832 -0.191646
  67      200         200      222    864 -0.1691
  68      200         200      229    897 -0.147823
  69      200         200      234    915 -0.126392
  70      200         200      239    929 -0.122959
  71      200         200      240    934 -0.109058
  72      200         200      246    956 -0.133663
  73      200         200      251    985 -0.199121
  74      200         200      251    982 -0.132105
  75      200         200      246    961 -0.105297
  76      200         200      258    999 -0.0861198
  77      200         200      267   1031 -0.0764347
  78      200         200      270   1041 -0.0655615
  79      200         200      273   1045 -0.0589675
  80      200         200      278   1062 -0.0503012
  81      200         200      284   1097 -0.0439989
  82      200         200      286   1104 -0.0380889
  83      200         200      293   1124 -0.0327077
  84      200         200      291   1119 -0.0273051
  85      200         200      295   1139 -0.0239885
  86      200         200      298   1155 -0.0207104
  87      200         200      300   1165 -0.0184523
  88      200         200      304   1177 -0.0180219
  89      200         200      305   1178 -0.0149933
  90      200         200      306   1181 -0.0230238
  91      200         200      311   1203 -0.0218698
  92      200         200      316   1217 -0.0200254
  93      200         200      317   1216 -0.0182399
  94      200         200      320   1235 -0.0172547
  95      200         200      326   1256 -0.0342967
  96      200         200      333   1274 -0.0317328
  97      200         200      335   1277 -0.0288334
  98      200         200      339   1295 -0.0273396
  99      200         200      341   1303 -0.0246305
 100      200         200      340   1303 -0.0212329
 101      200         200      343   1320 -0.0208299
 102      200         200      347   1336 -0.0189961
 103      200         200      350   1344 -0.0172572
 104      200         200      350   1344 -0.0155472
 105      200         200      356   1361 -0.0145885
 106      200         200      368   1400 -0.0135169
 107      200         200      369   1415 -0.0136759
 108      200         200      370   1415 -0.0122148
 109      200         200      375   1430 -0.0219142
 110      200         200      380   1449 -0.0271079
 111      200         200      383   1466 -0.0237195
 112      200         200      380   1448 -0.0517321
 113      200         200      388   1476 -0.0449352
 114      200         200      387   1489 -0.021252
 115      200         200      400   1538 -0.0324383
 116      200         200      405   1557 -0.041955
 117      200         200      409   1574 -0.0250357
 118      200         200      409   1574 -0.0212136
 119      200         200      414   1587 -0.0192339
 120      200         200      415   1588 -0.0164537
solve: 200 bodies awake at the end; deepest point -0.199121 m (tick 73, bodies 169 194), at rest (the 60 ticks before every body sleeps, or the last 60) -0.199121 m (tick 73, bodies 169 194); Box3D
rest: after tick 120, over every touching pair (sleeping ones too): deepest point -0.0164537 m (bodies 112 163), 415 touching pairs
box3d: 200 bodies awake after the last step
b3ref2 pile200: done, 205 bodies, 1178 contacts (awake 1178) at the end
