b3ref2 stack10 (seed 1), 3600 ticks: Box3D, 60 Hz, 4 substeps, gravity -10, hertz 30, damping 10, push 3 m/s, restitution threshold 1 m/s, sleep off, contact recycling on (0.05 m), continuous off, 1 worker, mass from the scene (b3Body_SetMassData)
hulls: 2 (2 boxes through b3MakeBoxHull, 0 through b3CreateHull), vertex/face/edge counts differ on 0; Box3D's centroid at most 0 m from the scene's centre of mass, volume within 1.42e-16 (relative)
mass from Box3D's shapes against the scene's: mass within 0 (relative, body -1), centre within 0 m, inertia within 3.05e-08 (relative Frobenius, body 1); the scene's values set
traj /home/consulear/lpf-m11/lab/gpu/results/spark-gb10/toy/accept/stack-off.Box3D.traj: 3601 records of 11 bodies, every 1 ticks
tick  stepped awake-after touching points deepest
   1       10          10       10     40 0
   2       10          10       10     40 -0.000889242
   3       10          10       10     40 -0.00184852
   4       10          10       10     40 -0.00244957
   5       10          10       10     40 -0.00257212
   6       10          10       10     40 -0.00257778
   7       10          10       10     40 -0.00303406
   8       10          10       10     40 -0.00328594
   9       10          10       10     40 -0.00340039
  10       10          10       10     40 -0.00349927
  11       10          10       10     40 -0.00363874
  12       10          10       10     40 -0.0038138
  13       10          10       10     40 -0.00399011
  14       10          10       10     40 -0.00413364
  15       10          10       10     40 -0.00422907
  16       10          10       10     40 -0.00428194
  17       10          10       10     40 -0.00430983
  18       10          10       10     40 -0.00433016
  19       10          10       10     40 -0.00435275
  20       10          10       10     40 -0.00437838
  21       10          10       10     40 -0.0044027
  22       10          10       10     40 -0.00442159
  23       10          10       10     40 -0.00443375
  24       10          10       10     40 -0.00444072
  25       10          10       10     40 -0.00444537
  26       10          10       10     40 -0.00444937
  27       10          10       10     40 -0.00448525
  28       10          10       10     40 -0.0045374
  29       10          10       10     40 -0.00458342
  30       10          10       10     40 -0.00462416
  31       10          10       10     40 -0.00466108
  32       10          10       10     40 -0.00469553
  33       10          10       10     40 -0.00472832
  34       10          10       10     40 -0.00476003
  35       10          10       10     40 -0.00479048
  36       10          10       10     40 -0.00481963
  37       10          10       10     40 -0.00484717
  38       10          10       10     40 -0.00487289
  39       10          10       10     40 -0.00489658
  40       10          10       10     40 -0.00491822
  41       10          10       10     40 -0.00493759
  42       10          10       10     40 -0.00495499
  43       10          10       10     40 -0.00497034
  44       10          10       10     40 -0.0049842
  45       10          10       10     40 -0.00499666
  46       10          10       10     40 -0.00500804
  47       10          10       10     40 -0.00501859
  48       10          10       10     40 -0.00502837
  49       10          10       10     40 -0.00503755
  50       10          10       10     40 -0.00504601
  51       10          10       10     40 -0.0050537
  52       10          10       10     40 -0.00506067
  53       10          10       10     40 -0.00506681
  54       10          10       10     40 -0.00507215
  55       10          10       10     40 -0.00507665
  56       10          10       10     40 -0.00508159
  57       10          10       10     40 -0.00508589
  58       10          10       10     40 -0.00508943
  59       10          10       10     40 -0.00509238
  60       10          10       10     40 -0.00509477
  61       10          10       10     40 -0.0050965
  62       10          10       10     40 -0.00509784
  63       10          10       10     40 -0.00509876
  64       10          10       10     40 -0.00509948
  65       10          10       10     40 -0.00509977
  66       10          10       10     40 -0.00509989
  67       10          10       10     40 -0.00509965
  68       10          10       10     40 -0.00509918
  69       10          10       10     40 -0.00509846
  70       10          10       10     40 -0.00509745
  71       10          10       10     40 -0.0050962
  72       10          10       10     40 -0.00509471
  73       10          10       10     40 -0.00509304
  74       10          10       10     40 -0.00509119
  75       10          10       10     40 -0.00508913
  76       10          10       10     40 -0.00508696
  77       10          10       10     40 -0.00508466
  78       10          10       10     40 -0.00508231
  79       10          10       10     40 -0.00507993
  80       10          10       10     40 -0.00507739
  81       10          10       10     40 -0.00507486
  82       10          10       10     40 -0.0050723
  83       10          10       10     40 -0.00506973
  84       10          10       10     40 -0.00506699
  85       10          10       10     40 -0.00506431
  86       10          10       10     40 -0.00506318
  87       10          10       10     40 -0.00506702
  88       10          10       10     40 -0.00507069
  89       10          10       10     40 -0.00507426
  90       10          10       10     40 -0.00507763
  91       10          10       10     40 -0.00508088
  92       10          10       10     40 -0.00508404
  93       10          10       10     40 -0.00508702
  94       10          10       10     40 -0.00508976
  95       10          10       10     40 -0.00509247
  96       10          10       10     40 -0.00509501
  97       10          10       10     40 -0.00509745
  98       10          10       10     40 -0.00509971
  99       10          10       10     40 -0.00510186
 100       10          10       10     40 -0.00510386
 101       10          10       10     40 -0.00510567
 102       10          10       10     40 -0.00510752
 103       10          10       10     40 -0.00510907
 104       10          10       10     40 -0.0051105
 105       10          10       10     40 -0.0051119
 106       10          10       10     40 -0.00511312
 107       10          10       10     40 -0.00511444
 108       10          10       10     40 -0.00511587
 109       10          10       10     40 -0.00511706
 110       10          10       10     40 -0.00511822
 111       10          10       10     40 -0.00511917
 112       10          10       10     40 -0.00512001
 113       10          10       10     40 -0.00512075
 114       10          10       10     40 -0.00512135
 115       10          10       10     40 -0.00512177
 116       10          10       10     40 -0.00512224
 117       10          10       10     40 -0.00512248
 118       10          10       10     40 -0.00512266
 119       10          10       10     40 -0.00512257
 120       10          10       10     40 -0.00512248
 180       10          10       10     40 -0.00508949
 240       10          10       10     40 -0.00507027
 300       10          10       10     40 -0.00507048
 360       10          10       10     40 -0.00507146
 420       10          10       10     40 -0.00506967
 480       10          10       10     40 -0.00506768
 540       10          10       10     40 -0.00506634
 600       10          10       10     40 -0.00506622
 660       10          10       10     40 -0.00506634
 720       10          10       10     40 -0.00506622
 780       10          10       10     40 -0.0050661
 840       10          10       10     40 -0.00506598
 900       10          10       10     40 -0.00506598
 960       10          10       10     40 -0.00506598
1020       10          10       10     40 -0.00506598
1080       10          10       10     40 -0.00506598
1140       10          10       10     40 -0.00506598
1200       10          10       10     40 -0.00506598
1260       10          10       10     40 -0.00506598
1320       10          10       10     40 -0.00506598
1380       10          10       10     40 -0.00506598
1440       10          10       10     40 -0.00506598
1500       10          10       10     40 -0.00506598
1560       10          10       10     40 -0.00506598
1620       10          10       10     40 -0.00506598
1680       10          10       10     40 -0.00506598
1740       10          10       10     40 -0.00506598
1800       10          10       10     40 -0.00506598
1860       10          10       10     40 -0.00506598
1920       10          10       10     40 -0.00506598
1980       10          10       10     40 -0.00506598
2040       10          10       10     40 -0.00506598
2100       10          10       10     40 -0.00506598
2160       10          10       10     40 -0.00506598
2220       10          10       10     40 -0.00506598
2280       10          10       10     40 -0.00506598
2340       10          10       10     40 -0.00506598
2400       10          10       10     40 -0.00506598
2460       10          10       10     40 -0.00506598
2520       10          10       10     40 -0.00506598
2580       10          10       10     40 -0.00506598
2640       10          10       10     40 -0.00506598
2700       10          10       10     40 -0.00506598
2760       10          10       10     40 -0.00506598
2820       10          10       10     40 -0.00506598
2880       10          10       10     40 -0.00506598
2940       10          10       10     40 -0.00506598
3000       10          10       10     40 -0.00506598
3060       10          10       10     40 -0.00506598
3120       10          10       10     40 -0.00506598
3180       10          10       10     40 -0.00506598
3240       10          10       10     40 -0.00506598
3300       10          10       10     40 -0.00506598
3360       10          10       10     40 -0.00506598
3420       10          10       10     40 -0.00506598
3480       10          10       10     40 -0.00506598
3540       10          10       10     40 -0.00506598
3600       10          10       10     40 -0.00506598
solve: 10 bodies awake at the end; deepest point -0.00512266 m (tick 118, bodies 1 2), at rest (the 60 ticks before every body sleeps, or the last 60) -0.00506598 m (tick 3541, bodies 1 2); Box3D
rest: after tick 3600, over every touching pair (sleeping ones too): deepest point -0.00506598 m (bodies 1 2), 10 touching pairs
box3d: 10 bodies awake after the last step
b3ref2 stack10: done, 11 bodies, 10 contacts (awake 10) at the end
