b3ref2 stack10 (seed 1), 3600 ticks: Box3D, 60 Hz, 4 substeps, gravity -10, hertz 30, damping 10, push 3 m/s, restitution threshold 1 m/s, sleep on, contact recycling on (0.05 m), continuous off, 1 worker, mass from the scene (b3Body_SetMassData)
hulls: 2 (2 boxes through b3MakeBoxHull, 0 through b3CreateHull), vertex/face/edge counts differ on 0; Box3D's centroid at most 0 m from the scene's centre of mass, volume within 1.42e-16 (relative)
mass from Box3D's shapes against the scene's: mass within 0 (relative, body -1), centre within 0 m, inertia within 3.05e-08 (relative Frobenius, body 1); the scene's values set
traj /home/consulear/lpf-m11/lab/gpu/results/spark-gb10/toy/accept/stack-on.Box3D.traj: 3601 records of 11 bodies, every 1 ticks
tick  stepped awake-after touching points deepest
   1       10          10       10     40 0
   2       10          10       10     40 -0.000889242
   3       10          10       10     40 -0.00184852
   4       10          10       10     40 -0.00244957
   5       10          10       10     40 -0.00257212
   6       10          10       10     40 -0.00257778
   7       10          10       10     40 -0.00303406
   8       10          10       10     40 -0.00328594
   9       10          10       10     40 -0.00340039
  10       10          10       10     40 -0.00349927
  11       10          10       10     40 -0.00363874
  12       10          10       10     40 -0.0038138
  13       10          10       10     40 -0.00399011
  14       10          10       10     40 -0.00413364
  15       10          10       10     40 -0.00422907
  16       10          10       10     40 -0.00428194
  17       10          10       10     40 -0.00430983
  18       10          10       10     40 -0.00433016
  19       10          10       10     40 -0.00435275
  20       10          10       10     40 -0.00437838
  21       10          10       10     40 -0.0044027
  22       10          10       10     40 -0.00442159
  23       10          10       10     40 -0.00443375
  24       10          10       10     40 -0.00444072
  25       10          10       10     40 -0.00444537
  26       10          10       10     40 -0.00444937
  27       10          10       10     40 -0.00448525
  28       10          10       10     40 -0.0045374
  29       10          10       10     40 -0.00458342
  30       10          10       10     40 -0.00462416
  31       10          10       10     40 -0.00466108
  32       10          10       10     40 -0.00469553
  33       10          10       10     40 -0.00472832
  34       10          10       10     40 -0.00476003
  35       10          10       10     40 -0.00479048
  36       10          10       10     40 -0.00481963
  37       10          10       10     40 -0.00484717
  38       10          10       10     40 -0.00487289
  39       10          10       10     40 -0.00489658
  40       10          10       10     40 -0.00491822
  41       10           0       10     40 -0.00493759
  42        0           0        0      0 0
  43        0           0        0      0 0
  44        0           0        0      0 0
  45        0           0        0      0 0
  46        0           0        0      0 0
  47        0           0        0      0 0
  48        0           0        0      0 0
  49        0           0        0      0 0
  50        0           0        0      0 0
  51        0           0        0      0 0
  52        0           0        0      0 0
  53        0           0        0      0 0
  54        0           0        0      0 0
  55        0           0        0      0 0
  56        0           0        0      0 0
  57        0           0        0      0 0
  58        0           0        0      0 0
  59        0           0        0      0 0
  60        0           0        0      0 0
  61        0           0        0      0 0
  62        0           0        0      0 0
  63        0           0        0      0 0
  64        0           0        0      0 0
  65        0           0        0      0 0
  66        0           0        0      0 0
  67        0           0        0      0 0
  68        0           0        0      0 0
  69        0           0        0      0 0
  70        0           0        0      0 0
  71        0           0        0      0 0
  72        0           0        0      0 0
  73        0           0        0      0 0
  74        0           0        0      0 0
  75        0           0        0      0 0
  76        0           0        0      0 0
  77        0           0        0      0 0
  78        0           0        0      0 0
  79        0           0        0      0 0
  80        0           0        0      0 0
  81        0           0        0      0 0
  82        0           0        0      0 0
  83        0           0        0      0 0
  84        0           0        0      0 0
  85        0           0        0      0 0
  86        0           0        0      0 0
  87        0           0        0      0 0
  88        0           0        0      0 0
  89        0           0        0      0 0
  90        0           0        0      0 0
  91        0           0        0      0 0
  92        0           0        0      0 0
  93        0           0        0      0 0
  94        0           0        0      0 0
  95        0           0        0      0 0
  96        0           0        0      0 0
  97        0           0        0      0 0
  98        0           0        0      0 0
  99        0           0        0      0 0
 100        0           0        0      0 0
 101        0           0        0      0 0
 102        0           0        0      0 0
 103        0           0        0      0 0
 104        0           0        0      0 0
 105        0           0        0      0 0
 106        0           0        0      0 0
 107        0           0        0      0 0
 108        0           0        0      0 0
 109        0           0        0      0 0
 110        0           0        0      0 0
 111        0           0        0      0 0
 112        0           0        0      0 0
 113        0           0        0      0 0
 114        0           0        0      0 0
 115        0           0        0      0 0
 116        0           0        0      0 0
 117        0           0        0      0 0
 118        0           0        0      0 0
 119        0           0        0      0 0
 120        0           0        0      0 0
 180        0           0        0      0 0
 240        0           0        0      0 0
 300        0           0        0      0 0
 360        0           0        0      0 0
 420        0           0        0      0 0
 480        0           0        0      0 0
 540        0           0        0      0 0
 600        0           0        0      0 0
 660        0           0        0      0 0
 720        0           0        0      0 0
 780        0           0        0      0 0
 840        0           0        0      0 0
 900        0           0        0      0 0
 960        0           0        0      0 0
1020        0           0        0      0 0
1080        0           0        0      0 0
1140        0           0        0      0 0
1200        0           0        0      0 0
1260        0           0        0      0 0
1320        0           0        0      0 0
1380        0           0        0      0 0
1440        0           0        0      0 0
1500        0           0        0      0 0
1560        0           0        0      0 0
1620        0           0        0      0 0
1680        0           0        0      0 0
1740        0           0        0      0 0
1800        0           0        0      0 0
1860        0           0        0      0 0
1920        0           0        0      0 0
1980        0           0        0      0 0
2040        0           0        0      0 0
2100        0           0        0      0 0
2160        0           0        0      0 0
2220        0           0        0      0 0
2280        0           0        0      0 0
2340        0           0        0      0 0
2400        0           0        0      0 0
2460        0           0        0      0 0
2520        0           0        0      0 0
2580        0           0        0      0 0
2640        0           0        0      0 0
2700        0           0        0      0 0
2760        0           0        0      0 0
2820        0           0        0      0 0
2880        0           0        0      0 0
2940        0           0        0      0 0
3000        0           0        0      0 0
3060        0           0        0      0 0
3120        0           0        0      0 0
3180        0           0        0      0 0
3240        0           0        0      0 0
3300        0           0        0      0 0
3360        0           0        0      0 0
3420        0           0        0      0 0
3480        0           0        0      0 0
3540        0           0        0      0 0
3600        0           0        0      0 0
solve: every dynamic body asleep from tick 42; deepest point -0.00493759 m (tick 41, bodies 1 2), at rest (the 60 ticks before every body sleeps, or the last 60) -0.00493759 m (tick 41, bodies 1 2); Box3D
rest: after tick 3600, over every touching pair (sleeping ones too): deepest point -0.00493759 m (bodies 1 2), 10 touching pairs
box3d: every dynamic body asleep after step 41 (Box3D's reading: b3Body_IsAwake after the step)
b3ref2 stack10: done, 11 bodies, 10 contacts (awake 0) at the end
