toy pile200, dialect D, 3600 ticks, threads 1 8; gravity 10, sleep on, contact recycling on
twin: gcc 13.3.0, aarch64, contraction off
layout sizes C/twin: Hull 112/112 HullFace 40/40 BodyState 112/112 BodyPose 56/56 BodyMass 144/144 Aabb 32/32 Params 344/344 Hash2 8/8 V3 24/24 Pair 24/24 Manifold 632/632 SatAxis 88/88 NarrowDiag 128/128 Constraint 840/840
scene pile200 (seed 8): 205 bodies (5 static), 203 hulls (40 irregular chunks, 24 redrawn), largest hull 12 vertices 8 faces 36 half-edges; mass 5.586 to 52.85 kg; quantisation range errors 0
  hull 0 (box 12 x 1 x 12 m): volume 144 (8abc 144), Ixx/density 1740 (V(b^2+c^2)/3 1740), Ixy -0
traj /home/consulear/lpf-m11/lab/gpu/results/spark-gb10/toy/sanity_D.pile200-s8.traj: 3601 records of 205 bodies, every 1 ticks
tick  bodies-hash       manifolds-hash    stages-hash       awake pairs active touching points colours(ovf) islands(largest) slept woken
   1  1512d7a151f21cb5  0000000000000000  946e2557b1056391    200     0      0        0      0    0(0)    200(1)     0     0
   2  1d450066f943e2de  0000000000000000  946e2557b1056391    200     0      0        0      0    0(0)    200(1)     0     0
   3  fde2d6199bd3a2a4  0000000000000000  946e2557b1056391    200     0      0        0      0    0(0)    200(1)     0     0
   4  dff734eb73d1a865  0000000000000000  946e2557b1056391    200     0      0        0      0    0(0)    200(1)     0     0
   5  387c1396b4624381  0000000000000000  946e2557b1056391    200     0      0        0      0    0(0)    200(1)     0     0
   6  8e2386eb35d02306  0000000000000000  946e2557b1056391    200     0      0        0      0    0(0)    200(1)     0     0
   7  8dd2ecf42b569593  0000000000000000  946e2557b1056391    200     0      0        0      0    0(0)    200(1)     0     0
   8  30a59f814f9ac7cd  0000000000000000  946e2557b1056391    200     0      0        0      0    0(0)    200(1)     0     0
   9  2b984403f67da28c  0000000000000000  946e2557b1056391    200     0      0        0      0    0(0)    200(1)     0     0
  10  f19e8db3c24567e3  0000000000000000  946e2557b1056391    200     0      0        0      0    0(0)    200(1)     0     0
  11  ca1e061dac525486  0000000000000000  946e2557b1056391    200     0      0        0      0    0(0)    200(1)     0     0
  12  37792e1c07c0351f  0000000000000000  946e2557b1056391    200     0      0        0      0    0(0)    200(1)     0     0
  13  2f320c2774e7cd96  0000000000000000  946e2557b1056391    200     0      0        0      0    0(0)    200(1)     0     0
  14  862784231c041ad7  0000000000000000  946e2557b1056391    200     0      0        0      0    0(0)    200(1)     0     0
  15  f46645b2ab3f3a07  0000000000000000  946e2557b1056391    200     0      0        0      0    0(0)    200(1)     0     0
  16  e3e8a299ed3039bd  0000000000000000  946e2557b1056391    200     0      0        0      0    0(0)    200(1)     0     0
  17  a1f43591828810c4  0000000000000000  946e2557b1056391    200     0      0        0      0    0(0)    200(1)     0     0
  18  35a1aafbd12b500b  0000000000000000  946e2557b1056391    200     0      0        0      0    0(0)    200(1)     0     0
  19  63f1fce9d75fa30a  0000000000000000  946e2557b1056391    200     0      0        0      0    0(0)    200(1)     0     0
  20  9a0bbdf861cf7344  0000000000000000  946e2557b1056391    200     0      0        0      0    0(0)    200(1)     0     0
  21  d36fef26e1e1bd49  0000000000000000  946e2557b1056391    200     0      0        0      0    0(0)    200(1)     0     0
  22  ddd917144878fe9f  0000000000000000  946e2557b1056391    200     0      0        0      0    0(0)    200(1)     0     0
  23  f45f86e093a25169  0000000000000000  946e2557b1056391    200     0      0        0      0    0(0)    200(1)     0     0
  24  662bc9ad79d1f9a1  0000000000000000  946e2557b1056391    200     0      0        0      0    0(0)    200(1)     0     0
  25  4cbf7b85da13b937  0000000000000000  946e2557b1056391    200     0      0        0      0    0(0)    200(1)     0     0
  26  99d93d6339fc8886  0000000000000000  946e2557b1056391    200     0      0        0      0    0(0)    200(1)     0     0
  27  303446722cfbdca3  0000000000000000  946e2557b1056391    200     0      0        0      0    0(0)    200(1)     0     0
  28  163b6cb5ba204455  0000000000000000  946e2557b1056391    200     0      0        0      0    0(0)    200(1)     0     0
  29  6db42779c5fd83cd  0000000000000000  946e2557b1056391    200     0      0        0      0    0(0)    200(1)     0     0
  30  b5762330ff253293  0000000000000000  946e2557b1056391    200     0      0        0      0    0(0)    200(1)     0     0
  31  3be106ba2b3570cb  0000000000000000  946e2557b1056391    200     0      0        0      0    0(0)    200(1)     0     0
  32  eaef6957f8bcfe25  0000000000000000  946e2557b1056391    200     0      0        0      0    0(0)    200(1)     0     0
  33  4347eea9c99526e1  0000000000000000  946e2557b1056391    200     0      0        0      0    0(0)    200(1)     0     0
  34  c55c616744976105  0000000000000000  946e2557b1056391    200     0      0        0      0    0(0)    200(1)     0     0
  35  ddc36dc4c4e78579  0000000000000000  946e2557b1056391    200     0      0        0      0    0(0)    200(1)     0     0
  36  a9634b66f6764194  0000000000000000  946e2557b1056391    200     0      0        0      0    0(0)    200(1)     0     0
  37  6e03be60ee10ac97  0000000000000000  946e2557b1056391    200     0      0        0      0    0(0)    200(1)     0     0
  38  ad51db063373442d  0000000000000000  946e2557b1056391    200     0      0        0      0    0(0)    200(1)     0     0
  39  82899264706560ca  0000000000000000  946e2557b1056391    200     0      0        0      0    0(0)    200(1)     0     0
  40  1988c924a3f311b2  0000000000000000  946e2557b1056391    200     0      0        0      0    0(0)    200(1)     0     0
  41  6f8f46a7a263eeaf  0000000000000000  946e2557b1056391    200     0      0        0      0    0(0)    200(1)     0     0
  42  13d2858ef850f787  0000000000000000  946e2557b1056391    200     0      0        0      0    0(0)    200(1)     0     0
  43  a9aff7a306549623  0000000000000000  946e2557b1056391    200     0      0        0      0    0(0)    200(1)     0     0
  44  98e075a6f891dfd1  0000000000000000  946e2557b1056391    200     0      0        0      0    0(0)    200(1)     0     0
  45  45811e8fcb953ff1  7fa2ead30e3426b9  0a2b05bef10439f5    200    19     19        1      4    1(0)    200(1)     0     0
  46  0b928c8237a0724c  3fab83d6afe81af5  2ab28ec4df8a62b4    200    26     26       25    100    2(0)    200(1)     0     0
  47  9a016b43f2bf2491  d3d86317b91de2f8  c5d21a7ea60c5519    200    35     35       26    104    2(0)    200(1)     0     0
  48  c25b525155c49c11  4333545d33eb5e66  56c30b416e997f76    200    45     45       32    124    2(0)    199(2)     0     0
  49  9060bb51042c93d7  2daf15462676d237  d9c4ad4e5841fabe    200    55     55       47    182    3(0)    193(2)     0     0
  50  8b7c93363d174615  7028d810cbbd9967  0df2111f3b526213    200    66     66       53    209    6(0)    178(2)     0     0
  51  73811db49979bcbc  833b4e7957fa3ebf  b21c71f7c39a2795    200    81     81       60    239    6(0)    172(3)     0     0
  52  9e0520d9aefbce9e  e322beae60ac9387  fefab9b43f37edf4    200    95     95       66    263    7(0)    162(6)     0     0
  53  c618cbec409fd176  c7e74fd162c5049b  1f3e14adeb7d1b8c    200   108    108       76    301    8(0)    155(6)     0     0
  54  f8f0eaba653cf835  65fea733c353907c  dbac17a94bd0cf32    200   123    123       91    361    9(0)    149(6)     0     0
  55  d37a56534a97ae4d  df47e79a7dfe8ebf  78ac32fb2b53e948    200   138    138       97    386    9(0)    134(8)     0     0
  56  194c330ed5721b4a  f42bceed3431a27a  53381cb3e77af127    200   157    157      105    406    9(0)    132(8)     0     0
  57  6a9505450550e328  ae50654d202118c0  093c479c6c0f36e6    200   181    181      115    446    9(0)    123(8)     0     0
  58  87cd9b4fdd6b7368  abe410d396f7b995  a1d228dd4a1b40fc    200   204    204      127    501   10(0)    114(8)     0     0
  59  ddc1e2b5ea8de84c  53605b7e47e1ea73  60aa1cb357fee451    200   226    226      139    546   10(0)    105(10)     0     0
  60  9039856332f821f7  281dedcffae9d86b  08f13d223331ad16    200   254    254      149    583   13(0)     94(13)     0     0
  61  854e59a03da68753  01f5a7515dec414f  e7130d172cbd95ac    200   284    284      162    627   14(0)     85(26)     0     0
  62  e8d4ae3cc2a105d4  183321c00a854076  8eb80d3c55710f98    200   317    317      168    647   14(0)     74(39)     0     0
  63  ffc1975149cf29da  2c9f36af9efd8f57  9245870371f20e40    200   362    362      173    669   15(0)     72(38)     0     0
  64  66febe2b5385f886  476e7a33f3ee8e2a  0ddf8d82eb00dbcd    200   419    419      187    723   16(0)     66(34)     0     0
  65  d11146076f1b0778  31e8596b6c8b8202  55b7693182d6ce64    200   479    479      199    771   16(0)     54(31)     0     0
  66  5829bc888b3c1ebc  9d433a39f71b3369  800d5e217abd43a4    200   525    525      210    814   16(0)     46(37)     0     0
  67  d1b70766dadb5c27  a282515bc6419ca2  5f7027e5ec45749e    200   574    574      227    883   18(0)     37(62)     0     0
  68  fd37ce80c2925c5d  bc54f3499e948f68  06546458fe496ad5    200   595    595      242    946   18(0)     27(120)     0     0
  69  306378357ec246bf  1d56b389e82f3db4  700451e345e22277    200   629    629      244    937   19(0)     20(147)     0     0
  70  14d9be562868441c  ebefa4a06cd9baa0  a975dc6025f4c92c    200   660    660      248    955   20(0)     20(145)     0     0
  71  6e5feb4e090f5336  110540716e87c1fc  f582ab87975be73c    200   692    692      255    975   19(0)     23(107)     0     0
  72  7379b052774d0c60  7ccf64d9beab662a  04326ebccff768f8    200   719    719      265   1019   19(0)     20(119)     0     0
  73  73a3aa3f3b185710  7f95fdcf03c9c4d4  da1daf067b30ef40    200   730    730      277   1068   20(0)     14(162)     0     0
  74  245db24dd64a038a  20f6c37196067e0c  6eb7fb1218f8ef32    200   753    753      288   1105   20(0)     15(168)     0     0
  75  d7a7bdfaa9fd3b5d  921a8669365f3092  b39a7aca1799d8b3    200   774    774      286   1100   20(0)     21(158)     0     0
  76  facd8a7819482345  48267e55b0d61604  5951663c3fa9eb60    200   777    777      282   1090   20(0)     21(160)     0     0
  77  441df56fc4e3dc8e  5595e7c0b3d89075  5ca35ba857027dfb    200   786    786      286   1105   19(0)     25(153)     0     0
  78  f5ef74f3178d89b4  3b7b50b08cbb9c45  6325ed359d7b6d97    200   794    794      286   1112   19(0)     25(141)     0     0
  79  7a1897174322e8dc  cabe160b29dac9a9  44e898d89b9adf02    200   811    811      296   1140   20(0)     25(147)     0     0
  80  000bc453ac234f33  a380e50bd3a7b083  f4d0b939324bf94a    200   805    805      301   1154   19(0)     22(160)     0     0
  81  ca8a9c77983fd282  72a4581fd3c4071b  00c4ff30245d5f8d    200   822    822      301   1140   19(0)     22(171)     0     0
  82  4e05497c9b107047  ca06a12804b2f189  e78625ebdd17c167    200   837    837      302   1155   20(0)     25(168)     0     0
  83  7745c1001dc2b654  0843d8e10d57b4a8  d1798ffb409855a0    200   845    845      303   1154   20(0)     25(167)     0     0
  84  4cea9eb41ae8d179  827ff3673bf5b0b8  ee33e28c4ed8fea1    200   855    855      303   1164   20(0)     26(163)     0     0
  85  b6ed28ae9b3c5b2e  5eb7d86a3b698b2a  0e42df5507305cf4    200   857    857      299   1152   20(0)     26(164)     0     0
  86  438e59e2ea87cd50  cb3b6838ef9e444f  ba3c2a10f31f7a5b    200   865    865      309   1178   20(0)     30(163)     0     0
  87  8c676fe6881c8e38  748e6594e9c61b60  87046aed18322abe    200   872    872      315   1200   19(0)     27(167)     0     0
  88  86a9dcfc946224bb  6c937f07605b6f54  fb95dd54dbf24e23    200   874    874      320   1223   20(0)     27(167)     0     0
  89  7994bc4e3443a034  496f22da901d1dfe  1ca5c09c63a74244    200   886    886      323   1233   21(0)     25(167)     0     0
  90  6caec8b8c8a53e6b  82a349bee113da88  40a58fa0ebcaf514    200   904    904      325   1246   21(0)     23(168)     0     0
  91  45dfdb87bbaa13ed  1fbb827779167f11  5477aad575eab89f    200   924    924      331   1268   21(0)     23(168)     0     0
  92  fe164f1dd3fc571f  b3eb783e213aaee5  1616eab0360fc845    200   941    941      339   1301   20(0)     22(171)     0     0
  93  6c784c954eee7661  c4b9731b8ece964d  699b89f23e9afd44    200   956    956      345   1323   22(0)     21(173)     0     0
  94  10feec3a52e0f6ad  f83f1c2539dde063  3f17fc0944fbe656    200   970    970      351   1342   22(0)     19(174)     0     0
  95  ec9cabe882fcaaed  f799afefc8645239  05c715de39b48da8    200   982    982      361   1382   22(0)     17(176)     0     0
  96  1d438a7084fb1a38  27f181c18a22abef  cb63ed9c9ddd6368    200   993    993      363   1387   22(0)     15(178)     0     0
  97  6f8d2eb2ddd1b6e6  0e1d7c26cea9294c  605cc95e4aa9c206    200  1009   1009      367   1399   22(0)     15(178)     0     0
  98  f52f3ced1495a9b5  c06c7e724003b239  0bccfbec989d0ad0    200  1024   1024      375   1424   23(0)     16(178)     0     0
  99  6e59786477d5d2be  065a52c21f1fbaef  2b551ed2cd41c7f3    200  1029   1029      377   1421   23(0)     14(187)     0     0
 100  dac0455a9f5ceb84  d92648e7610c0d7c  139031c2c620989f    200  1044   1044      387   1455   23(0)     14(187)     0     0
 101  bef57705ade84889  5856f50e245d9bff  a5abb089c21e1583    200  1044   1044      379   1441   24(0)     13(188)     0     0
 102  24dfde05f708aec4  303db8c423937b92  69c558904163a787    200  1057   1057      382   1441   25(0)     13(188)     0     0
 103  e7566475289a2998  b2faff866436e6ab  5f34d19570b3f054    200  1063   1063      389   1458   26(0)     13(188)     0     0
 104  1206981979bbb0d2  4d93c51a0c4cc6d4  5a4c38d0ec6ebc98    200  1068   1068      387   1458   27(0)     13(188)     0     0
 105  087e710ce5343f44  93a349d3a413f1c2  d559b61e560eafb5    200  1082   1082      401   1516   26(0)     11(190)     0     0
 106  e5a715cd5f5bc841  9d49548960620d9d  7a9052be75b2c5ed    200  1102   1102      406   1537   26(0)      9(192)     0     0
 107  2bfa5c783630fef0  f79e2a8329b3cfd4  34da52da1ae3fc95    200  1113   1113      407   1546   26(0)      8(193)     0     0
 108  8131d8b4c5b873b4  c6a63234f9d54b29  d24780177dc6ac9a    200  1114   1114      408   1548   24(0)      8(193)     0     0
 109  f305a3f770db0bde  23db83f3b52a535a  f6800d684fce31e4    200  1122   1122      409   1540   24(0)      9(191)     0     0
 110  36f92324deaa30a1  9c69828fdebcbd27  233858cb3c0be24d    200  1131   1131      413   1560   24(0)     10(191)     0     0
 111  52e2be867ff58f39  6d07d5a2375dc2b0  afa8020d660bb28a    200  1147   1147      417   1570   25(0)      9(192)     0     0
 112  60a90c22a0896316  e7b0372894bb7625  a42fcb040a4ce856    200  1163   1163      420   1597   25(0)      9(192)     0     0
 113  241eadacc1e4da3e  df04565d1500cdde  221d5879b2c1b738    200  1174   1174      423   1611   25(0)      7(194)     0     0
 114  cfdcfed86ad345b5  054593d5d7fb1a88  ec532195f01cfe46    200  1177   1177      425   1617   25(0)      7(194)     0     0
 115  78e1026b53ca7e4c  0df866d10f0b9b85  8f78ca98c541c277    200  1182   1182      427   1631   26(0)      9(192)     0     0
 116  ce052b9bd66a35b6  fa15f80561d5a33f  fa8bbf2ed1062e88    200  1188   1188      433   1653   26(0)      7(194)     0     0
 117  1ca53d17080cb3d8  2ad4ca319a4ecadf  8fc4208e86513a1e    200  1197   1197      439   1675   26(0)      7(194)     0     0
 118  141dbf9846548b24  d00e76849732ee4f  1449c6f80e3e5a93    200  1211   1211      445   1696   26(0)      6(195)     0     0
 119  1cc1aaa6138b8a5f  e8387f36e7f8cf43  9789c6ee68e89bf4    200  1214   1214      452   1718   26(0)      6(195)     0     0
 120  a65570ae9a1d6117  57e8e5156d4307c9  e1d7cecc2c572a5d    199  1211   1208      454   1728   26(0)      4(196)     1     0
 180  d6e5df3b22043261  c441f51e7cfdb66a  e6660eb7e62be568    198  1297   1292      501   1892   25(0)      2(197)     0     0
 240  5241b3a9018e3e12  c9d1c81a3aac391e  7951d7d2a6efc5a4      0  1297      0      501   1892    0(0)      0(0)     0     0
 300  5241b3a9018e3e12  c9d1c81a3aac391e  7951d7d2a6efc5a4      0  1297      0      501   1892    0(0)      0(0)     0     0
 360  5241b3a9018e3e12  c9d1c81a3aac391e  7951d7d2a6efc5a4      0  1297      0      501   1892    0(0)      0(0)     0     0
 420  5241b3a9018e3e12  c9d1c81a3aac391e  7951d7d2a6efc5a4      0  1297      0      501   1892    0(0)      0(0)     0     0
 480  5241b3a9018e3e12  c9d1c81a3aac391e  7951d7d2a6efc5a4      0  1297      0      501   1892    0(0)      0(0)     0     0
 540  5241b3a9018e3e12  c9d1c81a3aac391e  7951d7d2a6efc5a4      0  1297      0      501   1892    0(0)      0(0)     0     0
 600  5241b3a9018e3e12  c9d1c81a3aac391e  7951d7d2a6efc5a4      0  1297      0      501   1892    0(0)      0(0)     0     0
 660  5241b3a9018e3e12  c9d1c81a3aac391e  7951d7d2a6efc5a4      0  1297      0      501   1892    0(0)      0(0)     0     0
 720  5241b3a9018e3e12  c9d1c81a3aac391e  7951d7d2a6efc5a4      0  1297      0      501   1892    0(0)      0(0)     0     0
 780  5241b3a9018e3e12  c9d1c81a3aac391e  7951d7d2a6efc5a4      0  1297      0      501   1892    0(0)      0(0)     0     0
 840  5241b3a9018e3e12  c9d1c81a3aac391e  7951d7d2a6efc5a4      0  1297      0      501   1892    0(0)      0(0)     0     0
 900  5241b3a9018e3e12  c9d1c81a3aac391e  7951d7d2a6efc5a4      0  1297      0      501   1892    0(0)      0(0)     0     0
 960  5241b3a9018e3e12  c9d1c81a3aac391e  7951d7d2a6efc5a4      0  1297      0      501   1892    0(0)      0(0)     0     0
1020  5241b3a9018e3e12  c9d1c81a3aac391e  7951d7d2a6efc5a4      0  1297      0      501   1892    0(0)      0(0)     0     0
1080  5241b3a9018e3e12  c9d1c81a3aac391e  7951d7d2a6efc5a4      0  1297      0      501   1892    0(0)      0(0)     0     0
1140  5241b3a9018e3e12  c9d1c81a3aac391e  7951d7d2a6efc5a4      0  1297      0      501   1892    0(0)      0(0)     0     0
1200  5241b3a9018e3e12  c9d1c81a3aac391e  7951d7d2a6efc5a4      0  1297      0      501   1892    0(0)      0(0)     0     0
1260  5241b3a9018e3e12  c9d1c81a3aac391e  7951d7d2a6efc5a4      0  1297      0      501   1892    0(0)      0(0)     0     0
1320  5241b3a9018e3e12  c9d1c81a3aac391e  7951d7d2a6efc5a4      0  1297      0      501   1892    0(0)      0(0)     0     0
1380  5241b3a9018e3e12  c9d1c81a3aac391e  7951d7d2a6efc5a4      0  1297      0      501   1892    0(0)      0(0)     0     0
1440  5241b3a9018e3e12  c9d1c81a3aac391e  7951d7d2a6efc5a4      0  1297      0      501   1892    0(0)      0(0)     0     0
1500  5241b3a9018e3e12  c9d1c81a3aac391e  7951d7d2a6efc5a4      0  1297      0      501   1892    0(0)      0(0)     0     0
1560  5241b3a9018e3e12  c9d1c81a3aac391e  7951d7d2a6efc5a4      0  1297      0      501   1892    0(0)      0(0)     0     0
1620  5241b3a9018e3e12  c9d1c81a3aac391e  7951d7d2a6efc5a4      0  1297      0      501   1892    0(0)      0(0)     0     0
1680  5241b3a9018e3e12  c9d1c81a3aac391e  7951d7d2a6efc5a4      0  1297      0      501   1892    0(0)      0(0)     0     0
1740  5241b3a9018e3e12  c9d1c81a3aac391e  7951d7d2a6efc5a4      0  1297      0      501   1892    0(0)      0(0)     0     0
1800  5241b3a9018e3e12  c9d1c81a3aac391e  7951d7d2a6efc5a4      0  1297      0      501   1892    0(0)      0(0)     0     0
1860  5241b3a9018e3e12  c9d1c81a3aac391e  7951d7d2a6efc5a4      0  1297      0      501   1892    0(0)      0(0)     0     0
1920  5241b3a9018e3e12  c9d1c81a3aac391e  7951d7d2a6efc5a4      0  1297      0      501   1892    0(0)      0(0)     0     0
1980  5241b3a9018e3e12  c9d1c81a3aac391e  7951d7d2a6efc5a4      0  1297      0      501   1892    0(0)      0(0)     0     0
2040  5241b3a9018e3e12  c9d1c81a3aac391e  7951d7d2a6efc5a4      0  1297      0      501   1892    0(0)      0(0)     0     0
2100  5241b3a9018e3e12  c9d1c81a3aac391e  7951d7d2a6efc5a4      0  1297      0      501   1892    0(0)      0(0)     0     0
2160  5241b3a9018e3e12  c9d1c81a3aac391e  7951d7d2a6efc5a4      0  1297      0      501   1892    0(0)      0(0)     0     0
2220  5241b3a9018e3e12  c9d1c81a3aac391e  7951d7d2a6efc5a4      0  1297      0      501   1892    0(0)      0(0)     0     0
2280  5241b3a9018e3e12  c9d1c81a3aac391e  7951d7d2a6efc5a4      0  1297      0      501   1892    0(0)      0(0)     0     0
2340  5241b3a9018e3e12  c9d1c81a3aac391e  7951d7d2a6efc5a4      0  1297      0      501   1892    0(0)      0(0)     0     0
2400  5241b3a9018e3e12  c9d1c81a3aac391e  7951d7d2a6efc5a4      0  1297      0      501   1892    0(0)      0(0)     0     0
2460  5241b3a9018e3e12  c9d1c81a3aac391e  7951d7d2a6efc5a4      0  1297      0      501   1892    0(0)      0(0)     0     0
2520  5241b3a9018e3e12  c9d1c81a3aac391e  7951d7d2a6efc5a4      0  1297      0      501   1892    0(0)      0(0)     0     0
2580  5241b3a9018e3e12  c9d1c81a3aac391e  7951d7d2a6efc5a4      0  1297      0      501   1892    0(0)      0(0)     0     0
2640  5241b3a9018e3e12  c9d1c81a3aac391e  7951d7d2a6efc5a4      0  1297      0      501   1892    0(0)      0(0)     0     0
2700  5241b3a9018e3e12  c9d1c81a3aac391e  7951d7d2a6efc5a4      0  1297      0      501   1892    0(0)      0(0)     0     0
2760  5241b3a9018e3e12  c9d1c81a3aac391e  7951d7d2a6efc5a4      0  1297      0      501   1892    0(0)      0(0)     0     0
2820  5241b3a9018e3e12  c9d1c81a3aac391e  7951d7d2a6efc5a4      0  1297      0      501   1892    0(0)      0(0)     0     0
2880  5241b3a9018e3e12  c9d1c81a3aac391e  7951d7d2a6efc5a4      0  1297      0      501   1892    0(0)      0(0)     0     0
2940  5241b3a9018e3e12  c9d1c81a3aac391e  7951d7d2a6efc5a4      0  1297      0      501   1892    0(0)      0(0)     0     0
3000  5241b3a9018e3e12  c9d1c81a3aac391e  7951d7d2a6efc5a4      0  1297      0      501   1892    0(0)      0(0)     0     0
3060  5241b3a9018e3e12  c9d1c81a3aac391e  7951d7d2a6efc5a4      0  1297      0      501   1892    0(0)      0(0)     0     0
3120  5241b3a9018e3e12  c9d1c81a3aac391e  7951d7d2a6efc5a4      0  1297      0      501   1892    0(0)      0(0)     0     0
3180  5241b3a9018e3e12  c9d1c81a3aac391e  7951d7d2a6efc5a4      0  1297      0      501   1892    0(0)      0(0)     0     0
3240  5241b3a9018e3e12  c9d1c81a3aac391e  7951d7d2a6efc5a4      0  1297      0      501   1892    0(0)      0(0)     0     0
3300  5241b3a9018e3e12  c9d1c81a3aac391e  7951d7d2a6efc5a4      0  1297      0      501   1892    0(0)      0(0)     0     0
3360  5241b3a9018e3e12  c9d1c81a3aac391e  7951d7d2a6efc5a4      0  1297      0      501   1892    0(0)      0(0)     0     0
3420  5241b3a9018e3e12  c9d1c81a3aac391e  7951d7d2a6efc5a4      0  1297      0      501   1892    0(0)      0(0)     0     0
3480  5241b3a9018e3e12  c9d1c81a3aac391e  7951d7d2a6efc5a4      0  1297      0      501   1892    0(0)      0(0)     0     0
3540  5241b3a9018e3e12  c9d1c81a3aac391e  7951d7d2a6efc5a4      0  1297      0      501   1892    0(0)      0(0)     0     0
3600  5241b3a9018e3e12  c9d1c81a3aac391e  7951d7d2a6efc5a4      0  1297      0      501   1892    0(0)      0(0)     0     0
threads 1: 0.540 ms/tick, saturations 0, floating-point sentinel clean; per-tick hashes (reference)
threads 8: 0.246 ms/tick, saturations 0, floating-point sentinel clean; per-tick hashes identical
solve: every dynamic body asleep from tick 230; deepest point -0.179155 m (tick 63, bodies 138 163), at rest (the 60 ticks before every body sleeps, or the last 60) -0.0124452 m (tick 171, bodies 151 177); at most 340 dispatches a tick
rest: after tick 3600, over every touching pair (sleeping ones too): deepest point -0.00634723 m (bodies 26 76), 501 touching pairs
toy D pile200: run hash 243038eb04279c6a, final bodies 5241b3a9018e3e12 manifolds c9d1c81a3aac391e stages 7951d7d2a6efc5a4, threads agree, saturations 0 (twin: gcc 13.3.0, aarch64, contraction off)
