toy pile200, dialect V4, 3600 ticks, threads 1 8; gravity 10, sleep on, contact recycling on
twin: gcc 13.3.0, aarch64, contraction off
layout sizes C/twin: Hull 68/68 HullFace 24/24 BodyState 60/60 BodyPose 40/40 BodyMass 80/80 Aabb 32/32 Params 184/184 Hash2 8/8 V3 12/12 Pair 24/24 Manifold 348/348 SatAxis 72/72 NarrowDiag 64/64 Constraint 460/460
scene pile200 (seed 1): 205 bodies (5 static), 203 hulls (40 irregular chunks, 16 redrawn), largest hull 14 vertices 9 faces 42 half-edges; mass 5.309 to 55.65 kg; quantisation range errors 0
  hull 0 (box 12 x 1 x 12 m): volume 144 (8abc 144), Ixx/density 1740 (V(b^2+c^2)/3 1740), Ixy -0
traj /home/consulear/lpf-m11/lab/gpu/results/spark-gb10/toy/sanity_V4.pile200-s1.traj: 3601 records of 205 bodies, every 1 ticks
tick  bodies-hash       manifolds-hash    stages-hash       awake pairs active touching points colours(ovf) islands(largest) slept woken
   1  41297e9ecd5a536e  408dcd2951a7825b  3f01c69ff9767d9d    200     1      1        0      0    1(0)    200(1)     0     0
   2  3bc941000af639d3  d4d31909c478163c  4f7b7497340a0071    200     1      1        0      0    1(0)    200(1)     0     0
   3  a50042e98341eb6e  d4d31909c478163c  4f7b7497340a0071    200     1      1        0      0    1(0)    200(1)     0     0
   4  110703e439904438  d4d31909c478163c  4f7b7497340a0071    200     1      1        0      0    1(0)    200(1)     0     0
   5  2784c2d4d99791d2  d4d31909c478163c  4f7b7497340a0071    200     1      1        0      0    1(0)    200(1)     0     0
   6  ab0c28effe171bc1  d4d31909c478163c  4f7b7497340a0071    200     1      1        0      0    1(0)    200(1)     0     0
   7  b046755e2b70ea14  d4d31909c478163c  4f7b7497340a0071    200     1      1        0      0    1(0)    200(1)     0     0
   8  731364d9b9688723  d4d31909c478163c  4f7b7497340a0071    200     1      1        0      0    1(0)    200(1)     0     0
   9  28b4cf7079a5b569  d4d31909c478163c  4f7b7497340a0071    200     1      1        0      0    1(0)    200(1)     0     0
  10  3696384dddb43239  d4d31909c478163c  4f7b7497340a0071    200     1      1        0      0    1(0)    200(1)     0     0
  11  9d3d010cdef78cc5  d4d31909c478163c  4f7b7497340a0071    200     1      1        0      0    1(0)    200(1)     0     0
  12  0ad49a8435112ba2  d4d31909c478163c  4f7b7497340a0071    200     1      1        0      0    1(0)    200(1)     0     0
  13  2aac44a7949da413  d4d31909c478163c  4f7b7497340a0071    200     1      1        0      0    1(0)    200(1)     0     0
  14  13d5fb7edfc2390a  d4d31909c478163c  4f7b7497340a0071    200     1      1        0      0    1(0)    200(1)     0     0
  15  7e3bbe61e3345387  d4d31909c478163c  4f7b7497340a0071    200     1      1        0      0    1(0)    200(1)     0     0
  16  43bab8fa2850862a  d4d31909c478163c  4f7b7497340a0071    200     1      1        0      0    1(0)    200(1)     0     0
  17  03664c762003d863  d4d31909c478163c  4f7b7497340a0071    200     1      1        0      0    1(0)    200(1)     0     0
  18  e07dd363d796dabe  d4d31909c478163c  4f7b7497340a0071    200     1      1        0      0    1(0)    200(1)     0     0
  19  348d0b704677889f  d4d31909c478163c  4f7b7497340a0071    200     1      1        0      0    1(0)    200(1)     0     0
  20  f0ba8fd0cf1a5331  d4d31909c478163c  4f7b7497340a0071    200     1      1        0      0    1(0)    200(1)     0     0
  21  9d852ee7aa0f0e13  d4d31909c478163c  4f7b7497340a0071    200     1      1        0      0    1(0)    200(1)     0     0
  22  5ecd11e5fef44f4d  d4d31909c478163c  4f7b7497340a0071    200     1      1        0      0    1(0)    200(1)     0     0
  23  4246b8b099ec08af  d4d31909c478163c  4f7b7497340a0071    200     1      1        0      0    1(0)    200(1)     0     0
  24  b76e1e155a190d53  d4d31909c478163c  4f7b7497340a0071    200     1      1        0      0    1(0)    200(1)     0     0
  25  4b9644cc44865f6a  d4d31909c478163c  4f7b7497340a0071    200     1      1        0      0    1(0)    200(1)     0     0
  26  14d585395c2ec01e  408dcd2951a7825b  4f7b7497340a0071    200     1      1        0      0    1(0)    200(1)     0     0
  27  ffcf61666a12bbe7  408dcd2951a7825b  4f7b7497340a0071    200     1      1        0      0    1(0)    200(1)     0     0
  28  22dbb345d5c0eb0e  408dcd2951a7825b  4f7b7497340a0071    200     1      1        0      0    1(0)    200(1)     0     0
  29  e9f43fea267c17cb  408dcd2951a7825b  4f7b7497340a0071    200     1      1        0      0    1(0)    200(1)     0     0
  30  44657963655ee8bb  408dcd2951a7825b  4f7b7497340a0071    200     1      1        0      0    1(0)    200(1)     0     0
  31  88bb9da6a5190737  408dcd2951a7825b  4f7b7497340a0071    200     1      1        0      0    1(0)    200(1)     0     0
  32  e77993620c7b57a1  408dcd2951a7825b  4f7b7497340a0071    200     1      1        0      0    1(0)    200(1)     0     0
  33  d741231037a3b45e  408dcd2951a7825b  4f7b7497340a0071    200     1      1        0      0    1(0)    200(1)     0     0
  34  48e571d966b7dbc8  408dcd2951a7825b  4f7b7497340a0071    200     1      1        0      0    1(0)    200(1)     0     0
  35  a6a7f35378196818  408dcd2951a7825b  4f7b7497340a0071    200     1      1        0      0    1(0)    200(1)     0     0
  36  bbce13c75a7e98ea  408dcd2951a7825b  4f7b7497340a0071    200     1      1        0      0    1(0)    200(1)     0     0
  37  a9bd069f145f6075  408dcd2951a7825b  4f7b7497340a0071    200     1      1        0      0    1(0)    200(1)     0     0
  38  1d1908de604e4d51  408dcd2951a7825b  4f7b7497340a0071    200     1      1        0      0    1(0)    200(1)     0     0
  39  630070f473bfe7a2  408dcd2951a7825b  4f7b7497340a0071    200     1      1        0      0    1(0)    200(1)     0     0
  40  d3565f3c2abe6f87  408dcd2951a7825b  4f7b7497340a0071    200     1      1        0      0    1(0)    200(1)     0     0
  41  3eca143ad7c2dd9b  408dcd2951a7825b  4f7b7497340a0071    200     1      1        0      0    1(0)    200(1)     0     0
  42  8ec4eda053f487a2  408dcd2951a7825b  4f7b7497340a0071    200     1      1        0      0    1(0)    200(1)     0     0
  43  72bd80757fa5d2d7  408dcd2951a7825b  4f7b7497340a0071    200     1      1        0      0    1(0)    200(1)     0     0
  44  8cbb0666689e8882  408dcd2951a7825b  4f7b7497340a0071    200     1      1        0      0    1(0)    200(1)     0     0
  45  8344dd837395cb6b  693b5f50ec4a3e1f  af0e726fd15c6697    200    24     24        0      0    2(0)    200(1)     0     0
  46  4a7a94d729ae908e  ff257af85b664181  b18c120be6f7ce73    200    26     26       23     92    2(0)    200(1)     0     0
  47  177184cd96f42d54  152272ec8d24d13d  f6f65912b9b919a4    200    35     35       25    100    2(0)    200(1)     0     0
  48  0b2006b854b2357c  0ce4926e3de06581  0b9dfa8dfc92359c    200    46     46       33    128    2(0)    200(1)     0     0
  49  beb7689ace554ade  73fb595e66a23c14  d4436054da027abe    200    52     52       47    184    3(0)    190(2)     0     0
  50  81212948aaa1c9b5  baef01ded7bfb91e  6a895f6c1fa6ff09    200    62     62       47    186    3(0)    177(2)     0     0
  51  e3b8ed0c5efd97e5  ec843dad17df42aa  7f609ba3085a0994    200    75     75       54    214    3(0)    177(3)     0     0
  52  795ac855e6a1a11a  94049498b70afca3  868cc6effddbbebb    200    80     80       67    264    4(0)    170(3)     0     0
  53  44590f14cb43cfa9  95bac501cb9b9d56  af80ab0aafe46f17    200    91     91       70    277    4(0)    157(3)     0     0
  54  d26d42f547522a2e  471657c86302a6e6  2d47df5a56f0e711    200   106    106       82    319    4(0)    152(4)     0     0
  55  066f66b7dd35f830  0f250c8a444c3916  457362ad3e17a234    200   120    120       93    363    5(0)    142(4)     0     0
  56  343b6d3748ae067f  508a1eb535417f50  95b0ed8e7fb102c5    200   135    135      103    407    6(0)    133(4)     0     0
  57  652b8ec947051481  6ab6b7930951823d  e70551e52d63f40b    200   151    151      113    449    6(0)    125(5)     0     0
  58  a9f361cddec2c80a  99d5d1f12a796b12  8015b084522a92d9    200   172    172      121    476    8(0)    115(5)     0     0
  59  a8c85f10664fe2a0  e546075c5377ca39  d483438855c0c75e    200   197    197      126    501    9(0)    106(6)     0     0
  60  3cc3ee93c72b18ec  27561ddf23174351  f278687425ba18fa    200   228    228      137    540   10(0)    102(6)     0     0
  61  d80d510de2a235c9  b4bd918e2bcf64bd  d06faea831505959    200   259    259      148    585   10(0)     92(6)     0     0
  62  f2c39200f5fc987d  93f0f408b5e59cd6  035f8a00e33a2e9a    200   291    291      162    636   10(0)     85(11)     0     0
  63  5f2440eac17b33bc  cc4b5a7732f9cdf3  d5c5046b4112236e    200   325    325      168    658   11(0)     75(12)     0     0
  64  4128e378ce2a9e12  c62fded94e347edd  4258f6dcf2641179    200   357    357      179    707   11(0)     70(25)     0     0
  65  da8f7a17b67bb2a2  bfeebbe651ed3288  b6d2205c17703996    200   397    397      193    764   12(0)     58(22)     0     0
  66  b7c84c7ae0a5e979  0341f0bbcf641a96  28b60d298f217585    200   427    427      208    818   12(0)     52(20)     0     0
  67  081a65032afd58e5  693627075d588949  6cad9a6136e3bb50    200   472    472      220    855   15(0)     44(25)     0     0
  68  117d5fa2fe8df9d9  3d51425163d7d01a  a8101b7231483010    200   513    513      228    881   14(0)     36(29)     0     0
  69  431daebafe3333b5  e02d014e026b742e  2ac3497451ddf247    200   548    548      236    910   14(0)     30(38)     0     0
  70  4f92d9cf6f277390  84d7a1a8bacf7fdf  f263d01709aa7b3d    200   589    589      235    915   14(0)     28(55)     0     0
  71  1246dad7a2bc3981  caaab74e5742b292  18ff27789c6924a4    200   646    646      245    961   15(0)     29(55)     0     0
  72  6e8a28c7ad74173e  cf08a77960ec8282  17de071a8604de71    200   675    675      259   1006   17(0)     25(97)     0     0
  73  4356f958c0e4ce22  c94a005598a84806  a6f90698a8a4004c    200   697    697      272   1047   17(0)     19(104)     0     0
  74  2365baa4ba2eb38c  66ebbcb2560e994a  7002cc83d958d9fe    200   728    728      284   1097   17(0)     18(133)     0     0
  75  308ada8195a77aba  95e750facc6c9091  34fbdd582ac8be92    200   754    754      279   1075   16(0)     18(146)     0     0
  76  ed9560884339bd71  5b34054b935d51b1  e5638b4a0f404a02    200   760    760      280   1077   17(0)     19(144)     0     0
  77  0871d2e0c5ad8113  4415bd4e31e01bf7  2b10aaf43a153e31    200   766    766      280   1082   16(0)     18(176)     0     0
  78  cac2dcd9189a0256  5d896a9c91e85418  d5c5c5da47f0cb5f    200   767    767      279   1074   16(0)     21(117)     0     0
  79  a41129997852f91c  29b0c3b36d2088c6  14bb740a02edb20d    200   778    778      280   1084   16(0)     23(172)     0     0
  80  3a8cdfe881e3b7b0  04f724ed351ab47f  00e630e664df596f    200   791    791      283   1095   15(0)     24(170)     0     0
  81  75bbb93530e5d5d1  114cb2855c649cdd  62a729d39b1bbfea    200   803    803      287   1103   16(0)     23(173)     0     0
  82  945c519f7b943b75  4039002469492333  a220a23f2632bba3    200   819    819      288   1098   16(0)     23(175)     0     0
  83  ade0c16d74eee5df  ffa79ce0a7c7f44b  454a7648f19f8d6f    200   821    821      287   1093   16(0)     23(171)     0     0
  84  1669c399e7942896  13c497f17e84040d  cfe684555576f84c    200   830    830      292   1105   16(0)     24(170)     0     0
  85  3a877b10d585b524  8732aecb1711e60b  280afe1efa7f1402    200   846    846      300   1136   17(0)     23(170)     0     0
  86  a311108765614446  17fa78487d062956  d071b30ce678a7df    200   857    857      312   1172   17(0)     22(172)     0     0
  87  f0599a2be2f51461  8d0ca4ce07d164de  56ba0b860499886d    200   862    862      322   1208   17(0)     21(177)     0     0
  88  c51e6fbea9d44e61  28b1ff4e9db6afe5  c07479ed18583f70    200   871    871      324   1225   17(0)     19(179)     0     0
  89  389eece5233c902c  f748f9d35759dfe1  3153690b78da3ade    200   889    889      324   1231   17(0)     23(175)     0     0
  90  097974f58c6073ff  5fe90cecabd516a1  d31167e2c9a3debc    200   897    897      334   1270   18(0)     24(174)     0     0
  91  f5f9231472615d69  13ca493f4520a5bb  8293f58fb115b239    200   908    908      337   1275   20(0)     21(177)     0     0
  92  807115a975173699  697109ed7ccb99f3  3772e9b2fd696c8c    200   917    917      340   1287   19(0)     21(178)     0     0
  93  68b950ccb7cd3ca8  8467c217347a53f4  e15242a31c594ba3    200   931    931      340   1283   20(0)     21(176)     0     0
  94  1e47b409f4ad5feb  43628c4784198b3d  952943d4af653724    200   941    941      347   1308   20(0)     23(175)     0     0
  95  d459c21d64eec311  7e278a1a22604e86  942cb22d367c1c9a    200   951    951      348   1307   22(0)     24(174)     0     0
  96  2cbcfa89b35379c7  445b2a6a7f94a4d0  ec6297c7bb4d07e1    200   956    956      350   1317   22(0)     22(179)     0     0
  97  83c71435e17bb9c1  0350c66f299ed5d5  5f992f39d597ab8d    200   964    964      352   1329   20(0)     22(179)     0     0
  98  4d9fb314d763c5c1  bb6e70d0ef79b087  36b6ba4235811f88    200   968    968      358   1348   21(0)     21(180)     0     0
  99  975e574f79d3c077  ef8585218a748cf8  4afdd0fe251b8cec    200   975    975      365   1367   20(0)     20(180)     0     0
 100  348690a4bf6eaf1a  39815103f2e3c4ac  d2c6edb402a12ac0    200   985    985      372   1394   20(0)     18(182)     0     0
 101  76f38aa306cd78c8  c73aed31239434d4  cb51ab4a1a0ea74d    200   993    993      379   1425   22(0)     18(182)     0     0
 102  eb956e4db539dec6  4204fd4ed13cd842  61ab41e085ce2d20    200   996    996      385   1439   21(0)     16(184)     0     0
 103  36551c237e07c082  829e4a3b8c4796ff  47ca0789418a1456    200  1016   1016      391   1460   20(0)     15(185)     0     0
 104  3946a1a148b859ba  9e3292fcbe36bdb2  25af324a64ae6afa    200  1025   1025      393   1474   21(0)     13(186)     0     0
 105  857f1cc7499b8ebe  fc53d47b2fa91278  39703d393ccc8f4b    200  1041   1041      395   1486   22(0)     12(187)     0     0
 106  d5c19c9f96c4033e  6ba3be92a7ad3098  94b6ec50abca55b2    200  1046   1046      399   1498   22(0)     10(189)     0     0
 107  f01218d93edcc5fe  1eb5768e84cbac3b  cbf8f762f363872b    200  1060   1060      406   1519   23(0)     10(189)     0     0
 108  5e670a4a78b3be41  4db4da5a0f9f544c  31f016cc6fc5e717    200  1066   1066      406   1523   23(0)      9(190)     0     0
 109  7b82af38af884ad7  bf98c9840b76bcda  18cefa5a80e7d073    200  1077   1077      405   1523   23(0)      9(190)     0     0
 110  cf3780f01bde0a1e  6021b1b7abfe1708  f4e805625e5136ac    200  1084   1084      413   1555   24(0)     10(189)     0     0
 111  9072da753c91ab6e  2fe83cccaa64b637  4f4b08e64200ab05    199  1086   1084      420   1587   23(0)      9(189)     1     0
 112  d5f41708ccb08f43  f8686f908839e6dd  11c9cf3cc5fd56de    199  1094   1092      423   1605   22(0)      8(190)     0     0
 113  a817a385f77d8e1c  7e35f936571698bc  794626e43fb6fc83    199  1100   1098      427   1625   23(0)      7(191)     0     0
 114  283ad3da4b2e277d  3d66a4ac330eaa04  c6cd5bb88bf7dfba    199  1097   1095      435   1654   23(0)      7(191)     0     0
 115  66a8a74ac18851c4  496ba22738ff271b  403b54c531447e17    199  1100   1098      438   1666   23(0)      7(191)     0     0
 116  4b21d48571811723  0b7879de5006db8f  0074796c148f3b29    199  1106   1104      436   1656   23(0)      7(191)     0     0
 117  e9b92b20438d8554  04f4cb574d3bd4e6  7c4fefc548f7c8fe    199  1119   1117      432   1645   24(0)      7(191)     0     0
 118  852bdc651cfea477  4902ba28ca518686  8b5571a8054c5f53    199  1129   1127      431   1638   24(0)      8(190)     0     0
 119  50d3949c2019f064  2c2c4c680543121a  010605ee0a03391c    199  1134   1132      436   1660   24(0)      8(190)     0     0
 120  cb095306377aca13  ad98d9afbb682b2c  3ad83ba61c653de3    199  1136   1134      441   1679   24(0)      7(191)     0     0
 180  c68472d3d79db195  78b3601affa406f3  577a3be8faa69287    195  1207   1197      497   1887   26(0)      1(195)     1     0
 240  388444c95d7e1b14  c8ca6bb22af1e6df  24243125362d0e93    195  1208   1198      500   1904   26(0)      1(195)     0     0
 300  e08ee099ef9e557a  967fdc44eb05d112  82cf1e5638578a5a      0  1208      0      500   1904    0(0)      0(0)     0     0
 360  e08ee099ef9e557a  967fdc44eb05d112  82cf1e5638578a5a      0  1208      0      500   1904    0(0)      0(0)     0     0
 420  e08ee099ef9e557a  967fdc44eb05d112  82cf1e5638578a5a      0  1208      0      500   1904    0(0)      0(0)     0     0
 480  e08ee099ef9e557a  967fdc44eb05d112  82cf1e5638578a5a      0  1208      0      500   1904    0(0)      0(0)     0     0
 540  e08ee099ef9e557a  967fdc44eb05d112  82cf1e5638578a5a      0  1208      0      500   1904    0(0)      0(0)     0     0
 600  e08ee099ef9e557a  967fdc44eb05d112  82cf1e5638578a5a      0  1208      0      500   1904    0(0)      0(0)     0     0
 660  e08ee099ef9e557a  967fdc44eb05d112  82cf1e5638578a5a      0  1208      0      500   1904    0(0)      0(0)     0     0
 720  e08ee099ef9e557a  967fdc44eb05d112  82cf1e5638578a5a      0  1208      0      500   1904    0(0)      0(0)     0     0
 780  e08ee099ef9e557a  967fdc44eb05d112  82cf1e5638578a5a      0  1208      0      500   1904    0(0)      0(0)     0     0
 840  e08ee099ef9e557a  967fdc44eb05d112  82cf1e5638578a5a      0  1208      0      500   1904    0(0)      0(0)     0     0
 900  e08ee099ef9e557a  967fdc44eb05d112  82cf1e5638578a5a      0  1208      0      500   1904    0(0)      0(0)     0     0
 960  e08ee099ef9e557a  967fdc44eb05d112  82cf1e5638578a5a      0  1208      0      500   1904    0(0)      0(0)     0     0
1020  e08ee099ef9e557a  967fdc44eb05d112  82cf1e5638578a5a      0  1208      0      500   1904    0(0)      0(0)     0     0
1080  e08ee099ef9e557a  967fdc44eb05d112  82cf1e5638578a5a      0  1208      0      500   1904    0(0)      0(0)     0     0
1140  e08ee099ef9e557a  967fdc44eb05d112  82cf1e5638578a5a      0  1208      0      500   1904    0(0)      0(0)     0     0
1200  e08ee099ef9e557a  967fdc44eb05d112  82cf1e5638578a5a      0  1208      0      500   1904    0(0)      0(0)     0     0
1260  e08ee099ef9e557a  967fdc44eb05d112  82cf1e5638578a5a      0  1208      0      500   1904    0(0)      0(0)     0     0
1320  e08ee099ef9e557a  967fdc44eb05d112  82cf1e5638578a5a      0  1208      0      500   1904    0(0)      0(0)     0     0
1380  e08ee099ef9e557a  967fdc44eb05d112  82cf1e5638578a5a      0  1208      0      500   1904    0(0)      0(0)     0     0
1440  e08ee099ef9e557a  967fdc44eb05d112  82cf1e5638578a5a      0  1208      0      500   1904    0(0)      0(0)     0     0
1500  e08ee099ef9e557a  967fdc44eb05d112  82cf1e5638578a5a      0  1208      0      500   1904    0(0)      0(0)     0     0
1560  e08ee099ef9e557a  967fdc44eb05d112  82cf1e5638578a5a      0  1208      0      500   1904    0(0)      0(0)     0     0
1620  e08ee099ef9e557a  967fdc44eb05d112  82cf1e5638578a5a      0  1208      0      500   1904    0(0)      0(0)     0     0
1680  e08ee099ef9e557a  967fdc44eb05d112  82cf1e5638578a5a      0  1208      0      500   1904    0(0)      0(0)     0     0
1740  e08ee099ef9e557a  967fdc44eb05d112  82cf1e5638578a5a      0  1208      0      500   1904    0(0)      0(0)     0     0
1800  e08ee099ef9e557a  967fdc44eb05d112  82cf1e5638578a5a      0  1208      0      500   1904    0(0)      0(0)     0     0
1860  e08ee099ef9e557a  967fdc44eb05d112  82cf1e5638578a5a      0  1208      0      500   1904    0(0)      0(0)     0     0
1920  e08ee099ef9e557a  967fdc44eb05d112  82cf1e5638578a5a      0  1208      0      500   1904    0(0)      0(0)     0     0
1980  e08ee099ef9e557a  967fdc44eb05d112  82cf1e5638578a5a      0  1208      0      500   1904    0(0)      0(0)     0     0
2040  e08ee099ef9e557a  967fdc44eb05d112  82cf1e5638578a5a      0  1208      0      500   1904    0(0)      0(0)     0     0
2100  e08ee099ef9e557a  967fdc44eb05d112  82cf1e5638578a5a      0  1208      0      500   1904    0(0)      0(0)     0     0
2160  e08ee099ef9e557a  967fdc44eb05d112  82cf1e5638578a5a      0  1208      0      500   1904    0(0)      0(0)     0     0
2220  e08ee099ef9e557a  967fdc44eb05d112  82cf1e5638578a5a      0  1208      0      500   1904    0(0)      0(0)     0     0
2280  e08ee099ef9e557a  967fdc44eb05d112  82cf1e5638578a5a      0  1208      0      500   1904    0(0)      0(0)     0     0
2340  e08ee099ef9e557a  967fdc44eb05d112  82cf1e5638578a5a      0  1208      0      500   1904    0(0)      0(0)     0     0
2400  e08ee099ef9e557a  967fdc44eb05d112  82cf1e5638578a5a      0  1208      0      500   1904    0(0)      0(0)     0     0
2460  e08ee099ef9e557a  967fdc44eb05d112  82cf1e5638578a5a      0  1208      0      500   1904    0(0)      0(0)     0     0
2520  e08ee099ef9e557a  967fdc44eb05d112  82cf1e5638578a5a      0  1208      0      500   1904    0(0)      0(0)     0     0
2580  e08ee099ef9e557a  967fdc44eb05d112  82cf1e5638578a5a      0  1208      0      500   1904    0(0)      0(0)     0     0
2640  e08ee099ef9e557a  967fdc44eb05d112  82cf1e5638578a5a      0  1208      0      500   1904    0(0)      0(0)     0     0
2700  e08ee099ef9e557a  967fdc44eb05d112  82cf1e5638578a5a      0  1208      0      500   1904    0(0)      0(0)     0     0
2760  e08ee099ef9e557a  967fdc44eb05d112  82cf1e5638578a5a      0  1208      0      500   1904    0(0)      0(0)     0     0
2820  e08ee099ef9e557a  967fdc44eb05d112  82cf1e5638578a5a      0  1208      0      500   1904    0(0)      0(0)     0     0
2880  e08ee099ef9e557a  967fdc44eb05d112  82cf1e5638578a5a      0  1208      0      500   1904    0(0)      0(0)     0     0
2940  e08ee099ef9e557a  967fdc44eb05d112  82cf1e5638578a5a      0  1208      0      500   1904    0(0)      0(0)     0     0
3000  e08ee099ef9e557a  967fdc44eb05d112  82cf1e5638578a5a      0  1208      0      500   1904    0(0)      0(0)     0     0
3060  e08ee099ef9e557a  967fdc44eb05d112  82cf1e5638578a5a      0  1208      0      500   1904    0(0)      0(0)     0     0
3120  e08ee099ef9e557a  967fdc44eb05d112  82cf1e5638578a5a      0  1208      0      500   1904    0(0)      0(0)     0     0
3180  e08ee099ef9e557a  967fdc44eb05d112  82cf1e5638578a5a      0  1208      0      500   1904    0(0)      0(0)     0     0
3240  e08ee099ef9e557a  967fdc44eb05d112  82cf1e5638578a5a      0  1208      0      500   1904    0(0)      0(0)     0     0
3300  e08ee099ef9e557a  967fdc44eb05d112  82cf1e5638578a5a      0  1208      0      500   1904    0(0)      0(0)     0     0
3360  e08ee099ef9e557a  967fdc44eb05d112  82cf1e5638578a5a      0  1208      0      500   1904    0(0)      0(0)     0     0
3420  e08ee099ef9e557a  967fdc44eb05d112  82cf1e5638578a5a      0  1208      0      500   1904    0(0)      0(0)     0     0
3480  e08ee099ef9e557a  967fdc44eb05d112  82cf1e5638578a5a      0  1208      0      500   1904    0(0)      0(0)     0     0
3540  e08ee099ef9e557a  967fdc44eb05d112  82cf1e5638578a5a      0  1208      0      500   1904    0(0)      0(0)     0     0
3600  e08ee099ef9e557a  967fdc44eb05d112  82cf1e5638578a5a      0  1208      0      500   1904    0(0)      0(0)     0     0
threads 1: 0.361 ms/tick, saturations 0, floating-point sentinel clean; per-tick hashes (reference)
threads 8: 0.235 ms/tick, saturations 0, floating-point sentinel clean; per-tick hashes identical
solve: every dynamic body asleep from tick 250; deepest point -0.168558 m (tick 65, bodies 172 197), at rest (the 60 ticks before every body sleeps, or the last 60) -0.010462 m (tick 192, bodies 35 80); at most 341 dispatches a tick
rest: after tick 3600, over every touching pair (sleeping ones too): deepest point -0.00984168 m (bodies 38 144), 500 touching pairs
toy V4 pile200: run hash e0021e673a278d35, final bodies e08ee099ef9e557a manifolds 967fdc44eb05d112 stages 82cf1e5638578a5a, threads agree, saturations 0 (twin: gcc 13.3.0, aarch64, contraction off)
