toy pile200, dialect F, 3600 ticks, threads 1 8; gravity 10, sleep on, contact recycling on
twin: gcc 13.3.0, aarch64, contraction off
layout sizes C/twin: Hull 68/68 HullFace 24/24 BodyState 60/60 BodyPose 28/28 BodyMass 80/80 Aabb 32/32 Params 184/184 Hash2 8/8 V3 12/12 Pair 24/24 Manifold 348/348 SatAxis 72/72 NarrowDiag 64/64 Constraint 460/460
scene pile200 (seed 2): 205 bodies (5 static), 203 hulls (40 irregular chunks, 18 redrawn), largest hull 14 vertices 9 faces 42 half-edges; mass 7.712 to 55.07 kg; quantisation range errors 0
  hull 0 (box 12 x 1 x 12 m): volume 144 (8abc 144), Ixx/density 1740 (V(b^2+c^2)/3 1740), Ixy -0
traj /home/consulear/lpf-m11/lab/gpu/results/spark-gb10/toy/sanity_F.pile200-s2.traj: 3601 records of 205 bodies, every 1 ticks
tick  bodies-hash       manifolds-hash    stages-hash       awake pairs active touching points colours(ovf) islands(largest) slept woken
   1  4f16c1c138017463  0000000000000000  946e2557b1056391    200     0      0        0      0    0(0)    200(1)     0     0
   2  b44d99bf59681e29  0000000000000000  946e2557b1056391    200     0      0        0      0    0(0)    200(1)     0     0
   3  c03f1b0f5d8abd63  0000000000000000  946e2557b1056391    200     0      0        0      0    0(0)    200(1)     0     0
   4  a63a2da7daccc9e3  0000000000000000  946e2557b1056391    200     0      0        0      0    0(0)    200(1)     0     0
   5  e447b9bba2cc725b  0000000000000000  946e2557b1056391    200     0      0        0      0    0(0)    200(1)     0     0
   6  66d6c38a0080ed42  0000000000000000  946e2557b1056391    200     0      0        0      0    0(0)    200(1)     0     0
   7  db88766c2f4d6f14  0000000000000000  946e2557b1056391    200     0      0        0      0    0(0)    200(1)     0     0
   8  d9ef645f6ba5fc3e  0000000000000000  946e2557b1056391    200     0      0        0      0    0(0)    200(1)     0     0
   9  fe17530985fd0985  0000000000000000  946e2557b1056391    200     0      0        0      0    0(0)    200(1)     0     0
  10  c89107e7ee399eeb  0000000000000000  946e2557b1056391    200     0      0        0      0    0(0)    200(1)     0     0
  11  bec730e28c797362  0000000000000000  946e2557b1056391    200     0      0        0      0    0(0)    200(1)     0     0
  12  458ba8e97d459cb5  0000000000000000  946e2557b1056391    200     0      0        0      0    0(0)    200(1)     0     0
  13  9dbb6120118e1cc3  0000000000000000  946e2557b1056391    200     0      0        0      0    0(0)    200(1)     0     0
  14  594d400d0cf4fb07  0000000000000000  946e2557b1056391    200     0      0        0      0    0(0)    200(1)     0     0
  15  9873ea9df226f8d5  0000000000000000  946e2557b1056391    200     0      0        0      0    0(0)    200(1)     0     0
  16  f199684ca726a842  0000000000000000  946e2557b1056391    200     0      0        0      0    0(0)    200(1)     0     0
  17  001c92f2e88024fe  0000000000000000  946e2557b1056391    200     0      0        0      0    0(0)    200(1)     0     0
  18  bb3046991d89e149  0000000000000000  946e2557b1056391    200     0      0        0      0    0(0)    200(1)     0     0
  19  770ad463055c7c89  0000000000000000  946e2557b1056391    200     0      0        0      0    0(0)    200(1)     0     0
  20  bf5e4a38411c620b  0000000000000000  946e2557b1056391    200     0      0        0      0    0(0)    200(1)     0     0
  21  2988a2136471b731  0000000000000000  946e2557b1056391    200     0      0        0      0    0(0)    200(1)     0     0
  22  b3861c1239e44444  0000000000000000  946e2557b1056391    200     0      0        0      0    0(0)    200(1)     0     0
  23  e910dce1dc8bcd5f  0000000000000000  946e2557b1056391    200     0      0        0      0    0(0)    200(1)     0     0
  24  43c5ff7e6db3da7d  0000000000000000  946e2557b1056391    200     0      0        0      0    0(0)    200(1)     0     0
  25  bb7e665b8dbdb0b6  0000000000000000  946e2557b1056391    200     0      0        0      0    0(0)    200(1)     0     0
  26  0b76765ae60559ee  0000000000000000  946e2557b1056391    200     0      0        0      0    0(0)    200(1)     0     0
  27  1d96818d6b7225dd  0000000000000000  946e2557b1056391    200     0      0        0      0    0(0)    200(1)     0     0
  28  88f54e8c3a1aeaf8  0000000000000000  946e2557b1056391    200     0      0        0      0    0(0)    200(1)     0     0
  29  ec64d77a7e6e26b6  0000000000000000  946e2557b1056391    200     0      0        0      0    0(0)    200(1)     0     0
  30  fef333616c2ea5f5  0000000000000000  946e2557b1056391    200     0      0        0      0    0(0)    200(1)     0     0
  31  5227fdf945aa0222  0000000000000000  946e2557b1056391    200     0      0        0      0    0(0)    200(1)     0     0
  32  4f7dcc78e5648d8b  0000000000000000  946e2557b1056391    200     0      0        0      0    0(0)    200(1)     0     0
  33  87c7f6ed6c62b3d6  0000000000000000  946e2557b1056391    200     0      0        0      0    0(0)    200(1)     0     0
  34  cbc5942b69bcd8dd  0000000000000000  946e2557b1056391    200     0      0        0      0    0(0)    200(1)     0     0
  35  7592e5a8e06d4b6e  0000000000000000  946e2557b1056391    200     0      0        0      0    0(0)    200(1)     0     0
  36  b92bc8fe01a9036f  0000000000000000  946e2557b1056391    200     0      0        0      0    0(0)    200(1)     0     0
  37  5200951eb6759434  0000000000000000  946e2557b1056391    200     0      0        0      0    0(0)    200(1)     0     0
  38  8b59ad3e89786609  0000000000000000  946e2557b1056391    200     0      0        0      0    0(0)    200(1)     0     0
  39  3eac999ec3474899  0000000000000000  946e2557b1056391    200     0      0        0      0    0(0)    200(1)     0     0
  40  e82f65ddef171543  0000000000000000  946e2557b1056391    200     0      0        0      0    0(0)    200(1)     0     0
  41  74ab532069d560e0  0000000000000000  946e2557b1056391    200     0      0        0      0    0(0)    200(1)     0     0
  42  255c16f4495bdb1b  0000000000000000  946e2557b1056391    200     0      0        0      0    0(0)    200(1)     0     0
  43  0e1e30ae3eef4e68  0000000000000000  946e2557b1056391    200     0      0        0      0    0(0)    200(1)     0     0
  44  116d370e6b56657a  0000000000000000  946e2557b1056391    200     0      0        0      0    0(0)    200(1)     0     0
  45  3512b92291ea75d9  024402a18817f57d  0c4f691b2aca4331    200    16     16        3     12    1(0)    200(1)     0     0
  46  8d48c7dee82b53ed  25cbeac4eb11ff33  15ecce591616b541    200    28     28       23     92    2(0)    200(1)     0     0
  47  4bf4cf2ab5508e72  6409b9f77c29cafb  aa126623b1a6d255    200    32     32       28    108    2(0)    200(1)     0     0
  48  97035f850710e2ee  b9a77a18dfa06182  d7650504292a7332    200    46     46       30    118    2(0)    197(2)     0     0
  49  ad22b15097ed62af  1220f795bb5f4715  0739b7e5bcef8651    200    53     53       45    178    4(0)    195(2)     0     0
  50  5885867f75191d91  e2a906fd301e19f8  414af01116550cda    200    63     63       50    200    4(0)    180(2)     0     0
  51  613c664c757367f0  73b16e082efc4a95  06a9b5d5d3bd475b    200    81     81       56    219    4(0)    175(2)     0     0
  52  4530cd77f4cd64f1  a00f4b97b26fc833  8b635c2fd313e65b    200    82     82       71    280    4(0)    168(3)     0     0
  53  7de9b09cc53e3e3e  551e4e7a13864cd6  31f13ff32a9834f3    200    96     96       74    293    5(0)    155(3)     0     0
  54  053065242ebb4c78  7ab2e07c35bbc64f  97ccfd2258d24973    200   116    116       77    307    6(0)    152(3)     0     0
  55  56a70e575627ecc6  8a5712cdff339521  2a034514fbba8904    200   126    126       90    353    6(0)    149(4)     0     0
  56  5f1a9db6dec79a87  bd03ded1eed08dbb  b3ee5af5d4ce93a0    200   140    140       98    390    7(0)    136(4)     0     0
  57  f3a214e5af4e3471  b972855c7141ef7a  cac57d06d42872c7    200   155    155      105    415    7(0)    129(8)     0     0
  58  ce2b2750dad8c4e0  5ded12a53f440455  dd0abde0d8f68703    200   169    169      119    474    7(0)    122(8)     0     0
  59  1e2e3f5c377a0044  bf77771e8dde97dd  d9bb042dfc9bf96f    200   187    187      128    506    8(0)    110(8)     0     0
  60  d6f1f685b3b67422  424fc52f025f2830  4745d3a7354f2984    200   209    209      139    550    8(0)    102(10)     0     0
  61  00b1da3d99ceb228  bf2d91fad73e5146  955242b703235cce    200   228    228      151    597    9(0)     91(10)     0     0
  62  16ad1dc16af9e2ac  e31655e460b653f9  5c63a77dd9f36aac    200   252    252      159    627   10(0)     83(12)     0     0
  63  acc8dbaa3ef7c2d4  10ca9821afa9bc24  51f64d73250241fc    200   268    268      174    688   10(0)     75(12)     0     0
  64  59293afc4d881616  78224baf8e74cb7b  9b9594989a491c77    200   299    299      181    716   10(0)     62(14)     0     0
  65  ed36baa97eb2da26  5973a57d98edb905  3664c0ee2c343c9e    200   340    340      191    756   11(0)     56(20)     0     0
  66  440925c7e6cff2e4  1413a6358aa4d8fc  fb61bfb3fa77cf0f    200   371    371      205    810   11(0)     47(21)     0     0
  67  810992a52f119832  4637122fd11cb936  3364f65410d60f5a    200   388    388      215    844   12(0)     40(22)     0     0
  68  d3f34f9411e585d1  9d286e7c9c2b5465  fae49159702f0619    200   430    430      222    877   12(0)     30(29)     0     0
  69  beafe9e8550377f1  ee12ccbda724939f  539695b3cd4f5516    200   466    466      222    870   14(0)     26(38)     0     0
  70  ddebf06ce06ffc8f  41a0faa0fbf35a7f  4d8f368db4f0d276    200   494    494      232    905   13(0)     27(22)     0     0
  71  b4f438c5d1716311  8987dd8e6c5cb936  ff523e24f3d4d3e3    200   523    523      239    923   13(0)     23(30)     0     0
  72  a8e9711b00a41023  7822a08c3541982c  b0c36d73b0219ab5    200   551    551      244    941   14(0)     22(37)     0     0
  73  56d189ef9934d15a  d0efe0eb60818f64  dc37127e73f3d31d    200   581    581      241    928   14(0)     21(42)     0     0
  74  c5029d9237d2084d  dadadc5dc606ea2c  caafef03a4d04f45    200   607    607      249    968   15(0)     28(78)     0     0
  75  fa08d3f67ef45343  39a980b0dabf8949  26e8588ae2b3abef    200   632    632      254    978   15(0)     24(116)     0     0
  76  582488a518fa45ab  7da6d63e8a0648cb  e7375ddccb2f8586    200   648    648      251    969   17(0)     27(89)     0     0
  77  6dadafa8e9092fcf  6c3ff3cf09b0b2ad  d3e6fc09eb595149    200   669    669      256    989   18(0)     31(85)     0     0
  78  3744e2a6863abdec  0f18fe212b4a8e98  c8bb715eaa068414    200   680    680      258    981   19(0)     29(93)     0     0
  79  a1ef9d93a50ecea1  e52189e9c92fb5fd  2fd31b475dd9ed21    200   693    693      259    987   20(0)     28(130)     0     0
  80  64e2711a13bf84aa  c013fa9918a78011  b1931548bb7e482b    200   701    701      264   1003   18(0)     29(118)     0     0
  81  7c67d921adf7ab95  383d905be921ff01  d5a879017fed8038    200   724    724      260    997   18(0)     31(132)     0     0
  82  a3fe400cec6c76e7  b27854c503f6f73a  0e8820302e3dfad9    200   730    730      263   1011   19(0)     33(141)     0     0
  83  aec05cd391690939  4e996978bc544814  bba19711cebfd4f3    200   748    748      269   1026   18(0)     29(117)     0     0
  84  10c416196157f586  676e008e6fc20508  283a74d9684cd593    200   765    765      278   1052   18(0)     24(132)     0     0
  85  8427145ae51512d5  2357e7e93e1ec89d  eaf95f1ec6f6d60f    200   777    777      285   1076   18(0)     22(132)     0     0
  86  5092973f114dbaa7  e086e242dc593e52  cf41a7f330322542    200   798    798      288   1104   18(0)     22(133)     0     0
  87  34b9881d906d6510  8ed335674d24e226  86a856d5d19f7137    200   808    808      292   1119   20(0)     25(171)     0     0
  88  8bd6767fd7c3c92b  7f1019242cc47a49  006038638a1f6fd7    200   832    832      294   1125   19(0)     23(173)     0     0
  89  855de3f8524be8a6  d090b91167805142  bcae0b1a77b76b61    200   841    841      294   1124   19(0)     21(174)     0     0
  90  b71b3a3ac3c3ef49  d6df77b66dcdcabf  ae810a3173472e60    200   861    861      292   1122   20(0)     17(179)     0     0
  91  a5e887ee3ce95b72  53f58e9d4a769f31  c4f6e530acac6e8d    200   873    873      300   1145   23(0)     18(178)     0     0
  92  73590d0bac2930e9  b714935c24bcf19c  d75a563a729b4c6c    200   886    886      308   1175   24(0)     15(182)     0     0
  93  2944db40e4fa0aea  04efaba0d75ee101  443d8183dd3674b0    199   901    899      310   1194   24(0)     14(183)     1     0
  94  d673e12e50ffe862  81c965b775782ba7  90725f1508b75f4f    199   908    906      315   1207   23(0)     12(186)     0     0
  95  ea32c34a73c044a8  9e5133586c2e7b9a  b38d4704947365c0    199   918    916      322   1233   23(0)     15(179)     0     0
  96  93c9d75e3c5280f0  32c30a21220c7a42  c5cd980116e9fcaf    199   932    930      327   1250   23(0)     11(183)     0     0
  97  c1bbbc106e358edd  4cf00d6b06326952  e8ed04a85050ea29    199   945    943      331   1259   22(0)      9(187)     0     0
  98  20ef0e59c79f42d9  742f16f8023033ec  4c823613ad6353ea    199   954    952      329   1251   20(0)     12(184)     0     0
  99  a4e266bb154836a3  11cdfb9eddccd4df  fd13c2da9fae673e    199   961    959      334   1272   20(0)     13(181)     0     0
 100  0c8c8e6a641f2e5b  1be543daca6b9518  7937968859c8f9e9    199   958    956      345   1307   21(0)     13(181)     0     0
 101  3a523f3bb0e24d45  82879137bb4f2202  ddec8ee5066c879d    199   970    968      347   1315   20(0)     11(183)     0     0
 102  88fd7c7dfaec71e6  f072ef42b4d9c5f0  facc23ec3ef52b6f    199   981    979      348   1329   22(0)     13(180)     0     0
 103  e3fa4573c5dd1a01  2cda5216eb1d6283  74b282b77a8a8c03    199   995    993      352   1339   22(0)     12(180)     0     0
 104  edad85ea44e6efa1  803e17105cb6b854  44987c806e22637e    199  1021   1019      359   1364   22(0)     10(185)     0     0
 105  f8b66643480e070d  610e0fe76d0540a9  1aedeb15e7de4020    199  1029   1027      365   1379   21(0)     11(181)     0     0
 106  c9c95908aef2aeec  c522b0bc7fc58fcb  87a802735fde79f1    199  1032   1030      366   1387   22(0)     11(182)     0     0
 107  db3aed9f9bd74c28  12f60aa3b585fa4a  635d0897ec80d228    199  1041   1039      371   1403   21(0)     12(181)     0     0
 108  8c9492c5e467c734  6a9fc07171169ea6  fdfc5dccf246c6ac    199  1062   1060      367   1394   22(0)     12(181)     0     0
 109  06df78cfd5c25919  4d09f6e09ed0ac7c  c0db25f753437aa0    199  1072   1070      370   1408   22(0)     12(184)     0     0
 110  9644e71fbf008d50  658ed023a72167b8  1358cdaa431b4b97    199  1074   1072      372   1411   21(0)     10(186)     0     0
 111  cbfbe9b373a16bdf  ad1f91c5c624223c  3b333f20cba3edc3    199  1075   1073      380   1440   21(0)     11(185)     0     0
 112  aa60dc427d49e080  0e7ccd472515e1db  085b9bb06acb08ae    199  1096   1094      388   1469   21(0)      8(192)     0     0
 113  f376ba514eeab764  bfab037726a3d458  02abf0725ec3b674    199  1110   1108      386   1457   21(0)      5(195)     0     0
 114  3baddbdb736bb103  73e90d79a3c2598d  6d19a00a6ba113fc    199  1108   1106      391   1487   21(0)      6(187)     0     0
 115  c8724df09bbdd420  7f04b3744d70aaac  ab385e1396f60507    199  1103   1101      396   1510   21(0)      8(186)     0     0
 116  2d4110a664be924b  6c079ba15778c946  6c1a352b28cf70cb    199  1103   1101      405   1544   21(0)      9(185)     0     0
 117  b5fe610623f9c645  906fbed94508036b  d20f4bb0b7388078    199  1111   1109      404   1541   21(0)      9(185)     0     0
 118  10238885b6928711  a1f341e766c5546c  e7792064d340228e    199  1118   1116      400   1537   21(0)      8(186)     0     0
 119  56856c5e4474beb0  cc270acd8aa99a96  e62692a1019d247c    199  1123   1121      406   1562   21(0)     10(185)     0     0
 120  a7906c17ba856a29  954e8502a00688fe  a4e12993d5220f9e    199  1123   1121      408   1575   21(0)     10(185)     0     0
 180  7086e036a687925a  1f13a48d7993442a  c8ae45842bd64476    198  1197   1194      461   1759   22(0)      4(194)     0     0
 240  6ae4ebd17b531856  e93b06f6cb75c1d0  90ac29872e9599d5    194  1205   1193      467   1774   22(0)      1(194)     0     0
 300  d068464a46a3b198  88471893979aab38  ca08ba51dde3b4f2      0  1205      0      466   1770    0(0)      0(0)     0     0
 360  d068464a46a3b198  88471893979aab38  ca08ba51dde3b4f2      0  1205      0      466   1770    0(0)      0(0)     0     0
 420  d068464a46a3b198  88471893979aab38  ca08ba51dde3b4f2      0  1205      0      466   1770    0(0)      0(0)     0     0
 480  d068464a46a3b198  88471893979aab38  ca08ba51dde3b4f2      0  1205      0      466   1770    0(0)      0(0)     0     0
 540  d068464a46a3b198  88471893979aab38  ca08ba51dde3b4f2      0  1205      0      466   1770    0(0)      0(0)     0     0
 600  d068464a46a3b198  88471893979aab38  ca08ba51dde3b4f2      0  1205      0      466   1770    0(0)      0(0)     0     0
 660  d068464a46a3b198  88471893979aab38  ca08ba51dde3b4f2      0  1205      0      466   1770    0(0)      0(0)     0     0
 720  d068464a46a3b198  88471893979aab38  ca08ba51dde3b4f2      0  1205      0      466   1770    0(0)      0(0)     0     0
 780  d068464a46a3b198  88471893979aab38  ca08ba51dde3b4f2      0  1205      0      466   1770    0(0)      0(0)     0     0
 840  d068464a46a3b198  88471893979aab38  ca08ba51dde3b4f2      0  1205      0      466   1770    0(0)      0(0)     0     0
 900  d068464a46a3b198  88471893979aab38  ca08ba51dde3b4f2      0  1205      0      466   1770    0(0)      0(0)     0     0
 960  d068464a46a3b198  88471893979aab38  ca08ba51dde3b4f2      0  1205      0      466   1770    0(0)      0(0)     0     0
1020  d068464a46a3b198  88471893979aab38  ca08ba51dde3b4f2      0  1205      0      466   1770    0(0)      0(0)     0     0
1080  d068464a46a3b198  88471893979aab38  ca08ba51dde3b4f2      0  1205      0      466   1770    0(0)      0(0)     0     0
1140  d068464a46a3b198  88471893979aab38  ca08ba51dde3b4f2      0  1205      0      466   1770    0(0)      0(0)     0     0
1200  d068464a46a3b198  88471893979aab38  ca08ba51dde3b4f2      0  1205      0      466   1770    0(0)      0(0)     0     0
1260  d068464a46a3b198  88471893979aab38  ca08ba51dde3b4f2      0  1205      0      466   1770    0(0)      0(0)     0     0
1320  d068464a46a3b198  88471893979aab38  ca08ba51dde3b4f2      0  1205      0      466   1770    0(0)      0(0)     0     0
1380  d068464a46a3b198  88471893979aab38  ca08ba51dde3b4f2      0  1205      0      466   1770    0(0)      0(0)     0     0
1440  d068464a46a3b198  88471893979aab38  ca08ba51dde3b4f2      0  1205      0      466   1770    0(0)      0(0)     0     0
1500  d068464a46a3b198  88471893979aab38  ca08ba51dde3b4f2      0  1205      0      466   1770    0(0)      0(0)     0     0
1560  d068464a46a3b198  88471893979aab38  ca08ba51dde3b4f2      0  1205      0      466   1770    0(0)      0(0)     0     0
1620  d068464a46a3b198  88471893979aab38  ca08ba51dde3b4f2      0  1205      0      466   1770    0(0)      0(0)     0     0
1680  d068464a46a3b198  88471893979aab38  ca08ba51dde3b4f2      0  1205      0      466   1770    0(0)      0(0)     0     0
1740  d068464a46a3b198  88471893979aab38  ca08ba51dde3b4f2      0  1205      0      466   1770    0(0)      0(0)     0     0
1800  d068464a46a3b198  88471893979aab38  ca08ba51dde3b4f2      0  1205      0      466   1770    0(0)      0(0)     0     0
1860  d068464a46a3b198  88471893979aab38  ca08ba51dde3b4f2      0  1205      0      466   1770    0(0)      0(0)     0     0
1920  d068464a46a3b198  88471893979aab38  ca08ba51dde3b4f2      0  1205      0      466   1770    0(0)      0(0)     0     0
1980  d068464a46a3b198  88471893979aab38  ca08ba51dde3b4f2      0  1205      0      466   1770    0(0)      0(0)     0     0
2040  d068464a46a3b198  88471893979aab38  ca08ba51dde3b4f2      0  1205      0      466   1770    0(0)      0(0)     0     0
2100  d068464a46a3b198  88471893979aab38  ca08ba51dde3b4f2      0  1205      0      466   1770    0(0)      0(0)     0     0
2160  d068464a46a3b198  88471893979aab38  ca08ba51dde3b4f2      0  1205      0      466   1770    0(0)      0(0)     0     0
2220  d068464a46a3b198  88471893979aab38  ca08ba51dde3b4f2      0  1205      0      466   1770    0(0)      0(0)     0     0
2280  d068464a46a3b198  88471893979aab38  ca08ba51dde3b4f2      0  1205      0      466   1770    0(0)      0(0)     0     0
2340  d068464a46a3b198  88471893979aab38  ca08ba51dde3b4f2      0  1205      0      466   1770    0(0)      0(0)     0     0
2400  d068464a46a3b198  88471893979aab38  ca08ba51dde3b4f2      0  1205      0      466   1770    0(0)      0(0)     0     0
2460  d068464a46a3b198  88471893979aab38  ca08ba51dde3b4f2      0  1205      0      466   1770    0(0)      0(0)     0     0
2520  d068464a46a3b198  88471893979aab38  ca08ba51dde3b4f2      0  1205      0      466   1770    0(0)      0(0)     0     0
2580  d068464a46a3b198  88471893979aab38  ca08ba51dde3b4f2      0  1205      0      466   1770    0(0)      0(0)     0     0
2640  d068464a46a3b198  88471893979aab38  ca08ba51dde3b4f2      0  1205      0      466   1770    0(0)      0(0)     0     0
2700  d068464a46a3b198  88471893979aab38  ca08ba51dde3b4f2      0  1205      0      466   1770    0(0)      0(0)     0     0
2760  d068464a46a3b198  88471893979aab38  ca08ba51dde3b4f2      0  1205      0      466   1770    0(0)      0(0)     0     0
2820  d068464a46a3b198  88471893979aab38  ca08ba51dde3b4f2      0  1205      0      466   1770    0(0)      0(0)     0     0
2880  d068464a46a3b198  88471893979aab38  ca08ba51dde3b4f2      0  1205      0      466   1770    0(0)      0(0)     0     0
2940  d068464a46a3b198  88471893979aab38  ca08ba51dde3b4f2      0  1205      0      466   1770    0(0)      0(0)     0     0
3000  d068464a46a3b198  88471893979aab38  ca08ba51dde3b4f2      0  1205      0      466   1770    0(0)      0(0)     0     0
3060  d068464a46a3b198  88471893979aab38  ca08ba51dde3b4f2      0  1205      0      466   1770    0(0)      0(0)     0     0
3120  d068464a46a3b198  88471893979aab38  ca08ba51dde3b4f2      0  1205      0      466   1770    0(0)      0(0)     0     0
3180  d068464a46a3b198  88471893979aab38  ca08ba51dde3b4f2      0  1205      0      466   1770    0(0)      0(0)     0     0
3240  d068464a46a3b198  88471893979aab38  ca08ba51dde3b4f2      0  1205      0      466   1770    0(0)      0(0)     0     0
3300  d068464a46a3b198  88471893979aab38  ca08ba51dde3b4f2      0  1205      0      466   1770    0(0)      0(0)     0     0
3360  d068464a46a3b198  88471893979aab38  ca08ba51dde3b4f2      0  1205      0      466   1770    0(0)      0(0)     0     0
3420  d068464a46a3b198  88471893979aab38  ca08ba51dde3b4f2      0  1205      0      466   1770    0(0)      0(0)     0     0
3480  d068464a46a3b198  88471893979aab38  ca08ba51dde3b4f2      0  1205      0      466   1770    0(0)      0(0)     0     0
3540  d068464a46a3b198  88471893979aab38  ca08ba51dde3b4f2      0  1205      0      466   1770    0(0)      0(0)     0     0
3600  d068464a46a3b198  88471893979aab38  ca08ba51dde3b4f2      0  1205      0      466   1770    0(0)      0(0)     0     0
threads 1: 0.434 ms/tick, saturations 0, floating-point sentinel clean; per-tick hashes (reference)
threads 8: 0.263 ms/tick, saturations 0, floating-point sentinel clean; per-tick hashes identical
solve: every dynamic body asleep from tick 295; deepest point -0.172919 m (tick 60, bodies 91 116), at rest (the 60 ticks before every body sleeps, or the last 60) -0.0103247 m (tick 268, bodies 27 52); at most 305 dispatches a tick
rest: after tick 3600, over every touching pair (sleeping ones too): deepest point -0.0103234 m (bodies 27 52), 466 touching pairs
toy F pile200: run hash ae3a6f4b8db50d41, final bodies d068464a46a3b198 manifolds 88471893979aab38 stages ca08ba51dde3b4f2, threads agree, saturations 0 (twin: gcc 13.3.0, aarch64, contraction off)
