toy stack10, dialect V4, 3600 ticks, threads 1 8; gravity 10, sleep off, contact recycling on
twin: gcc 13.3.0, aarch64, contraction off
layout sizes C/twin: Hull 68/68 HullFace 24/24 BodyState 60/60 BodyPose 40/40 BodyMass 80/80 Aabb 32/32 Params 184/184 Hash2 8/8 V3 12/12 Pair 24/24 Manifold 348/348 SatAxis 72/72 NarrowDiag 64/64 Constraint 460/460
scene stack10 (seed 1): 11 bodies (1 static), 2 hulls (0 irregular chunks, 0 redrawn), largest hull 8 vertices 6 faces 24 half-edges; mass 125 to 125 kg; quantisation range errors 0
  hull 0 (box 20 x 1 x 20 m): volume 400 (8abc 400), Ixx/density 13366.7 (V(b^2+c^2)/3 13366.7), Ixy -0
traj /home/consulear/lpf-m11/lab/gpu/results/spark-gb10/toy/sanity_V4.stack10-awake.traj: 3601 records of 11 bodies, every 1 ticks
tick  bodies-hash       manifolds-hash    stages-hash       awake pairs active touching points colours(ovf) islands(largest) slept woken
   1  ad71bc78094ed189  072f0890b02fc8e5  0c64902f27cb32c9     10    10     10       10     40    2(0)     10(1)     0     0
   2  ecc58baae05ed25f  e15e3e8610b33ac0  32dbfe05b6d42411     10    10     10       10     40    2(0)      1(10)     0     0
   3  1d5660a4e9c68a77  5a4c2a7655847209  32dbfe05b6d42411     10    10     10       10     40    2(0)      1(10)     0     0
   4  a95bc82ee88fe5f6  a828e721178672d0  32dbfe05b6d42411     10    10     10       10     40    2(0)      1(10)     0     0
   5  17f98455e79690f7  538791434a2fba34  32dbfe05b6d42411     10    10     10       10     40    2(0)      1(10)     0     0
   6  7a338c33ae3c1398  f55999d1402f004e  32dbfe05b6d42411     10    10     10       10     40    2(0)      1(10)     0     0
   7  1a613d665fd7b170  f086da967a735882  32dbfe05b6d42411     10    10     10       10     40    2(0)      1(10)     0     0
   8  2a733e7f085ad82e  7c7993bf33dfb28d  32dbfe05b6d42411     10    10     10       10     40    2(0)      1(10)     0     0
   9  67f2b0eff7b881df  b7be60c32c48c0ae  32dbfe05b6d42411     10    10     10       10     40    2(0)      1(10)     0     0
  10  e237dab85c009dc8  9e6f8fcef4271467  32dbfe05b6d42411     10    10     10       10     40    2(0)      1(10)     0     0
  11  4d49895cee110ac9  6b348623adeeb689  32dbfe05b6d42411     10    10     10       10     40    2(0)      1(10)     0     0
  12  4eb4ddb2e1cbffe7  c31cb1dc3a5a6f92  32dbfe05b6d42411     10    10     10       10     40    2(0)      1(10)     0     0
  13  522cf4c892eb2081  fd7dd3a0498bc2a0  32dbfe05b6d42411     10    10     10       10     40    2(0)      1(10)     0     0
  14  e5f69b0fb864a32a  035ccc9a3bae40bf  32dbfe05b6d42411     10    10     10       10     40    2(0)      1(10)     0     0
  15  cfb5b15f9a7b48aa  e71e1b316ef18907  32dbfe05b6d42411     10    10     10       10     40    2(0)      1(10)     0     0
  16  614701f85f2e90b1  88eef28f666a6c67  32dbfe05b6d42411     10    10     10       10     40    2(0)      1(10)     0     0
  17  e6cef6888c6a109c  9d0e49a15f963dc8  32dbfe05b6d42411     10    10     10       10     40    2(0)      1(10)     0     0
  18  3f062d1a07eeb81e  ef29424e595e12a3  32dbfe05b6d42411     10    10     10       10     40    2(0)      1(10)     0     0
  19  0241026ec33acc4b  8b6ae752618626bd  32dbfe05b6d42411     10    10     10       10     40    2(0)      1(10)     0     0
  20  4f9695c8280e7733  409d24c08a570ee1  32dbfe05b6d42411     10    10     10       10     40    2(0)      1(10)     0     0
  21  b25d4d44a60b7b9a  c1d23021f6c3f25d  32dbfe05b6d42411     10    10     10       10     40    2(0)      1(10)     0     0
  22  3ec2d7ac50b20f35  8018fab8411a474c  32dbfe05b6d42411     10    10     10       10     40    2(0)      1(10)     0     0
  23  a70c80d003cd6d9e  8b6703f43efc3868  32dbfe05b6d42411     10    10     10       10     40    2(0)      1(10)     0     0
  24  cfd96f642ebe3a0c  0ca6e0ff4857ab04  32dbfe05b6d42411     10    10     10       10     40    2(0)      1(10)     0     0
  25  d4f03b6e05c6d571  c58fe711637a5d2d  32dbfe05b6d42411     10    10     10       10     40    2(0)      1(10)     0     0
  26  69ae0c6c703e0dfb  f82984f70c84d37b  32dbfe05b6d42411     10    10     10       10     40    2(0)      1(10)     0     0
  27  ca33b646384484d4  ba1e850a36512d8a  32dbfe05b6d42411     10    10     10       10     40    2(0)      1(10)     0     0
  28  641671c37739d43e  1df20b10baa39676  32dbfe05b6d42411     10    10     10       10     40    2(0)      1(10)     0     0
  29  c289ef9e4f51eebf  f8c72d27d42b2f04  32dbfe05b6d42411     10    10     10       10     40    2(0)      1(10)     0     0
  30  8c08c3ce60ca4165  519de8192dae9040  32dbfe05b6d42411     10    10     10       10     40    2(0)      1(10)     0     0
  31  1e3b21e99dfad5a1  9a61c6d19e5a3be5  32dbfe05b6d42411     10    10     10       10     40    2(0)      1(10)     0     0
  32  937d62dc444d203c  8bf79419b2faa2ef  32dbfe05b6d42411     10    10     10       10     40    2(0)      1(10)     0     0
  33  58162cf0497ee448  f5a4bdd786fdea26  32dbfe05b6d42411     10    10     10       10     40    2(0)      1(10)     0     0
  34  94e5fc81f220841f  d78df2ca449e74fc  32dbfe05b6d42411     10    10     10       10     40    2(0)      1(10)     0     0
  35  f00e7190b65c3eb2  a9589c2038301664  32dbfe05b6d42411     10    10     10       10     40    2(0)      1(10)     0     0
  36  255e314f6bec331f  f71f20a412c00d16  32dbfe05b6d42411     10    10     10       10     40    2(0)      1(10)     0     0
  37  df91630870b1da07  f6621a410afc40ac  32dbfe05b6d42411     10    10     10       10     40    2(0)      1(10)     0     0
  38  da20edf2226d0454  8c5407f832d7e17d  32dbfe05b6d42411     10    10     10       10     40    2(0)      1(10)     0     0
  39  2f0266d6783a3712  0a2c17f9d3b68983  32dbfe05b6d42411     10    10     10       10     40    2(0)      1(10)     0     0
  40  158d5bbf5e911456  bccf1a8f19e38474  32dbfe05b6d42411     10    10     10       10     40    2(0)      1(10)     0     0
  41  35ea52eadc38708d  692dc957a8afaef4  32dbfe05b6d42411     10    10     10       10     40    2(0)      1(10)     0     0
  42  179989eda958f8fa  27330b41015688f0  32dbfe05b6d42411     10    10     10       10     40    2(0)      1(10)     0     0
  43  785d82ba7b15c43b  43c2fc5a533c2734  32dbfe05b6d42411     10    10     10       10     40    2(0)      1(10)     0     0
  44  3f7d4fb6af0379a3  41ba876ece4c66ff  32dbfe05b6d42411     10    10     10       10     40    2(0)      1(10)     0     0
  45  e5e7e1d2bf122be1  40b49793466669ab  32dbfe05b6d42411     10    10     10       10     40    2(0)      1(10)     0     0
  46  5dcc245e11a38b33  2205ba0097433e6e  32dbfe05b6d42411     10    10     10       10     40    2(0)      1(10)     0     0
  47  f2b4985f139362f9  92731ce1bfd4807b  32dbfe05b6d42411     10    10     10       10     40    2(0)      1(10)     0     0
  48  fed440b3dcb75769  aa8a947fa6469265  32dbfe05b6d42411     10    10     10       10     40    2(0)      1(10)     0     0
  49  6535c16d00095db7  d460c6e08aefdf10  32dbfe05b6d42411     10    10     10       10     40    2(0)      1(10)     0     0
  50  e6adb63927117a50  6acf1c4eae9816f6  32dbfe05b6d42411     10    10     10       10     40    2(0)      1(10)     0     0
  51  af5f2a53a78af077  1a14a1120d13aad2  32dbfe05b6d42411     10    10     10       10     40    2(0)      1(10)     0     0
  52  42c92480335c2a9e  17e85d36bccc3763  32dbfe05b6d42411     10    10     10       10     40    2(0)      1(10)     0     0
  53  c2b5ff9c4d605fbc  981cbc2d597837a5  32dbfe05b6d42411     10    10     10       10     40    2(0)      1(10)     0     0
  54  65ac328c8059ca77  9e77bc6130b7f9b7  32dbfe05b6d42411     10    10     10       10     40    2(0)      1(10)     0     0
  55  5a5f8939ac3ef13c  22dc940791f7b0db  32dbfe05b6d42411     10    10     10       10     40    2(0)      1(10)     0     0
  56  96f6bcd82d48a54d  55ae21b08d2c4c2a  32dbfe05b6d42411     10    10     10       10     40    2(0)      1(10)     0     0
  57  94ed2876a57668ab  4f9e417c732a151c  32dbfe05b6d42411     10    10     10       10     40    2(0)      1(10)     0     0
  58  f3c7937b0146a351  632dbf7cecfbd727  32dbfe05b6d42411     10    10     10       10     40    2(0)      1(10)     0     0
  59  c0901408f9766d59  62f06c222e9d7843  32dbfe05b6d42411     10    10     10       10     40    2(0)      1(10)     0     0
  60  e7fd77f2c68b5230  df04101b3e70ef16  32dbfe05b6d42411     10    10     10       10     40    2(0)      1(10)     0     0
  61  e1e4428929dc5e04  bff0a42eddb4a06d  32dbfe05b6d42411     10    10     10       10     40    2(0)      1(10)     0     0
  62  630a8f70eb0eb691  21adc05e4e62161d  32dbfe05b6d42411     10    10     10       10     40    2(0)      1(10)     0     0
  63  cf2cf26054f853b0  6a41827e505481a3  32dbfe05b6d42411     10    10     10       10     40    2(0)      1(10)     0     0
  64  d7427c8a8b44c6a2  ebe05c58f9517e50  32dbfe05b6d42411     10    10     10       10     40    2(0)      1(10)     0     0
  65  3d75e619620e8d2d  f30a05b8cf801f63  32dbfe05b6d42411     10    10     10       10     40    2(0)      1(10)     0     0
  66  c354b0d56856a8c5  5d096bed4ef82c75  32dbfe05b6d42411     10    10     10       10     40    2(0)      1(10)     0     0
  67  fc2f640915b5a64b  0f9455806ad4910a  32dbfe05b6d42411     10    10     10       10     40    2(0)      1(10)     0     0
  68  aed9111be1b083ff  29838d3c5473b536  32dbfe05b6d42411     10    10     10       10     40    2(0)      1(10)     0     0
  69  5eaf14811b643c1b  555f622a8b6aff67  32dbfe05b6d42411     10    10     10       10     40    2(0)      1(10)     0     0
  70  d67108b7c0ee1ef3  12f39cb6e805b282  32dbfe05b6d42411     10    10     10       10     40    2(0)      1(10)     0     0
  71  870f3665edcc96cd  09fada2efa5b95f3  32dbfe05b6d42411     10    10     10       10     40    2(0)      1(10)     0     0
  72  ae9c6d4227ff7cd5  210feebcd52de53a  32dbfe05b6d42411     10    10     10       10     40    2(0)      1(10)     0     0
  73  b85e265bcba96267  72293380f351c7c4  32dbfe05b6d42411     10    10     10       10     40    2(0)      1(10)     0     0
  74  a8cf9cf470e72416  b9d1233c9f2f96e7  32dbfe05b6d42411     10    10     10       10     40    2(0)      1(10)     0     0
  75  bbd96e1bb3ccc429  a36d7b9b27e5dff1  32dbfe05b6d42411     10    10     10       10     40    2(0)      1(10)     0     0
  76  6d4626a227fa30f9  1f12f5b09ed70880  32dbfe05b6d42411     10    10     10       10     40    2(0)      1(10)     0     0
  77  d1b3802c7b2e61bc  05e5b6cbbe69e413  32dbfe05b6d42411     10    10     10       10     40    2(0)      1(10)     0     0
  78  528b90082f2704f9  ad8d1159a0336883  32dbfe05b6d42411     10    10     10       10     40    2(0)      1(10)     0     0
  79  1ad1f025c0e7f105  88dd56d26f8d09ee  32dbfe05b6d42411     10    10     10       10     40    2(0)      1(10)     0     0
  80  6f1041e9609c85f6  4eb34a6f47bf291f  32dbfe05b6d42411     10    10     10       10     40    2(0)      1(10)     0     0
  81  eeae812652f66946  4b71a4ef029758b7  32dbfe05b6d42411     10    10     10       10     40    2(0)      1(10)     0     0
  82  41481628786d71b1  213dd690d907b346  32dbfe05b6d42411     10    10     10       10     40    2(0)      1(10)     0     0
  83  5cce25519896a732  d5004beafd964c42  32dbfe05b6d42411     10    10     10       10     40    2(0)      1(10)     0     0
  84  77af0c26ce86aa62  8109920fbea3b755  32dbfe05b6d42411     10    10     10       10     40    2(0)      1(10)     0     0
  85  0cdba6e7a6406ab3  88d76d8a78d2dcbf  32dbfe05b6d42411     10    10     10       10     40    2(0)      1(10)     0     0
  86  6155670df1c45d88  8369436c7416974a  32dbfe05b6d42411     10    10     10       10     40    2(0)      1(10)     0     0
  87  2b3d4a3d3303c772  b8220132ba26068f  32dbfe05b6d42411     10    10     10       10     40    2(0)      1(10)     0     0
  88  5759aa8035af0db1  654dddeca410c2ee  32dbfe05b6d42411     10    10     10       10     40    2(0)      1(10)     0     0
  89  8550ee4ec70ca690  95440c62f54ef2d5  32dbfe05b6d42411     10    10     10       10     40    2(0)      1(10)     0     0
  90  d221b7a10b574fbd  9f358a8fe12d4fca  32dbfe05b6d42411     10    10     10       10     40    2(0)      1(10)     0     0
  91  23ad947b4aa34a4d  820f33cbfece7d2e  32dbfe05b6d42411     10    10     10       10     40    2(0)      1(10)     0     0
  92  cdc200e49f8f69b8  0516dbed862ebc5d  32dbfe05b6d42411     10    10     10       10     40    2(0)      1(10)     0     0
  93  8c0be1b9dc264f8f  d12c9888da1a10dd  32dbfe05b6d42411     10    10     10       10     40    2(0)      1(10)     0     0
  94  adf4f4e14e50aa24  c5f2001005398555  32dbfe05b6d42411     10    10     10       10     40    2(0)      1(10)     0     0
  95  b0d039b2ca4ec362  cc8fcc964d6ba9ab  32dbfe05b6d42411     10    10     10       10     40    2(0)      1(10)     0     0
  96  b16794a4d6565b9a  b4159dcd19842d1e  32dbfe05b6d42411     10    10     10       10     40    2(0)      1(10)     0     0
  97  d9108d6f59c0e686  e2be19adcb2278b0  32dbfe05b6d42411     10    10     10       10     40    2(0)      1(10)     0     0
  98  f7240e0187701098  119a2d79c1cab860  32dbfe05b6d42411     10    10     10       10     40    2(0)      1(10)     0     0
  99  b83f2849c454b669  7405df3a0780c1f1  32dbfe05b6d42411     10    10     10       10     40    2(0)      1(10)     0     0
 100  422d2b78f2617f14  a46045518ccadc62  32dbfe05b6d42411     10    10     10       10     40    2(0)      1(10)     0     0
 101  3b61b2fd7ec1876d  d11b1a141f2ced6a  32dbfe05b6d42411     10    10     10       10     40    2(0)      1(10)     0     0
 102  d024dedb8a37005d  7bf6b96e175d36cb  32dbfe05b6d42411     10    10     10       10     40    2(0)      1(10)     0     0
 103  bf0d6ad58484d7a1  e86c35f1bc8433e9  32dbfe05b6d42411     10    10     10       10     40    2(0)      1(10)     0     0
 104  46a6aaa24989944f  5da8ad210e23cd65  32dbfe05b6d42411     10    10     10       10     40    2(0)      1(10)     0     0
 105  d9407b0a5bfd324e  cc19318eacf234e0  32dbfe05b6d42411     10    10     10       10     40    2(0)      1(10)     0     0
 106  4d50576d62d45802  2c8f4e927b14d7e3  32dbfe05b6d42411     10    10     10       10     40    2(0)      1(10)     0     0
 107  6f3fd7f5e45bdd74  6f68caae67a7fabd  32dbfe05b6d42411     10    10     10       10     40    2(0)      1(10)     0     0
 108  09ada8b456e5ae9d  171969359ddcacba  32dbfe05b6d42411     10    10     10       10     40    2(0)      1(10)     0     0
 109  a6cb24853df6cced  382c8b2c7020bd57  32dbfe05b6d42411     10    10     10       10     40    2(0)      1(10)     0     0
 110  830deca4140f3be3  d43b99d8dda69632  32dbfe05b6d42411     10    10     10       10     40    2(0)      1(10)     0     0
 111  e40c57e80b0fdfc4  38977c07881a20df  32dbfe05b6d42411     10    10     10       10     40    2(0)      1(10)     0     0
 112  bf47dd73cea52d5c  c8fd136494284a58  32dbfe05b6d42411     10    10     10       10     40    2(0)      1(10)     0     0
 113  60b1cdb7a137de04  b4ba64a0d5689edf  32dbfe05b6d42411     10    10     10       10     40    2(0)      1(10)     0     0
 114  f4d5ec7237bbb662  cb4af5f26a1d8fb7  32dbfe05b6d42411     10    10     10       10     40    2(0)      1(10)     0     0
 115  34b7dbd206aec8ec  8d4161f22cf9a377  32dbfe05b6d42411     10    10     10       10     40    2(0)      1(10)     0     0
 116  003cc836256ee3c1  0ae034133cf88adb  32dbfe05b6d42411     10    10     10       10     40    2(0)      1(10)     0     0
 117  563bbf6d3698c157  f45b2a364ccc9e40  32dbfe05b6d42411     10    10     10       10     40    2(0)      1(10)     0     0
 118  5a0b133c45526613  dc2113c4a5ae6659  32dbfe05b6d42411     10    10     10       10     40    2(0)      1(10)     0     0
 119  5ae13e0c8fdd8086  69a207f73d8830f2  32dbfe05b6d42411     10    10     10       10     40    2(0)      1(10)     0     0
 120  9b0150a89d57f0b4  df0991eb40dd76c8  32dbfe05b6d42411     10    10     10       10     40    2(0)      1(10)     0     0
 180  02b9299e68703f05  fb277e92a0611f58  32dbfe05b6d42411     10    10     10       10     40    2(0)      1(10)     0     0
 240  ca69abbae77c9046  0e29ead0ef3fe0d4  32dbfe05b6d42411     10    10     10       10     40    2(0)      1(10)     0     0
 300  5d79a0d84576f550  fc28c11828fec416  32dbfe05b6d42411     10    10     10       10     40    2(0)      1(10)     0     0
 360  c7ebf05d8a98297d  ef07903306a35276  32dbfe05b6d42411     10    10     10       10     40    2(0)      1(10)     0     0
 420  9dffbc8706332cdd  2a756ace6c0b13a7  32dbfe05b6d42411     10    10     10       10     40    2(0)      1(10)     0     0
 480  c4780b3f9f95f35a  b545aa8c6f7066fb  32dbfe05b6d42411     10    10     10       10     40    2(0)      1(10)     0     0
 540  c8c5348c43cef14b  6ea32be4b7f17d29  32dbfe05b6d42411     10    10     10       10     40    2(0)      1(10)     0     0
 600  2e575d5ac13aeae2  8167bcfa0794b5cb  32dbfe05b6d42411     10    10     10       10     40    2(0)      1(10)     0     0
 660  3b9a41cb823e9153  e3b8386a3acc1711  32dbfe05b6d42411     10    10     10       10     40    2(0)      1(10)     0     0
 720  80f43a6b4ff85a37  c8071c3fa1cfb8c9  32dbfe05b6d42411     10    10     10       10     40    2(0)      1(10)     0     0
 780  db7d18154b988871  43db6de55ef7bbde  32dbfe05b6d42411     10    10     10       10     40    2(0)      1(10)     0     0
 840  91aae7c030bfd511  47e787f34eeb86ee  32dbfe05b6d42411     10    10     10       10     40    2(0)      1(10)     0     0
 900  c45836d5c8aac77d  159aedb80584fb11  32dbfe05b6d42411     10    10     10       10     40    2(0)      1(10)     0     0
 960  4413449a5c9b43d0  dfa6a920e58cfd9c  32dbfe05b6d42411     10    10     10       10     40    2(0)      1(10)     0     0
1020  0cd224a93a3d75cd  96b4586fcc1fb622  32dbfe05b6d42411     10    10     10       10     40    2(0)      1(10)     0     0
1080  98ab0613a33bd475  a0cfa3bcd9854b3b  32dbfe05b6d42411     10    10     10       10     40    2(0)      1(10)     0     0
1140  039d3c1376a0e95f  360d22849b954f1f  32dbfe05b6d42411     10    10     10       10     40    2(0)      1(10)     0     0
1200  dfe3fc6fd5ae03ab  94c9937a21bb76a4  32dbfe05b6d42411     10    10     10       10     40    2(0)      1(10)     0     0
1260  170e6db0f3730a21  d8f7ee7e745634ee  32dbfe05b6d42411     10    10     10       10     40    2(0)      1(10)     0     0
1320  1d7ee6c0119611fb  2735caf1a376232e  32dbfe05b6d42411     10    10     10       10     40    2(0)      1(10)     0     0
1380  f38742e1be393460  d6cde2dd9964d811  32dbfe05b6d42411     10    10     10       10     40    2(0)      1(10)     0     0
1440  0df428b19ca3e055  ef1d0ee18588bb2c  32dbfe05b6d42411     10    10     10       10     40    2(0)      1(10)     0     0
1500  d31e490ef1ac9f65  685b5857951e85a8  32dbfe05b6d42411     10    10     10       10     40    2(0)      1(10)     0     0
1560  201907a8ad722170  3cec1f735edb5039  32dbfe05b6d42411     10    10     10       10     40    2(0)      1(10)     0     0
1620  225041b74c3d9bb2  9f0b3c1a788b8b99  32dbfe05b6d42411     10    10     10       10     40    2(0)      1(10)     0     0
1680  20504d016d0f9d6c  814d5c524be80859  32dbfe05b6d42411     10    10     10       10     40    2(0)      1(10)     0     0
1740  7146988c38537018  b127c049c4ad2386  32dbfe05b6d42411     10    10     10       10     40    2(0)      1(10)     0     0
1800  bbf86a38cedeae2d  acadea1072615122  32dbfe05b6d42411     10    10     10       10     40    2(0)      1(10)     0     0
1860  a42aaa208e5bb971  299aa814fa89f756  32dbfe05b6d42411     10    10     10       10     40    2(0)      1(10)     0     0
1920  86782a62e111e7a9  6fc811eb17a10bf4  32dbfe05b6d42411     10    10     10       10     40    2(0)      1(10)     0     0
1980  c148520bbad2368e  e65e500999fa2745  32dbfe05b6d42411     10    10     10       10     40    2(0)      1(10)     0     0
2040  2a9034d20b28f144  f7c4b1d609cb3a4a  32dbfe05b6d42411     10    10     10       10     40    2(0)      1(10)     0     0
2100  9a7deeb89c509ed5  3d05d05bb6d83a8c  32dbfe05b6d42411     10    10     10       10     40    2(0)      1(10)     0     0
2160  24fa9cf3793ef975  7b4f5738d149ece6  32dbfe05b6d42411     10    10     10       10     40    2(0)      1(10)     0     0
2220  0d6830edef94b53e  eeb287618c5f5943  32dbfe05b6d42411     10    10     10       10     40    2(0)      1(10)     0     0
2280  c4ba341fea2c641f  70d3a81b66a3acb6  32dbfe05b6d42411     10    10     10       10     40    2(0)      1(10)     0     0
2340  c58f1439f36486c9  ed7acbfb1c347a85  32dbfe05b6d42411     10    10     10       10     40    2(0)      1(10)     0     0
2400  765980e6bfb1d23d  6032161601ffbb69  32dbfe05b6d42411     10    10     10       10     40    2(0)      1(10)     0     0
2460  f6bfaa0f902507ed  cb3219cab9f58d8b  32dbfe05b6d42411     10    10     10       10     40    2(0)      1(10)     0     0
2520  d6375282a2e1b0fa  3c4b0947c7959e05  32dbfe05b6d42411     10    10     10       10     40    2(0)      1(10)     0     0
2580  e83577114588d97d  5c1def04ac38fb72  32dbfe05b6d42411     10    10     10       10     40    2(0)      1(10)     0     0
2640  21c00375f67a4193  d058c86ba066bb39  32dbfe05b6d42411     10    10     10       10     40    2(0)      1(10)     0     0
2700  31ff1bf4a30db72d  777bef21e9d86f0a  32dbfe05b6d42411     10    10     10       10     40    2(0)      1(10)     0     0
2760  c7e5e38cb3ec0ac6  6a0c9a91039b1dd8  32dbfe05b6d42411     10    10     10       10     40    2(0)      1(10)     0     0
2820  9a81def60dfdcb42  ae0e797b6cb5601a  32dbfe05b6d42411     10    10     10       10     40    2(0)      1(10)     0     0
2880  96cd170e6a9d30fb  55fabc4f9cf3ca1e  32dbfe05b6d42411     10    10     10       10     40    2(0)      1(10)     0     0
2940  1a1c56255a74131d  ecee7e7cd1a7e778  32dbfe05b6d42411     10    10     10       10     40    2(0)      1(10)     0     0
3000  7f7b6fe54f96160a  d741e2a934d7f934  32dbfe05b6d42411     10    10     10       10     40    2(0)      1(10)     0     0
3060  4b67e204cff8c070  a1462f94b9f73ea1  32dbfe05b6d42411     10    10     10       10     40    2(0)      1(10)     0     0
3120  ccc19580ee49ecee  1304b707b57cf5a4  32dbfe05b6d42411     10    10     10       10     40    2(0)      1(10)     0     0
3180  3f0c533f14b5dce2  d819e29b804df9e5  32dbfe05b6d42411     10    10     10       10     40    2(0)      1(10)     0     0
3240  56e6f1be2d6ef30d  3b101dee0d5ff762  32dbfe05b6d42411     10    10     10       10     40    2(0)      1(10)     0     0
3300  390a06d97b68839b  c30ba84d172015bb  32dbfe05b6d42411     10    10     10       10     40    2(0)      1(10)     0     0
3360  5460f94b2dfff8d4  e6d57c89e86106dc  32dbfe05b6d42411     10    10     10       10     40    2(0)      1(10)     0     0
3420  fab06430ce25f33e  2cd33a591ecc0789  32dbfe05b6d42411     10    10     10       10     40    2(0)      1(10)     0     0
3480  63feac8b54204b5e  c30272970244f937  32dbfe05b6d42411     10    10     10       10     40    2(0)      1(10)     0     0
3540  e63b529c588a60d4  cdc09b2fd2c0a0e8  32dbfe05b6d42411     10    10     10       10     40    2(0)      1(10)     0     0
3600  2e60f40f3c9b666f  35a60953662988fa  32dbfe05b6d42411     10    10     10       10     40    2(0)      1(10)     0     0
threads 1: 0.122 ms/tick, saturations 0, floating-point sentinel clean; per-tick hashes (reference)
threads 8: 0.159 ms/tick, saturations 0, floating-point sentinel clean; per-tick hashes identical
solve: 10 bodies awake at the end; deepest point -0.00514436 m (tick 100, bodies 1 2), at rest (the 60 ticks before every body sleeps, or the last 60) -0.00506687 m (tick 3584, bodies 1 2); at most 40 dispatches a tick
rest: after tick 3600, over every touching pair (sleeping ones too): deepest point -0.00506687 m (bodies 1 2), 10 touching pairs
toy V4 stack10: run hash 5698fbad898c60ec, final bodies 2e60f40f3c9b666f manifolds 35a60953662988fa stages 32dbfe05b6d42411, threads agree, saturations 0 (twin: gcc 13.3.0, aarch64, contraction off)
