toy pile200, dialect F, 3600 ticks, threads 1 8; gravity 10, sleep on, contact recycling on
twin: gcc 13.3.0, aarch64, contraction off
layout sizes C/twin: Hull 68/68 HullFace 24/24 BodyState 60/60 BodyPose 28/28 BodyMass 80/80 Aabb 32/32 Params 184/184 Hash2 8/8 V3 12/12 Pair 24/24 Manifold 348/348 SatAxis 72/72 NarrowDiag 64/64 Constraint 460/460
scene pile200 (seed 8): 205 bodies (5 static), 203 hulls (40 irregular chunks, 24 redrawn), largest hull 12 vertices 8 faces 36 half-edges; mass 5.586 to 52.85 kg; quantisation range errors 0
  hull 0 (box 12 x 1 x 12 m): volume 144 (8abc 144), Ixx/density 1740 (V(b^2+c^2)/3 1740), Ixy -0
traj /home/consulear/lpf-m11/lab/gpu/results/spark-gb10/toy/sanity_F.pile200-s8.traj: 3601 records of 205 bodies, every 1 ticks
tick  bodies-hash       manifolds-hash    stages-hash       awake pairs active touching points colours(ovf) islands(largest) slept woken
   1  f08b8d7880b4614f  0000000000000000  946e2557b1056391    200     0      0        0      0    0(0)    200(1)     0     0
   2  990acacb9c87ae3b  0000000000000000  946e2557b1056391    200     0      0        0      0    0(0)    200(1)     0     0
   3  281fff59e5241c64  0000000000000000  946e2557b1056391    200     0      0        0      0    0(0)    200(1)     0     0
   4  0631760e57f1e1d4  0000000000000000  946e2557b1056391    200     0      0        0      0    0(0)    200(1)     0     0
   5  b6812ccc9bc52549  0000000000000000  946e2557b1056391    200     0      0        0      0    0(0)    200(1)     0     0
   6  eb3584cf36e13660  0000000000000000  946e2557b1056391    200     0      0        0      0    0(0)    200(1)     0     0
   7  e90c0009a2acacb8  0000000000000000  946e2557b1056391    200     0      0        0      0    0(0)    200(1)     0     0
   8  92dc98d23152f20d  0000000000000000  946e2557b1056391    200     0      0        0      0    0(0)    200(1)     0     0
   9  84fa6c0a0b8fcd50  0000000000000000  946e2557b1056391    200     0      0        0      0    0(0)    200(1)     0     0
  10  2ad707526ae9462c  0000000000000000  946e2557b1056391    200     0      0        0      0    0(0)    200(1)     0     0
  11  8d192bcb137f87cc  0000000000000000  946e2557b1056391    200     0      0        0      0    0(0)    200(1)     0     0
  12  87c07ac912dad389  0000000000000000  946e2557b1056391    200     0      0        0      0    0(0)    200(1)     0     0
  13  902f6bb900761b14  0000000000000000  946e2557b1056391    200     0      0        0      0    0(0)    200(1)     0     0
  14  f43d0df326b59893  0000000000000000  946e2557b1056391    200     0      0        0      0    0(0)    200(1)     0     0
  15  0a19bfd9c8dd8ea9  0000000000000000  946e2557b1056391    200     0      0        0      0    0(0)    200(1)     0     0
  16  3e431aa3d6c7168f  0000000000000000  946e2557b1056391    200     0      0        0      0    0(0)    200(1)     0     0
  17  f36ebce08df43a57  0000000000000000  946e2557b1056391    200     0      0        0      0    0(0)    200(1)     0     0
  18  c3f8883b67b1b5c8  0000000000000000  946e2557b1056391    200     0      0        0      0    0(0)    200(1)     0     0
  19  087ff5ba16fedfe7  0000000000000000  946e2557b1056391    200     0      0        0      0    0(0)    200(1)     0     0
  20  c56e1483906bb926  0000000000000000  946e2557b1056391    200     0      0        0      0    0(0)    200(1)     0     0
  21  4eac0053b779da33  0000000000000000  946e2557b1056391    200     0      0        0      0    0(0)    200(1)     0     0
  22  a5794134821657e0  0000000000000000  946e2557b1056391    200     0      0        0      0    0(0)    200(1)     0     0
  23  b3657040aa9b2d14  0000000000000000  946e2557b1056391    200     0      0        0      0    0(0)    200(1)     0     0
  24  53361f2992ac6e4b  0000000000000000  946e2557b1056391    200     0      0        0      0    0(0)    200(1)     0     0
  25  4d9e068fcaa6d77a  0000000000000000  946e2557b1056391    200     0      0        0      0    0(0)    200(1)     0     0
  26  06b836c8d52e9931  0000000000000000  946e2557b1056391    200     0      0        0      0    0(0)    200(1)     0     0
  27  def236fd370b12d7  0000000000000000  946e2557b1056391    200     0      0        0      0    0(0)    200(1)     0     0
  28  7a7b39b9a8af2979  0000000000000000  946e2557b1056391    200     0      0        0      0    0(0)    200(1)     0     0
  29  9ecf7b9ab770de8f  0000000000000000  946e2557b1056391    200     0      0        0      0    0(0)    200(1)     0     0
  30  f131436cf780b2b3  0000000000000000  946e2557b1056391    200     0      0        0      0    0(0)    200(1)     0     0
  31  a551f4e0498c5de2  0000000000000000  946e2557b1056391    200     0      0        0      0    0(0)    200(1)     0     0
  32  9b75f6dbd1878f35  0000000000000000  946e2557b1056391    200     0      0        0      0    0(0)    200(1)     0     0
  33  b0ce03e73f9a1f71  0000000000000000  946e2557b1056391    200     0      0        0      0    0(0)    200(1)     0     0
  34  e851b9532c8c3c51  0000000000000000  946e2557b1056391    200     0      0        0      0    0(0)    200(1)     0     0
  35  008d8c2284708a02  0000000000000000  946e2557b1056391    200     0      0        0      0    0(0)    200(1)     0     0
  36  3a6f9e84ba85245f  0000000000000000  946e2557b1056391    200     0      0        0      0    0(0)    200(1)     0     0
  37  273b2d26af502d30  0000000000000000  946e2557b1056391    200     0      0        0      0    0(0)    200(1)     0     0
  38  a9de4761fa3949ce  0000000000000000  946e2557b1056391    200     0      0        0      0    0(0)    200(1)     0     0
  39  9335c56363cfb15f  0000000000000000  946e2557b1056391    200     0      0        0      0    0(0)    200(1)     0     0
  40  e1cd7d37cadb9214  0000000000000000  946e2557b1056391    200     0      0        0      0    0(0)    200(1)     0     0
  41  5787c9b657254212  0000000000000000  946e2557b1056391    200     0      0        0      0    0(0)    200(1)     0     0
  42  381165f4c97837ff  0000000000000000  946e2557b1056391    200     0      0        0      0    0(0)    200(1)     0     0
  43  cb09d80d73096fb8  0000000000000000  946e2557b1056391    200     0      0        0      0    0(0)    200(1)     0     0
  44  5c42353fc03d6bff  0000000000000000  946e2557b1056391    200     0      0        0      0    0(0)    200(1)     0     0
  45  2686b85b8f99562a  297b0b6a80724ed4  0a2b05bef10439f5    200    19     19        1      4    1(0)    200(1)     0     0
  46  9eaf0bc55fa39483  a891247db3aed30a  2ab28ec4df8a62b4    200    26     26       25    100    2(0)    200(1)     0     0
  47  18c06b9896721074  0117500167f34572  c5d21a7ea60c5519    200    35     35       26    104    2(0)    200(1)     0     0
  48  65d8bad9d36b62d4  e1a8e0c37fe476c3  56c30b416e997f76    200    45     45       32    124    2(0)    199(2)     0     0
  49  0cb619c4e6d14ef3  85bdf3dd07e9af8a  d9c4ad4e5841fabe    200    55     55       47    182    3(0)    193(2)     0     0
  50  382fda17c2d40a01  453dc858a9acf260  0df2111f3b526213    200    66     66       53    209    6(0)    178(2)     0     0
  51  9012b35e32bf43b6  dc2cf3f077ba0079  b21c71f7c39a2795    200    81     81       60    239    6(0)    172(3)     0     0
  52  f9270054e2759fc4  143b88a92865e7a7  fefab9b43f37edf4    200    95     95       66    263    7(0)    162(6)     0     0
  53  e640c2e4c9b782bb  ff5b0035f2333645  1f3e14adeb7d1b8c    200   108    108       76    301    8(0)    155(6)     0     0
  54  d83c7ff305e997b6  2d2ca4ec42d7b636  dbac17a94bd0cf32    200   123    123       91    361    9(0)    149(6)     0     0
  55  a16ebcef1fa394d9  cf1a29c86b6c275f  78ac32fb2b53e948    200   138    138       97    386    9(0)    134(8)     0     0
  56  dc2c4d42e85fb683  e34afaa6dd82429e  53381cb3e77af127    200   157    157      105    406    9(0)    132(8)     0     0
  57  4117f33c88027f07  63d5479fe17d8834  093c479c6c0f36e6    200   181    181      115    446    9(0)    123(8)     0     0
  58  43baea5667e3de4b  274d943ca43918b3  a1d228dd4a1b40fc    200   204    204      127    501   10(0)    114(8)     0     0
  59  16fd30093fdd6b0e  3943a3290d271d1f  60aa1cb357fee451    200   226    226      138    545   10(0)    105(10)     0     0
  60  9ec44038c5266862  c256e3904865ef38  0d3fda0108f4b73b    200   254    254      149    586   13(0)     95(11)     0     0
  61  99a0cd14cb01de56  eaf29a2d32543924  7b3c1a49f1161ef6    200   287    287      163    629   14(0)     85(22)     0     0
  62  e0469ef42410100b  559c3a20c7fd39c5  488a14100990b1c5    200   320    320      168    645   14(0)     74(39)     0     0
  63  d2339b51de4b92f2  f2b62a58ec4760a9  5784cd8a64dd621a    200   365    365      173    672   14(0)     72(38)     0     0
  64  c26a2520809678b2  4f389712b7453e0d  2eb77d9e3fa8aa3e    200   417    417      186    720   15(0)     66(39)     0     0
  65  41cecf21c4a54700  418e28fe520c14bf  e1da4becdbf5e336    200   486    486      199    774   17(0)     53(31)     0     0
  66  9e21251092257c99  07d2e3948b7409f5  e8ca767a8745c5ca    200   531    531      208    811   18(0)     44(37)     0     0
  67  6ff764b546eeb8f6  309e786ffe1bfe5e  40e2a0808263d930    200   578    578      226    879   18(0)     39(51)     0     0
  68  1200001df20f9977  9fe2ed41f331f34e  b159bca5a60d5d93    200   597    597      236    913   18(0)     28(57)     0     0
  69  420fee0cf10b8387  03e7107f5b36e8ca  efce2bba2e6bd4c5    200   632    632      241    938   19(0)     24(74)     0     0
  70  46019881c7d54c5d  a43ddf46fa935383  a3ca3d44d09c0016    200   654    654      252    978   17(0)     22(136)     0     0
  71  1495d5de722b634b  cec55772a905fa90  2c2b9fb83596cfde    200   685    685      260   1000   18(0)     22(104)     0     0
  72  54f25a26f2b184a7  0405cbbde3765ac2  f95fb40720da4413    200   710    710      261   1007   18(0)     17(153)     0     0
  73  37078562dd53a204  cd7d24e89f1764b6  5abe83f912f54123    200   742    742      270   1042   18(0)     15(157)     0     0
  74  362cb54aaa823fe6  5498bbd4cd4dfc80  34b54297e0b3d0e5    200   754    754      278   1057   19(0)     15(174)     0     0
  75  5c86e2939ec392fe  f21bf2b83a16d140  7b543c41b4dc9e6d    200   774    774      281   1073   20(0)     19(171)     0     0
  76  8a19b17030b5fa8b  e143f88af83744b5  745affb0c8e0f6f0    200   771    771      278   1046   19(0)     21(158)     0     0
  77  5e48329214ab88a7  b60a41d36e98c6c0  a90d78360c9568a9    200   774    774      285   1082   18(0)     22(95)     0     0
  78  81b3f9a2952692a1  7014cf088e41e9cd  b7f07fec68276757    200   785    785      293   1102   18(0)     23(157)     0     0
  79  edb20833a597abc2  a5cc6fa8e4697881  ce84948c4b71fea9    200   794    794      283   1075   18(0)     24(157)     0     0
  80  d545961f5230871f  da88933969dfe7ee  9aaa047a5f96fbbe    200   796    796      291   1094   18(0)     31(138)     0     0
  81  1b62350c1fd195f7  f14fa57ebbb5ee49  b65a1f83386c8378    200   809    809      295   1112   20(0)     28(158)     0     0
  82  ddeb56e60140eeec  a9cfb8de223a7ea2  d410f14910d35dce    200   817    817      302   1148   20(0)     26(171)     0     0
  83  86f0a2bfcded672f  c4dd78e22283ba18  48cb07c2ccae9ec4    200   824    824      298   1129   20(0)     24(170)     0     0
  84  3de70954eaf5d821  3a257bfc5debeec2  811693150aafb33f    200   835    835      304   1151   20(0)     24(170)     0     0
  85  40f92981c7785a5a  8672e52d5d617508  e575ecb3e2e51c2a    200   837    837      302   1148   19(0)     24(162)     0     0
  86  86e624df162a985f  3a74413d51b0cbea  73e45d85ab1a1009    200   834    834      302   1152   19(0)     24(171)     0     0
  87  ee20c4302e4c4430  80e14f75531eab66  f1815b506599502e    200   829    829      306   1167   19(0)     24(169)     0     0
  88  faccc297ff7c0eab  d89570591cf0b804  d76efcd6c8c72040    200   841    841      312   1190   19(0)     21(94)     0     0
  89  bd0a4aa55f5fdad7  0ea77a05ea7a7476  0a1633484f794de5    200   857    857      320   1222   19(0)     21(180)     0     0
  90  dc82d1e5a290a9fc  ca7f7257b13ab118  1cb32e144bc57011    200   874    874      317   1211   19(0)     18(183)     0     0
  91  dba9ae40a9905359  71decc8ec5172313  b23a9982273faf3a    200   889    889      319   1221   20(0)     17(184)     0     0
  92  6ba7d87eb400e67a  4df326051a0f2b6d  9acbf1fa93c2340d    200   902    902      323   1225   20(0)     17(176)     0     0
  93  5fe5b09e8a013202  e552b0d03afcb47a  a1c57f02dd68b444    200   918    918      329   1248   20(0)     18(176)     0     0
  94  8697b700309c3a01  c8e9855277b55b6d  3479d9002c901b56    200   917    917      336   1272   22(0)     17(177)     0     0
  95  b09b91d2c9ddb771  8d149f5b667eb163  2a26ac28dda4b938    200   928    928      335   1269   21(0)     15(180)     0     0
  96  65cc0958f7c1c4fc  2c7c42b81b634d08  8ed58864fedc0c8e    200   943    943      336   1275   22(0)     17(178)     0     0
  97  6fb90615d1db84ec  5d7e31555b4fedc4  684d3bf6401e2dcc    200   962    962      342   1299   22(0)     15(180)     0     0
  98  0bf42753b4a3020d  125c967c6df922fa  c46062ccb1218452    200   977    977      344   1299   21(0)     15(180)     0     0
  99  87c81b856ef054c2  d452512f6f915a19  ad3132cd572682eb    200   990    990      351   1325   22(0)     16(179)     0     0
 100  44c8a52a15dfd5f2  2774e4239a30af9e  180e4e70c1980b81    200  1004   1004      353   1330   22(0)     15(179)     0     0
 101  88d4ba265aab8ea0  91d592b319bbe605  9dac3104c11706b2    200  1014   1014      359   1358   22(0)     17(178)     0     0
 102  d0c2d934ad3f5afd  6887c7fa032ff1b4  cf1779067afb6a14    200  1028   1028      370   1402   22(0)     16(178)     0     0
 103  aa137d8ee21d85a1  bbd289cbcac6cbdf  3ff7f72e19ec9f86    200  1040   1040      369   1398   22(0)     14(181)     0     0
 104  84c2e4a97253790f  8fd3c6fc6c7aeeac  0049eb1ff7f0305a    200  1041   1041      377   1424   23(0)     14(187)     0     0
 105  e60cd03d519e56d7  28a1d898d93b68b5  cbbec2f1c62d4789    200  1054   1054      378   1423   23(0)     13(188)     0     0
 106  821e14e9cceba25f  f1cfdd42493efb15  ff5a790d7c07e15d    200  1068   1068      383   1443   23(0)     11(190)     0     0
 107  24a0bca08c270e4e  1dc019d6747c66cd  c4cbf99cd6f60d7e    200  1069   1069      390   1470   22(0)     10(191)     0     0
 108  db55b0ca309e674a  050f91e3118e9216  77ab65cc60bf99af    200  1075   1075      390   1474   23(0)      8(193)     0     0
 109  67aef777049d47ec  9c5f6aa408ad2421  f6c46b48af12ffdb    200  1082   1082      397   1497   24(0)      9(192)     0     0
 110  56d4403b63ce6b09  bb606645a70ee486  3baaa5ea0a5be681    200  1077   1077      399   1507   24(0)      9(192)     0     0
 111  511a564f87eac597  714ed947a754fbb4  cc588337af3587f9    200  1081   1081      400   1513   25(0)      9(192)     0     0
 112  e9fa190d37afebd1  49da822a32fc5fb0  f1c0f1821aed5e93    200  1094   1094      401   1524   25(0)      9(192)     0     0
 113  c07b8b6f41aebe55  0a1652f7846b31c6  0d9410c9c10fec72    200  1105   1105      406   1540   25(0)      8(193)     0     0
 114  d028b6ce7759c61d  796dfaa5fcdedfe6  d384810dfc365da4    200  1102   1102      411   1564   24(0)      5(195)     0     0
 115  b233c085802ccb5d  726c67ef7a191737  f0767bb94580dc62    200  1112   1112      419   1589   24(0)      4(197)     0     0
 116  86d6c11854003a2b  07d670df657f044d  86f12ea1ef9a6e5e    200  1116   1116      426   1616   23(0)      3(198)     0     0
 117  0bc5200a6c0e66bd  40b0a936239f72de  22e3f3104368e940    200  1121   1121      421   1603   23(0)      2(199)     0     0
 118  cb3dc2a53169842c  f0da36bf71900c07  96b7292529681de6    200  1132   1132      418   1597   23(0)      4(197)     0     0
 119  ba82e89960fd627b  69615a671993eacc  ce4b15002d5558d7    200  1139   1139      421   1598   23(0)      5(196)     0     0
 120  76bc101658f43c2f  401a0d8f1034f471  ee02774b28eccc9d    200  1148   1148      424   1607   24(0)      4(197)     0     0
 180  7e52d3d655e910e7  283ff1cd14e9bcd2  b6954ab7546c50c2    199  1226   1225      487   1842   24(0)      2(198)     0     0
 240  8b1af7d5c081d4c0  bb77c36a99018778  8acf1743fafbaccd    198  1227   1224      490   1852   23(0)      1(198)     0     0
 300  8d5441362b1ce0cd  20348581a7f9b224  bc28eb10cba84836      0  1227      0      490   1852    0(0)      0(0)     0     0
 360  8d5441362b1ce0cd  20348581a7f9b224  bc28eb10cba84836      0  1227      0      490   1852    0(0)      0(0)     0     0
 420  8d5441362b1ce0cd  20348581a7f9b224  bc28eb10cba84836      0  1227      0      490   1852    0(0)      0(0)     0     0
 480  8d5441362b1ce0cd  20348581a7f9b224  bc28eb10cba84836      0  1227      0      490   1852    0(0)      0(0)     0     0
 540  8d5441362b1ce0cd  20348581a7f9b224  bc28eb10cba84836      0  1227      0      490   1852    0(0)      0(0)     0     0
 600  8d5441362b1ce0cd  20348581a7f9b224  bc28eb10cba84836      0  1227      0      490   1852    0(0)      0(0)     0     0
 660  8d5441362b1ce0cd  20348581a7f9b224  bc28eb10cba84836      0  1227      0      490   1852    0(0)      0(0)     0     0
 720  8d5441362b1ce0cd  20348581a7f9b224  bc28eb10cba84836      0  1227      0      490   1852    0(0)      0(0)     0     0
 780  8d5441362b1ce0cd  20348581a7f9b224  bc28eb10cba84836      0  1227      0      490   1852    0(0)      0(0)     0     0
 840  8d5441362b1ce0cd  20348581a7f9b224  bc28eb10cba84836      0  1227      0      490   1852    0(0)      0(0)     0     0
 900  8d5441362b1ce0cd  20348581a7f9b224  bc28eb10cba84836      0  1227      0      490   1852    0(0)      0(0)     0     0
 960  8d5441362b1ce0cd  20348581a7f9b224  bc28eb10cba84836      0  1227      0      490   1852    0(0)      0(0)     0     0
1020  8d5441362b1ce0cd  20348581a7f9b224  bc28eb10cba84836      0  1227      0      490   1852    0(0)      0(0)     0     0
1080  8d5441362b1ce0cd  20348581a7f9b224  bc28eb10cba84836      0  1227      0      490   1852    0(0)      0(0)     0     0
1140  8d5441362b1ce0cd  20348581a7f9b224  bc28eb10cba84836      0  1227      0      490   1852    0(0)      0(0)     0     0
1200  8d5441362b1ce0cd  20348581a7f9b224  bc28eb10cba84836      0  1227      0      490   1852    0(0)      0(0)     0     0
1260  8d5441362b1ce0cd  20348581a7f9b224  bc28eb10cba84836      0  1227      0      490   1852    0(0)      0(0)     0     0
1320  8d5441362b1ce0cd  20348581a7f9b224  bc28eb10cba84836      0  1227      0      490   1852    0(0)      0(0)     0     0
1380  8d5441362b1ce0cd  20348581a7f9b224  bc28eb10cba84836      0  1227      0      490   1852    0(0)      0(0)     0     0
1440  8d5441362b1ce0cd  20348581a7f9b224  bc28eb10cba84836      0  1227      0      490   1852    0(0)      0(0)     0     0
1500  8d5441362b1ce0cd  20348581a7f9b224  bc28eb10cba84836      0  1227      0      490   1852    0(0)      0(0)     0     0
1560  8d5441362b1ce0cd  20348581a7f9b224  bc28eb10cba84836      0  1227      0      490   1852    0(0)      0(0)     0     0
1620  8d5441362b1ce0cd  20348581a7f9b224  bc28eb10cba84836      0  1227      0      490   1852    0(0)      0(0)     0     0
1680  8d5441362b1ce0cd  20348581a7f9b224  bc28eb10cba84836      0  1227      0      490   1852    0(0)      0(0)     0     0
1740  8d5441362b1ce0cd  20348581a7f9b224  bc28eb10cba84836      0  1227      0      490   1852    0(0)      0(0)     0     0
1800  8d5441362b1ce0cd  20348581a7f9b224  bc28eb10cba84836      0  1227      0      490   1852    0(0)      0(0)     0     0
1860  8d5441362b1ce0cd  20348581a7f9b224  bc28eb10cba84836      0  1227      0      490   1852    0(0)      0(0)     0     0
1920  8d5441362b1ce0cd  20348581a7f9b224  bc28eb10cba84836      0  1227      0      490   1852    0(0)      0(0)     0     0
1980  8d5441362b1ce0cd  20348581a7f9b224  bc28eb10cba84836      0  1227      0      490   1852    0(0)      0(0)     0     0
2040  8d5441362b1ce0cd  20348581a7f9b224  bc28eb10cba84836      0  1227      0      490   1852    0(0)      0(0)     0     0
2100  8d5441362b1ce0cd  20348581a7f9b224  bc28eb10cba84836      0  1227      0      490   1852    0(0)      0(0)     0     0
2160  8d5441362b1ce0cd  20348581a7f9b224  bc28eb10cba84836      0  1227      0      490   1852    0(0)      0(0)     0     0
2220  8d5441362b1ce0cd  20348581a7f9b224  bc28eb10cba84836      0  1227      0      490   1852    0(0)      0(0)     0     0
2280  8d5441362b1ce0cd  20348581a7f9b224  bc28eb10cba84836      0  1227      0      490   1852    0(0)      0(0)     0     0
2340  8d5441362b1ce0cd  20348581a7f9b224  bc28eb10cba84836      0  1227      0      490   1852    0(0)      0(0)     0     0
2400  8d5441362b1ce0cd  20348581a7f9b224  bc28eb10cba84836      0  1227      0      490   1852    0(0)      0(0)     0     0
2460  8d5441362b1ce0cd  20348581a7f9b224  bc28eb10cba84836      0  1227      0      490   1852    0(0)      0(0)     0     0
2520  8d5441362b1ce0cd  20348581a7f9b224  bc28eb10cba84836      0  1227      0      490   1852    0(0)      0(0)     0     0
2580  8d5441362b1ce0cd  20348581a7f9b224  bc28eb10cba84836      0  1227      0      490   1852    0(0)      0(0)     0     0
2640  8d5441362b1ce0cd  20348581a7f9b224  bc28eb10cba84836      0  1227      0      490   1852    0(0)      0(0)     0     0
2700  8d5441362b1ce0cd  20348581a7f9b224  bc28eb10cba84836      0  1227      0      490   1852    0(0)      0(0)     0     0
2760  8d5441362b1ce0cd  20348581a7f9b224  bc28eb10cba84836      0  1227      0      490   1852    0(0)      0(0)     0     0
2820  8d5441362b1ce0cd  20348581a7f9b224  bc28eb10cba84836      0  1227      0      490   1852    0(0)      0(0)     0     0
2880  8d5441362b1ce0cd  20348581a7f9b224  bc28eb10cba84836      0  1227      0      490   1852    0(0)      0(0)     0     0
2940  8d5441362b1ce0cd  20348581a7f9b224  bc28eb10cba84836      0  1227      0      490   1852    0(0)      0(0)     0     0
3000  8d5441362b1ce0cd  20348581a7f9b224  bc28eb10cba84836      0  1227      0      490   1852    0(0)      0(0)     0     0
3060  8d5441362b1ce0cd  20348581a7f9b224  bc28eb10cba84836      0  1227      0      490   1852    0(0)      0(0)     0     0
3120  8d5441362b1ce0cd  20348581a7f9b224  bc28eb10cba84836      0  1227      0      490   1852    0(0)      0(0)     0     0
3180  8d5441362b1ce0cd  20348581a7f9b224  bc28eb10cba84836      0  1227      0      490   1852    0(0)      0(0)     0     0
3240  8d5441362b1ce0cd  20348581a7f9b224  bc28eb10cba84836      0  1227      0      490   1852    0(0)      0(0)     0     0
3300  8d5441362b1ce0cd  20348581a7f9b224  bc28eb10cba84836      0  1227      0      490   1852    0(0)      0(0)     0     0
3360  8d5441362b1ce0cd  20348581a7f9b224  bc28eb10cba84836      0  1227      0      490   1852    0(0)      0(0)     0     0
3420  8d5441362b1ce0cd  20348581a7f9b224  bc28eb10cba84836      0  1227      0      490   1852    0(0)      0(0)     0     0
3480  8d5441362b1ce0cd  20348581a7f9b224  bc28eb10cba84836      0  1227      0      490   1852    0(0)      0(0)     0     0
3540  8d5441362b1ce0cd  20348581a7f9b224  bc28eb10cba84836      0  1227      0      490   1852    0(0)      0(0)     0     0
3600  8d5441362b1ce0cd  20348581a7f9b224  bc28eb10cba84836      0  1227      0      490   1852    0(0)      0(0)     0     0
threads 1: 0.406 ms/tick, saturations 0, floating-point sentinel clean; per-tick hashes (reference)
threads 8: 0.244 ms/tick, saturations 0, floating-point sentinel clean; per-tick hashes identical
solve: every dynamic body asleep from tick 251; deepest point -0.17917 m (tick 63, bodies 138 163), at rest (the 60 ticks before every body sleeps, or the last 60) -0.00782802 m (tick 209, bodies 26 76); at most 316 dispatches a tick
rest: after tick 3600, over every touching pair (sleeping ones too): deepest point -0.00781807 m (bodies 26 76), 490 touching pairs
toy F pile200: run hash 6c5a7bfb0b951efa, final bodies 8d5441362b1ce0cd manifolds 20348581a7f9b224 stages bc28eb10cba84836, threads agree, saturations 0 (twin: gcc 13.3.0, aarch64, contraction off)
