toy pile200, dialect D, 3600 ticks, threads 1 8; gravity 10, sleep on, contact recycling on
twin: gcc 13.3.0, aarch64, contraction off
layout sizes C/twin: Hull 112/112 HullFace 40/40 BodyState 112/112 BodyPose 56/56 BodyMass 144/144 Aabb 32/32 Params 344/344 Hash2 8/8 V3 24/24 Pair 24/24 Manifold 632/632 SatAxis 88/88 NarrowDiag 128/128 Constraint 840/840
scene pile200 (seed 5): 205 bodies (5 static), 203 hulls (40 irregular chunks, 30 redrawn), largest hull 12 vertices 8 faces 36 half-edges; mass 7.07 to 53.21 kg; quantisation range errors 0
  hull 0 (box 12 x 1 x 12 m): volume 144 (8abc 144), Ixx/density 1740 (V(b^2+c^2)/3 1740), Ixy -0
traj /home/consulear/lpf-m11/lab/gpu/results/spark-gb10/toy/sanity_D.pile200-s5.traj: 3601 records of 205 bodies, every 1 ticks
tick  bodies-hash       manifolds-hash    stages-hash       awake pairs active touching points colours(ovf) islands(largest) slept woken
   1  5d5440afe3d89799  0000000000000000  946e2557b1056391    200     0      0        0      0    0(0)    200(1)     0     0
   2  f89f136a917233d9  0000000000000000  946e2557b1056391    200     0      0        0      0    0(0)    200(1)     0     0
   3  7663301f75af6d4f  0000000000000000  946e2557b1056391    200     0      0        0      0    0(0)    200(1)     0     0
   4  b29652464a07d279  0000000000000000  946e2557b1056391    200     0      0        0      0    0(0)    200(1)     0     0
   5  f01d16047d9e3ddb  0000000000000000  946e2557b1056391    200     0      0        0      0    0(0)    200(1)     0     0
   6  6bbd9417ea60c1f1  0000000000000000  946e2557b1056391    200     0      0        0      0    0(0)    200(1)     0     0
   7  bfc9badfea974796  0000000000000000  946e2557b1056391    200     0      0        0      0    0(0)    200(1)     0     0
   8  cbe9b49cff8b5f9a  0000000000000000  946e2557b1056391    200     0      0        0      0    0(0)    200(1)     0     0
   9  4b10503a570070d0  0000000000000000  946e2557b1056391    200     0      0        0      0    0(0)    200(1)     0     0
  10  5ea7d7395ec4383c  0000000000000000  946e2557b1056391    200     0      0        0      0    0(0)    200(1)     0     0
  11  18aaf9708baa2626  0000000000000000  946e2557b1056391    200     0      0        0      0    0(0)    200(1)     0     0
  12  a47a00aca38ea19c  0000000000000000  946e2557b1056391    200     0      0        0      0    0(0)    200(1)     0     0
  13  d0559200d0b9ba8b  0000000000000000  946e2557b1056391    200     0      0        0      0    0(0)    200(1)     0     0
  14  807bf808e53bef70  0000000000000000  946e2557b1056391    200     0      0        0      0    0(0)    200(1)     0     0
  15  598cfb4e67053699  0000000000000000  946e2557b1056391    200     0      0        0      0    0(0)    200(1)     0     0
  16  7b3222ab17f149a5  0000000000000000  946e2557b1056391    200     0      0        0      0    0(0)    200(1)     0     0
  17  0fd4faac8bbb63a1  0000000000000000  946e2557b1056391    200     0      0        0      0    0(0)    200(1)     0     0
  18  24684e0165de080d  0000000000000000  946e2557b1056391    200     0      0        0      0    0(0)    200(1)     0     0
  19  5b5f6952b4674ab6  0000000000000000  946e2557b1056391    200     0      0        0      0    0(0)    200(1)     0     0
  20  e06088c7583959b7  0000000000000000  946e2557b1056391    200     0      0        0      0    0(0)    200(1)     0     0
  21  556bffba1e952756  0000000000000000  946e2557b1056391    200     0      0        0      0    0(0)    200(1)     0     0
  22  adbdf4183c4251b4  0000000000000000  946e2557b1056391    200     0      0        0      0    0(0)    200(1)     0     0
  23  514e0a8cbad15a12  0000000000000000  946e2557b1056391    200     0      0        0      0    0(0)    200(1)     0     0
  24  2d527c852b79e036  0000000000000000  946e2557b1056391    200     0      0        0      0    0(0)    200(1)     0     0
  25  46e9c2f850b2ae54  0000000000000000  946e2557b1056391    200     0      0        0      0    0(0)    200(1)     0     0
  26  c65ea86d07c1642c  0000000000000000  946e2557b1056391    200     0      0        0      0    0(0)    200(1)     0     0
  27  c7f21a2d735cee1e  0000000000000000  946e2557b1056391    200     0      0        0      0    0(0)    200(1)     0     0
  28  f3a6ee3a7f872db5  0000000000000000  946e2557b1056391    200     0      0        0      0    0(0)    200(1)     0     0
  29  93340cd6d87a60c4  0000000000000000  946e2557b1056391    200     0      0        0      0    0(0)    200(1)     0     0
  30  5002c226ab7543c9  0000000000000000  946e2557b1056391    200     0      0        0      0    0(0)    200(1)     0     0
  31  b90c8b13d0d74220  0000000000000000  946e2557b1056391    200     0      0        0      0    0(0)    200(1)     0     0
  32  fe0ca797b44829e7  0000000000000000  946e2557b1056391    200     0      0        0      0    0(0)    200(1)     0     0
  33  c8d9e94cb587ecd3  0000000000000000  946e2557b1056391    200     0      0        0      0    0(0)    200(1)     0     0
  34  a85227eec373fff5  0000000000000000  946e2557b1056391    200     0      0        0      0    0(0)    200(1)     0     0
  35  47a36bb57f845ec9  0000000000000000  946e2557b1056391    200     0      0        0      0    0(0)    200(1)     0     0
  36  21054a31baeb13a4  0000000000000000  946e2557b1056391    200     0      0        0      0    0(0)    200(1)     0     0
  37  ab6602fc633cc4ed  0000000000000000  946e2557b1056391    200     0      0        0      0    0(0)    200(1)     0     0
  38  f6b02014427041c7  0000000000000000  946e2557b1056391    200     0      0        0      0    0(0)    200(1)     0     0
  39  72513846ee943577  0000000000000000  946e2557b1056391    200     0      0        0      0    0(0)    200(1)     0     0
  40  42d5bc4c36a747a9  0000000000000000  946e2557b1056391    200     0      0        0      0    0(0)    200(1)     0     0
  41  f3d8fddcd91a319c  0000000000000000  946e2557b1056391    200     0      0        0      0    0(0)    200(1)     0     0
  42  8b5bc9871db5da36  0000000000000000  946e2557b1056391    200     0      0        0      0    0(0)    200(1)     0     0
  43  e75a37585f585187  0000000000000000  946e2557b1056391    200     0      0        0      0    0(0)    200(1)     0     0
  44  f22d38c1137e1753  0000000000000000  946e2557b1056391    200     0      0        0      0    0(0)    200(1)     0     0
  45  a7b9121ff4e7a5e4  6b9ea382d39ec9d1  af25d7813e68cd65    200    17     17        1      4    1(0)    200(1)     0     0
  46  485e7e2ec504a681  705d8979ee4db9fa  42814e707da733a0    200    25     25       25    100    1(0)    200(1)     0     0
  47  639c3bbfe8157f6f  67887fd29a7f22ce  d06e3b3d54ba62b8    200    31     31       25    100    2(0)    200(1)     0     0
  48  288a7065a6399c04  0e8a661bbc57f035  dd8054be4aec7581    200    45     45       30    119    3(0)    200(1)     0     0
  49  48003f970c9b4cbc  000505b87dcfd4ac  efd17e3921e52833    200    56     56       46    180    3(0)    193(2)     0     0
  50  01c4661309381eeb  3c937adc328c7e2a  2e4489b312375fd4    200    65     65       50    199    4(0)    178(2)     0     0
  51  1dba1d25192aaaca  eb7cf1ebc70e09b9  e44ef03e597c1bcb    200    80     80       57    225    5(0)    174(3)     0     0
  52  018570594b9a14b2  e895aaf59c8f3188  7b72c397c979ccbd    200    88     88       66    263    6(0)    166(3)     0     0
  53  51375a07d2284ff1  6cc4c861d565b877  2b206d54d975e5f7    200    99     99       73    291    6(0)    156(3)     0     0
  54  057b189d3c4da5e4  714c884f06d18825  c641facfcec357c6    200   119    119       85    336    7(0)    152(3)     0     0
  55  cfe56707a91a6289  5ae6a112c1362d75  a64b124d767225f9    200   127    127       94    375    6(0)    142(4)     0     0
  56  05be4f1b13ee254a  e625eb10c9ad687b  8d0b1cd9ebc282f1    200   140    140      101    402    6(0)    133(4)     0     0
  57  554de95d146f8c6f  3d90a4ffae7ad7cb  41ecc1c3d805e73c    200   155    155      113    445    6(0)    127(5)     0     0
  58  e3ee317c2e8b35df  364f89cf8f8e2d74  063521b651ea23f6    200   170    170      120    473    7(0)    117(6)     0     0
  59  678b8b9451677b30  13695875fa0193f8  d82280c9abcc4d8c    200   185    185      129    507    7(0)    110(7)     0     0
  60  efd2ee9f2fce6168  748ef66318668f2e  c171e9bb8dc03730    200   199    199      137    540    8(0)    102(7)     0     0
  61  c2e8096c903151e1  f8354f822216867f  ccd52025d74a8f36    200   224    224      147    573    9(0)     93(11)     0     0
  62  5e1419716927299c  ad8d975fa929f7b1  912afa70f7fca859    200   244    244      157    610   10(0)     84(13)     0     0
  63  7470198751242472  382dd873f7789133  f5507bd305287f58    200   276    276      164    648   11(0)     73(13)     0     0
  64  bd7d5b3b79c761f6  ccede041e1aefe6f  c0a1c1312a17efe7    200   308    308      180    705   11(0)     68(13)     0     0
  65  49108f3078b08511  efe5fe09b99297e9  f4ae95c4d3833573    200   336    336      191    748   13(0)     54(14)     0     0
  66  7c4b92c4aaabf3cf  5dbd3941d21e56aa  6580cd9ccfe3b3e6    200   358    358      193    756   13(0)     46(16)     0     0
  67  ef38edcd713b516c  33b9472cf20985a9  b83830aa770efc90    200   390    390      199    783   11(0)     41(16)     0     0
  68  e912afd46b865f78  fc1ed7cc6c656acc  6b218b13ddbfb850    200   416    416      204    805   13(0)     38(24)     0     0
  69  ec6b17f832fd3edf  6dec7d188e47fea7  b6a6c038f044464c    200   446    446      207    810   13(0)     35(24)     0     0
  70  89a46081432c9377  70dbc80483db6bc6  5a3d7455dd938ab0    200   478    478      211    829   13(0)     34(33)     0     0
  71  60836fa67232e61c  39cb83327fa798c4  5c0dedc328f6d64b    200   520    520      211    824   14(0)     34(29)     0     0
  72  088632e4e9214dc4  a3358cec6c36ccae  c141c0dce9da07a7    200   551    551      218    851   14(0)     35(29)     0     0
  73  36831a7fc12cf796  11863213ed3ba40c  27549a477dced60d    200   558    558      219    851   14(0)     31(41)     0     0
  74  afea562b5047e8b6  a19332201f45a036  be28848822d086e5    200   571    571      224    866   14(0)     34(36)     0     0
  75  6a1e8211247629dc  b0e2e524dba0b429  0f606ce4a39e54c2    200   599    599      229    897   16(0)     35(37)     0     0
  76  9aadd55cca0220ea  4ff925a986dd587e  0d6e254589373eac    200   625    625      227    880   16(0)     36(73)     0     0
  77  020900ca86e3ee7c  311142a58ba189f4  0d877046c553f80f    200   651    651      233    891   17(0)     38(74)     0     0
  78  04d7cfb072427cc4  69640b9a5978a818  76e4b854004b0907    200   665    665      237    910   17(0)     41(82)     0     0
  79  bfbfa08686292a4c  b75ac16d48cb154a  f177afda8a95f998    200   679    679      242    919   17(0)     44(69)     0     0
  80  f0a27b6c659a6cf3  5cfd2ec6ade45d4b  a64c1d11bfe60f97    200   679    679      237    910   17(0)     41(72)     0     0
  81  d46aef68f7b2e6ea  f53d86ad414f563f  fc2f8ec1e3e67a60    200   697    697      240    931   18(0)     45(74)     0     0
  82  5e8fbaa733270628  8c34e7cb6fc6c76e  ede346d4015ae235    200   709    709      245    948   18(0)     44(73)     0     0
  83  cfb23c1e5b1ef2dd  99bdc9cf038c2378  f2f9136d26ca515d    200   712    712      254    971   18(0)     40(92)     0     0
  84  83aba840249bf137  1b32ec7e7d21fd95  290e921b87bbf052    200   718    718      256    977   18(0)     40(70)     0     0
  85  0ac094f22981f200  dc18e427f467e763  1cd8eedd57239502    200   733    733      264   1014   18(0)     39(106)     0     0
  86  799fb1a13d152f39  0b3297692a3a8e83  6f6aa9a140f789e7    200   757    757      263   1009   18(0)     37(125)     0     0
  87  f20a60ab4f91f228  8f1d11bcd9ca1df6  db86104f1954d498    200   757    757      264   1013   18(0)     37(116)     0     0
  88  d053cd883f231cd4  ff74ee9cb7c5f429  7be869944f804ead    200   754    754      276   1059   18(0)     36(122)     0     0
  89  877e50ace250b8b3  1dbeed51459d28ec  5ba9cf5560508805    200   762    762      289   1104   19(0)     31(136)     0     0
  90  9bceb2b393af77ba  df6b70a08955cfc5  a901ec324fe8ede9    200   765    765      291   1112   19(0)     29(135)     0     0
  91  52ed75b92f6a8d41  b548167fd6aaa19b  2ec4552759dff86a    200   768    768      291   1114   20(0)     28(134)     0     0
  92  f1da61a4b8a86f1f  a1c4c2bb1655ff3b  6d816376d646654a    200   771    771      290   1112   19(0)     26(135)     0     0
  93  46d19099549b8709  4efd8f82a227d20f  439be24502446700    200   783    783      298   1155   21(0)     27(135)     0     0
  94  a234c3ced915c46a  e21a656f2eab65b4  19923d675e4b541b    200   791    791      296   1147   20(0)     22(137)     0     0
  95  cd29dc27533f33f8  ffc4f5c88ec14a75  a8a14a46451d3d15    200   793    793      301   1160   20(0)     24(139)     0     0
  96  c7b65fd53ab89b58  ceb2c1c73e58fe86  4833019e760311ab    200   791    791      305   1178   19(0)     18(145)     0     0
  97  845cf8ccea35e4fa  1e0dd9881300d338  7eb2b602850a7241    200   809    809      310   1204   19(0)     17(159)     0     0
  98  350bdc78d2cf7dfb  9e7ac1b6ff3eeadd  1744f3c054e36f4c    200   817    817      308   1199   19(0)     17(161)     0     0
  99  aec68a6ddff05c47  1a6b9165e4998118  65d44ef485fbb50b    200   835    835      312   1207   19(0)     21(160)     0     0
 100  4e116cbfc5460e89  fdc2cdbac59d69a6  7eb8c608d02e2e51    200   844    844      317   1223   18(0)     19(170)     0     0
 101  e30502500c7bbe40  eb412e647da21bd9  dbd70d029e97bae3    200   853    853      323   1247   18(0)     15(174)     0     0
 102  3a79c6686354a783  3b9adeb8154a055c  83f3d6467601058b    200   860    860      319   1238   18(0)      8(186)     0     0
 103  40b12a39d12a5678  6c537b564839c1a6  c4336fe966124ef6    200   864    864      328   1265   18(0)      8(184)     0     0
 104  1b4db5b8620be5c1  947f17a10da1022d  57b21b9211358de9    200   881    881      334   1281   18(0)      8(187)     0     0
 105  77f2c031799dd472  3ee9f1113a74ac2c  8a0d5d8d60a75a1f    200   898    898      334   1277   18(0)      9(183)     0     0
 106  f3bef8a005f26e98  1fa7ac80e98398b5  441f0ee0635bf7a1    200   897    897      339   1298   19(0)     10(179)     0     0
 107  0fc33c80ac3114ec  bf21f4f29758c313  28edaabb254c173a    200   902    902      335   1286   18(0)     11(173)     0     0
 108  df7357db15bea8da  66bbc1116d854a7c  32b35c07c4dcd119    200   912    912      339   1302   18(0)     13(172)     0     0
 109  38315c5e625a52da  5eaa3cf5c06ea823  8fcacb29f1c007e7    200   924    924      339   1289   18(0)     13(172)     0     0
 110  0c5dc40cd3e51488  c9076a2fc8f71226  74f4096f9503b104    200   943    943      345   1308   18(0)     14(166)     0     0
 111  dcec78286536c8dd  e226f6ff09a6a1ba  0f97ba67576c3018    200   944    944      350   1336   19(0)     10(179)     0     0
 112  0c492b8d428c688c  6634c9f0e886e4bc  71614ff6223249d4    200   954    954      350   1342   20(0)     12(176)     0     0
 113  d9e1d68d0e0f3957  3c16c3d36a492b6f  caede897cfc35f61    200   950    950      350   1346   20(0)     11(182)     0     0
 114  b4d0fec115cd44d5  1db1ae84d91681c1  686cff5d1d6a8106    200   969    969      355   1352   20(0)     12(185)     0     0
 115  50a04d3d759aff9a  43b16c12dbbddb50  2495c38c67b5d292    200   986    986      360   1368   20(0)     11(186)     0     0
 116  a074cf812951a74f  7cf9fe9845ed490d  56bc085f849f3473    200   996    996      359   1369   20(0)      9(188)     0     0
 117  cd70dfb7ebc22751  920b557f79c15357  3a2c9b625261cf88    200   992    992      360   1377   19(0)     10(188)     0     0
 118  e5ccb36685336bbf  00969d4106abdb82  fa754c9b91b10674    200   992    992      365   1400   19(0)      9(189)     0     0
 119  a3654f345fec50f4  f5a66e459be70986  441318980ee13f52    200   997    997      369   1410   20(0)      9(189)     0     0
 120  9b9b3d17802c7ec8  8f4df3ca5f121dd6  62c979f367d6dffd    200   990    990      370   1420   20(0)     10(179)     0     0
 180  42291833851cd935  82f8875cec5bf9e4  0b3b68fd2e59701d    200  1139   1139      458   1737   22(0)      3(198)     0     0
 240  536ba6fa93e5a1eb  975d03bc3c0ab6d6  590df7e6d776f29e    198  1151   1148      471   1792   22(0)      1(198)     0     0
 300  e3651204ec86bc7d  0e9104032b4641ba  9c57dbba923aec03      0  1151      0      471   1792    0(0)      0(0)     0     0
 360  e3651204ec86bc7d  0e9104032b4641ba  9c57dbba923aec03      0  1151      0      471   1792    0(0)      0(0)     0     0
 420  e3651204ec86bc7d  0e9104032b4641ba  9c57dbba923aec03      0  1151      0      471   1792    0(0)      0(0)     0     0
 480  e3651204ec86bc7d  0e9104032b4641ba  9c57dbba923aec03      0  1151      0      471   1792    0(0)      0(0)     0     0
 540  e3651204ec86bc7d  0e9104032b4641ba  9c57dbba923aec03      0  1151      0      471   1792    0(0)      0(0)     0     0
 600  e3651204ec86bc7d  0e9104032b4641ba  9c57dbba923aec03      0  1151      0      471   1792    0(0)      0(0)     0     0
 660  e3651204ec86bc7d  0e9104032b4641ba  9c57dbba923aec03      0  1151      0      471   1792    0(0)      0(0)     0     0
 720  e3651204ec86bc7d  0e9104032b4641ba  9c57dbba923aec03      0  1151      0      471   1792    0(0)      0(0)     0     0
 780  e3651204ec86bc7d  0e9104032b4641ba  9c57dbba923aec03      0  1151      0      471   1792    0(0)      0(0)     0     0
 840  e3651204ec86bc7d  0e9104032b4641ba  9c57dbba923aec03      0  1151      0      471   1792    0(0)      0(0)     0     0
 900  e3651204ec86bc7d  0e9104032b4641ba  9c57dbba923aec03      0  1151      0      471   1792    0(0)      0(0)     0     0
 960  e3651204ec86bc7d  0e9104032b4641ba  9c57dbba923aec03      0  1151      0      471   1792    0(0)      0(0)     0     0
1020  e3651204ec86bc7d  0e9104032b4641ba  9c57dbba923aec03      0  1151      0      471   1792    0(0)      0(0)     0     0
1080  e3651204ec86bc7d  0e9104032b4641ba  9c57dbba923aec03      0  1151      0      471   1792    0(0)      0(0)     0     0
1140  e3651204ec86bc7d  0e9104032b4641ba  9c57dbba923aec03      0  1151      0      471   1792    0(0)      0(0)     0     0
1200  e3651204ec86bc7d  0e9104032b4641ba  9c57dbba923aec03      0  1151      0      471   1792    0(0)      0(0)     0     0
1260  e3651204ec86bc7d  0e9104032b4641ba  9c57dbba923aec03      0  1151      0      471   1792    0(0)      0(0)     0     0
1320  e3651204ec86bc7d  0e9104032b4641ba  9c57dbba923aec03      0  1151      0      471   1792    0(0)      0(0)     0     0
1380  e3651204ec86bc7d  0e9104032b4641ba  9c57dbba923aec03      0  1151      0      471   1792    0(0)      0(0)     0     0
1440  e3651204ec86bc7d  0e9104032b4641ba  9c57dbba923aec03      0  1151      0      471   1792    0(0)      0(0)     0     0
1500  e3651204ec86bc7d  0e9104032b4641ba  9c57dbba923aec03      0  1151      0      471   1792    0(0)      0(0)     0     0
1560  e3651204ec86bc7d  0e9104032b4641ba  9c57dbba923aec03      0  1151      0      471   1792    0(0)      0(0)     0     0
1620  e3651204ec86bc7d  0e9104032b4641ba  9c57dbba923aec03      0  1151      0      471   1792    0(0)      0(0)     0     0
1680  e3651204ec86bc7d  0e9104032b4641ba  9c57dbba923aec03      0  1151      0      471   1792    0(0)      0(0)     0     0
1740  e3651204ec86bc7d  0e9104032b4641ba  9c57dbba923aec03      0  1151      0      471   1792    0(0)      0(0)     0     0
1800  e3651204ec86bc7d  0e9104032b4641ba  9c57dbba923aec03      0  1151      0      471   1792    0(0)      0(0)     0     0
1860  e3651204ec86bc7d  0e9104032b4641ba  9c57dbba923aec03      0  1151      0      471   1792    0(0)      0(0)     0     0
1920  e3651204ec86bc7d  0e9104032b4641ba  9c57dbba923aec03      0  1151      0      471   1792    0(0)      0(0)     0     0
1980  e3651204ec86bc7d  0e9104032b4641ba  9c57dbba923aec03      0  1151      0      471   1792    0(0)      0(0)     0     0
2040  e3651204ec86bc7d  0e9104032b4641ba  9c57dbba923aec03      0  1151      0      471   1792    0(0)      0(0)     0     0
2100  e3651204ec86bc7d  0e9104032b4641ba  9c57dbba923aec03      0  1151      0      471   1792    0(0)      0(0)     0     0
2160  e3651204ec86bc7d  0e9104032b4641ba  9c57dbba923aec03      0  1151      0      471   1792    0(0)      0(0)     0     0
2220  e3651204ec86bc7d  0e9104032b4641ba  9c57dbba923aec03      0  1151      0      471   1792    0(0)      0(0)     0     0
2280  e3651204ec86bc7d  0e9104032b4641ba  9c57dbba923aec03      0  1151      0      471   1792    0(0)      0(0)     0     0
2340  e3651204ec86bc7d  0e9104032b4641ba  9c57dbba923aec03      0  1151      0      471   1792    0(0)      0(0)     0     0
2400  e3651204ec86bc7d  0e9104032b4641ba  9c57dbba923aec03      0  1151      0      471   1792    0(0)      0(0)     0     0
2460  e3651204ec86bc7d  0e9104032b4641ba  9c57dbba923aec03      0  1151      0      471   1792    0(0)      0(0)     0     0
2520  e3651204ec86bc7d  0e9104032b4641ba  9c57dbba923aec03      0  1151      0      471   1792    0(0)      0(0)     0     0
2580  e3651204ec86bc7d  0e9104032b4641ba  9c57dbba923aec03      0  1151      0      471   1792    0(0)      0(0)     0     0
2640  e3651204ec86bc7d  0e9104032b4641ba  9c57dbba923aec03      0  1151      0      471   1792    0(0)      0(0)     0     0
2700  e3651204ec86bc7d  0e9104032b4641ba  9c57dbba923aec03      0  1151      0      471   1792    0(0)      0(0)     0     0
2760  e3651204ec86bc7d  0e9104032b4641ba  9c57dbba923aec03      0  1151      0      471   1792    0(0)      0(0)     0     0
2820  e3651204ec86bc7d  0e9104032b4641ba  9c57dbba923aec03      0  1151      0      471   1792    0(0)      0(0)     0     0
2880  e3651204ec86bc7d  0e9104032b4641ba  9c57dbba923aec03      0  1151      0      471   1792    0(0)      0(0)     0     0
2940  e3651204ec86bc7d  0e9104032b4641ba  9c57dbba923aec03      0  1151      0      471   1792    0(0)      0(0)     0     0
3000  e3651204ec86bc7d  0e9104032b4641ba  9c57dbba923aec03      0  1151      0      471   1792    0(0)      0(0)     0     0
3060  e3651204ec86bc7d  0e9104032b4641ba  9c57dbba923aec03      0  1151      0      471   1792    0(0)      0(0)     0     0
3120  e3651204ec86bc7d  0e9104032b4641ba  9c57dbba923aec03      0  1151      0      471   1792    0(0)      0(0)     0     0
3180  e3651204ec86bc7d  0e9104032b4641ba  9c57dbba923aec03      0  1151      0      471   1792    0(0)      0(0)     0     0
3240  e3651204ec86bc7d  0e9104032b4641ba  9c57dbba923aec03      0  1151      0      471   1792    0(0)      0(0)     0     0
3300  e3651204ec86bc7d  0e9104032b4641ba  9c57dbba923aec03      0  1151      0      471   1792    0(0)      0(0)     0     0
3360  e3651204ec86bc7d  0e9104032b4641ba  9c57dbba923aec03      0  1151      0      471   1792    0(0)      0(0)     0     0
3420  e3651204ec86bc7d  0e9104032b4641ba  9c57dbba923aec03      0  1151      0      471   1792    0(0)      0(0)     0     0
3480  e3651204ec86bc7d  0e9104032b4641ba  9c57dbba923aec03      0  1151      0      471   1792    0(0)      0(0)     0     0
3540  e3651204ec86bc7d  0e9104032b4641ba  9c57dbba923aec03      0  1151      0      471   1792    0(0)      0(0)     0     0
3600  e3651204ec86bc7d  0e9104032b4641ba  9c57dbba923aec03      0  1151      0      471   1792    0(0)      0(0)     0     0
threads 1: 0.511 ms/tick, saturations 0, floating-point sentinel clean; per-tick hashes (reference)
threads 8: 0.246 ms/tick, saturations 0, floating-point sentinel clean; per-tick hashes identical
solve: every dynamic body asleep from tick 265; deepest point -0.16777 m (tick 69, bodies 144 169), at rest (the 60 ticks before every body sleeps, or the last 60) -0.0144367 m (tick 220, bodies 55 80); at most 293 dispatches a tick
rest: after tick 3600, over every touching pair (sleeping ones too): deepest point -0.0104475 m (bodies 15 40), 471 touching pairs
toy D pile200: run hash e39ff8cf55c2958b, final bodies e3651204ec86bc7d manifolds 0e9104032b4641ba stages 9c57dbba923aec03, threads agree, saturations 0 (twin: gcc 13.3.0, aarch64, contraction off)
