toy pile200, dialect V4, 3600 ticks, threads 1 8; gravity 10, sleep on, contact recycling on
twin: gcc 13.3.0, aarch64, contraction off
layout sizes C/twin: Hull 68/68 HullFace 24/24 BodyState 60/60 BodyPose 40/40 BodyMass 80/80 Aabb 32/32 Params 184/184 Hash2 8/8 V3 12/12 Pair 24/24 Manifold 348/348 SatAxis 72/72 NarrowDiag 64/64 Constraint 460/460
scene pile200 (seed 5): 205 bodies (5 static), 203 hulls (40 irregular chunks, 30 redrawn), largest hull 12 vertices 8 faces 36 half-edges; mass 7.07 to 53.21 kg; quantisation range errors 0
  hull 0 (box 12 x 1 x 12 m): volume 144 (8abc 144), Ixx/density 1740 (V(b^2+c^2)/3 1740), Ixy -0
traj /home/consulear/lpf-m11/lab/gpu/results/spark-gb10/toy/sanity_V4.pile200-s5.traj: 3601 records of 205 bodies, every 1 ticks
tick  bodies-hash       manifolds-hash    stages-hash       awake pairs active touching points colours(ovf) islands(largest) slept woken
   1  b3dc108cfe7d8194  0000000000000000  946e2557b1056391    200     0      0        0      0    0(0)    200(1)     0     0
   2  9b633cc9ff13bc88  0000000000000000  946e2557b1056391    200     0      0        0      0    0(0)    200(1)     0     0
   3  96e2ed6b7351ca35  0000000000000000  946e2557b1056391    200     0      0        0      0    0(0)    200(1)     0     0
   4  7ff0423082c05df3  0000000000000000  946e2557b1056391    200     0      0        0      0    0(0)    200(1)     0     0
   5  2f239b3562804843  0000000000000000  946e2557b1056391    200     0      0        0      0    0(0)    200(1)     0     0
   6  91c4b1cf25898ef0  0000000000000000  946e2557b1056391    200     0      0        0      0    0(0)    200(1)     0     0
   7  49e9037004151b42  0000000000000000  946e2557b1056391    200     0      0        0      0    0(0)    200(1)     0     0
   8  d9399971cfdea981  0000000000000000  946e2557b1056391    200     0      0        0      0    0(0)    200(1)     0     0
   9  c14f4c3ac0638212  0000000000000000  946e2557b1056391    200     0      0        0      0    0(0)    200(1)     0     0
  10  d6e4d6312e69b957  0000000000000000  946e2557b1056391    200     0      0        0      0    0(0)    200(1)     0     0
  11  a5df848a43d745f4  0000000000000000  946e2557b1056391    200     0      0        0      0    0(0)    200(1)     0     0
  12  a921a91be865897f  0000000000000000  946e2557b1056391    200     0      0        0      0    0(0)    200(1)     0     0
  13  8a2a4aef62e1d743  0000000000000000  946e2557b1056391    200     0      0        0      0    0(0)    200(1)     0     0
  14  596ea37e9bce8a7a  0000000000000000  946e2557b1056391    200     0      0        0      0    0(0)    200(1)     0     0
  15  0ca69a64f6b16e8f  0000000000000000  946e2557b1056391    200     0      0        0      0    0(0)    200(1)     0     0
  16  af62f75cd3945c26  0000000000000000  946e2557b1056391    200     0      0        0      0    0(0)    200(1)     0     0
  17  759cc4362b579e65  0000000000000000  946e2557b1056391    200     0      0        0      0    0(0)    200(1)     0     0
  18  92e074c12d3c38f9  0000000000000000  946e2557b1056391    200     0      0        0      0    0(0)    200(1)     0     0
  19  9d39ae8d63ea3e51  0000000000000000  946e2557b1056391    200     0      0        0      0    0(0)    200(1)     0     0
  20  e3cdf386c76c46bf  0000000000000000  946e2557b1056391    200     0      0        0      0    0(0)    200(1)     0     0
  21  04e4c49ce28fdfef  0000000000000000  946e2557b1056391    200     0      0        0      0    0(0)    200(1)     0     0
  22  ca4ad4a8a7687509  0000000000000000  946e2557b1056391    200     0      0        0      0    0(0)    200(1)     0     0
  23  2261b6fe9d7fffb2  0000000000000000  946e2557b1056391    200     0      0        0      0    0(0)    200(1)     0     0
  24  29119e3f9fa8b3d5  0000000000000000  946e2557b1056391    200     0      0        0      0    0(0)    200(1)     0     0
  25  fa31ee7ccf16eb4f  0000000000000000  946e2557b1056391    200     0      0        0      0    0(0)    200(1)     0     0
  26  b86ce0b47470548f  0000000000000000  946e2557b1056391    200     0      0        0      0    0(0)    200(1)     0     0
  27  25fa1378a15289d0  0000000000000000  946e2557b1056391    200     0      0        0      0    0(0)    200(1)     0     0
  28  bf589fcf2d5fbccb  0000000000000000  946e2557b1056391    200     0      0        0      0    0(0)    200(1)     0     0
  29  bc81b84538d43801  0000000000000000  946e2557b1056391    200     0      0        0      0    0(0)    200(1)     0     0
  30  551c26ab9a4a63db  0000000000000000  946e2557b1056391    200     0      0        0      0    0(0)    200(1)     0     0
  31  5f65f21fea63eb82  0000000000000000  946e2557b1056391    200     0      0        0      0    0(0)    200(1)     0     0
  32  a6b2609b1e2fa33a  0000000000000000  946e2557b1056391    200     0      0        0      0    0(0)    200(1)     0     0
  33  a1d6626bf63e9af2  0000000000000000  946e2557b1056391    200     0      0        0      0    0(0)    200(1)     0     0
  34  cd50c602e36a0120  0000000000000000  946e2557b1056391    200     0      0        0      0    0(0)    200(1)     0     0
  35  f4f1f5169d630d6a  0000000000000000  946e2557b1056391    200     0      0        0      0    0(0)    200(1)     0     0
  36  70378e4d4cb85535  0000000000000000  946e2557b1056391    200     0      0        0      0    0(0)    200(1)     0     0
  37  8202b4d70db82bae  0000000000000000  946e2557b1056391    200     0      0        0      0    0(0)    200(1)     0     0
  38  433d58df54d41cfb  0000000000000000  946e2557b1056391    200     0      0        0      0    0(0)    200(1)     0     0
  39  2f88ed91c8985db5  0000000000000000  946e2557b1056391    200     0      0        0      0    0(0)    200(1)     0     0
  40  dcaad16a8979eae0  0000000000000000  946e2557b1056391    200     0      0        0      0    0(0)    200(1)     0     0
  41  a06fc87a041fc3de  0000000000000000  946e2557b1056391    200     0      0        0      0    0(0)    200(1)     0     0
  42  b1a2923f3a766d61  0000000000000000  946e2557b1056391    200     0      0        0      0    0(0)    200(1)     0     0
  43  95f5e9d01a48d70f  0000000000000000  946e2557b1056391    200     0      0        0      0    0(0)    200(1)     0     0
  44  5757f30e721fdab1  0000000000000000  946e2557b1056391    200     0      0        0      0    0(0)    200(1)     0     0
  45  6c71e8a4c11dff14  ee79ba0780b8c30e  af25d7813e68cd65    200    17     17        1      4    1(0)    200(1)     0     0
  46  6bbec458f19953c2  d4ec154420734c7e  42814e707da733a0    200    25     25       25    100    1(0)    200(1)     0     0
  47  679f88e051feb663  533ea40376b3dd52  d06e3b3d54ba62b8    200    31     31       25    100    2(0)    200(1)     0     0
  48  2b70e0b374871058  545842eecc584640  dd8054be4aec7581    200    45     45       30    119    3(0)    200(1)     0     0
  49  297e96c8d97d5134  39a84a62772c5272  efd17e3921e52833    200    56     56       46    180    3(0)    193(2)     0     0
  50  899b7f7f10899b51  c3ee5764ceba0bde  2e4489b312375fd4    200    65     65       50    199    4(0)    178(2)     0     0
  51  7e213d8b6ec92af8  28d620e6a4ede4dc  e44ef03e597c1bcb    200    80     80       57    225    5(0)    174(3)     0     0
  52  233b2e46cc67dfc3  fe69e472439e08e3  7b72c397c979ccbd    200    88     88       66    263    6(0)    166(3)     0     0
  53  e365b94a3f525837  1728c5dbaf549dfd  2b206d54d975e5f7    200    99     99       73    291    6(0)    156(3)     0     0
  54  2b2cf4806bcb7cc2  e39e481220216fbb  c641facfcec357c6    200   119    119       85    336    7(0)    152(3)     0     0
  55  19f1d6bc103dfd3e  177a1caeae903b5a  a64b124d767225f9    200   127    127       94    375    6(0)    142(4)     0     0
  56  a191a55e300d06c3  72211d13b642123e  8d0b1cd9ebc282f1    200   140    140      101    402    6(0)    133(4)     0     0
  57  ffbc4d41f6b756cf  a5428bf60d451c78  41ecc1c3d805e73c    200   155    155      113    445    6(0)    127(5)     0     0
  58  076e8bc32227b61b  2c9010ba02bda4d2  063521b651ea23f6    200   170    170      120    473    7(0)    117(6)     0     0
  59  09ed945c650501a1  bc99d1c9371b2598  d82280c9abcc4d8c    200   185    185      129    507    7(0)    110(7)     0     0
  60  4a791a8ec5ab1a28  9c36a2f50c5f1595  c171e9bb8dc03730    200   199    199      137    540    8(0)    102(7)     0     0
  61  b0f411bb398b20ec  078912fa311d3204  ccd52025d74a8f36    200   224    224      147    573    9(0)     93(11)     0     0
  62  6de274f54a894016  64ed3dff081a743c  912afa70f7fca859    200   244    244      157    610   10(0)     84(13)     0     0
  63  e0c07f49c9970390  877315e7a66bc40d  de749c059e844899    200   275    275      164    648   11(0)     73(13)     0     0
  64  f3db56e211762df6  25b6e18a83f75047  07b28cbd63836202    200   309    309      179    704   11(0)     68(13)     0     0
  65  3e922b436ebf6890  c27e8dc05fe466a7  32e8700d3eaf0f76    200   337    337      190    743   13(0)     54(14)     0     0
  66  794e71ebb85ba15e  2bd1c9ff7f27e1c1  7040432bbc1ef81f    200   359    359      194    760   13(0)     47(16)     0     0
  67  a72e5d385ea8ee6e  9b7329b18bd105d3  991ded8f0e3d5c84    200   390    390      198    780   12(0)     40(16)     0     0
  68  121fa3306c5a5012  4f75766767df4132  ea2cc4841aeea052    200   414    414      202    799   13(0)     38(24)     0     0
  69  a9b80d41a149a464  144d71b30b54a41b  aa8ea173185b8652    200   443    443      204    802   13(0)     36(24)     0     0
  70  bdb965692444de18  0bbd9999c8fab412  4d16232fbc3c5ac4    200   479    479      210    823   13(0)     33(33)     0     0
  71  1b2192f917c7071b  3cd8fd546c334cc8  1f7f1cda2c3a0ad3    200   525    525      212    831   14(0)     34(21)     0     0
  72  c92001767661535c  3067167a19d02b01  ed8d3795e0680583    200   565    565      220    864   14(0)     33(37)     0     0
  73  e7c2d52af8b57ff6  22b30c01adfc914b  20012e56c8b6e24e    200   575    575      224    872   15(0)     32(38)     0     0
  74  84a049bbedf69b63  965a89a45e807fd2  8058e76820b9a4b1    200   574    574      228    898   13(0)     31(36)     0     0
  75  9b9082543c0a6227  6f4e6e86b559fbb4  f2a12a335a3f806e    200   594    594      231    907   15(0)     32(44)     0     0
  76  ecf2a59e2bf35b7d  88bf9204a1b079b4  fffd800045c1a3f4    200   611    611      233    906   17(0)     31(47)     0     0
  77  ab8e8df61875a7bf  70570799647b391a  1348517a53158839    200   621    621      245    940   17(0)     34(55)     0     0
  78  9e56edfb6be00e7f  9c53550752e00431  a82efc2992a4894d    200   632    632      245    935   17(0)     31(103)     0     0
  79  821bea97dc8bcea6  ab0fa929832880bc  7194e505c337b706    200   640    640      237    906   17(0)     35(101)     0     0
  80  3a66c9fea6bc4e79  44bdfc8042a615e6  934964ef2d06e8b8    200   650    650      240    924   17(0)     43(86)     0     0
  81  f2279f83058a6e43  1c23048627609176  0a0ea6c6bf82b694    200   674    674      244    943   19(0)     45(86)     0     0
  82  17355018b83a5be9  fb1e9aa6103a418e  4cb33df931eea48c    200   685    685      249    959   19(0)     43(85)     0     0
  83  0de6af9de57538db  1fe68dc94caab3ca  1592f0613c87a7de    200   709    709      243    936   19(0)     43(69)     0     0
  84  781667183d0738e7  82c69ea6de0cb820  981637510944ebd6    200   713    713      256    989   19(0)     42(71)     0     0
  85  10e2b55a33cc54b9  9368b4b652e1b1f1  472ee19f09492ef5    200   725    725      266   1022   19(0)     36(81)     0     0
  86  e2703f1305e3a0ce  f59542f4888bd4a8  72d0ca0fccea54fc    200   721    721      265   1024   18(0)     36(80)     0     0
  87  e5f425c73df4d1c4  b14eaa378b542138  9b61db4ef7ce1d2c    200   730    730      264   1017   18(0)     36(79)     0     0
  88  6f8171eb4ca08bcc  962646e482bb8d0a  6fb99bf2bd87856f    200   733    733      269   1025   18(0)     38(95)     0     0
  89  ea29caa9e56aa16f  0c95a57ff9ea6465  0f2bc03f8cb93269    200   743    743      266   1016   18(0)     36(95)     0     0
  90  8b3750cb3b48ee25  2138e7cec00f8257  7f1b67d5744ffc7d    200   734    734      273   1049   18(0)     36(122)     0     0
  91  647ae02ed8a9fd31  a81367ad914ef522  04aa8b7560f56198    200   741    741      276   1060   18(0)     36(137)     0     0
  92  faea012f931f7345  1066c039007d6d0b  509d08cfdb466b61    200   743    743      279   1072   17(0)     38(142)     0     0
  93  a67796edaa73cac1  6308ce926d016ef0  8406477dccb4cae0    200   750    750      280   1084   17(0)     35(135)     0     0
  94  44cf24df609535e0  9e22a5f8547882d0  9745b3f0b46a213b    200   760    760      288   1109   17(0)     36(134)     0     0
  95  0cd93925670502df  1aec937481972299  db4664da680b1480    200   771    771      290   1117   17(0)     32(128)     0     0
  96  6230471dd1ea5dad  13a62875d463830b  ac018aeb6b5f5493    200   772    772      293   1123   17(0)     33(124)     0     0
  97  9fdec1e4bcc78d3b  596f31078eafef47  d914264b99128a65    200   782    782      295   1134   18(0)     32(125)     0     0
  98  c6d3f1fd8fbe4bbc  3d11e667094ed365  2efde04b4dcfe6e1    200   800    800      301   1161   18(0)     31(125)     0     0
  99  d2c7a0bf2245a66b  24d6f6bb98003720  e2e67151fda10979    200   808    808      305   1180   18(0)     27(132)     0     0
 100  c156ab12b61084e6  83cdc68bb70765fb  477b4c151edd3bd9    200   822    822      307   1189   18(0)     25(142)     0     0
 101  4996e923e45dc5dd  9ea3696ddd0fe6c5  7ce3c6d41fa87210    200   826    826      315   1208   18(0)     25(131)     0     0
 102  aa057a491ec2b368  fbe81bd88b3ffeed  b6a19a200cbea28a    200   829    829      315   1198   18(0)     20(148)     0     0
 103  c731b85069b12abe  48e9235a849f65e5  f8d1661c3c6b4cbf    200   841    841      318   1211   18(0)     20(155)     0     0
 104  a70ca277daeb0021  5c64744ecb3a56d4  f93b8cb9f4d55497    200   856    856      326   1231   18(0)     20(158)     0     0
 105  e99bd2351869b879  d91392f5714a2af0  dec862e44ae33aed    200   861    861      323   1216   19(0)     19(161)     0     0
 106  8242793e8595be97  332ce7d19320f3c9  9041fbfbd47aa24e    200   861    861      323   1221   19(0)     20(160)     0     0
 107  fe0776abce6d5d58  3ab9defaaa2f4511  4076c0de37ded0ce    200   868    868      326   1236   19(0)     20(160)     0     0
 108  625d2f9503d021b3  40788ba4486e3b48  1dfe97ac66a34231    200   874    874      326   1239   19(0)     21(160)     0     0
 109  be1a4bda857b9e55  b1f59d2d7ea346e3  3e0dcffd1dda5f2d    200   892    892      332   1267   19(0)     21(160)     0     0
 110  15dd0562621199ee  3bdf2bfa0c2376a2  8357b220b17100af    200   887    887      334   1271   18(0)     19(169)     0     0
 111  d2eab76d6cd73910  bd3a7cbbea8e14e5  68566683827da344    199   890    889      342   1295   19(0)     19(167)     1     0
 112  6a468fd30cc2f92b  3200e8844d73844b  a6c2b2ec193e1700    199   898    897      351   1334   19(0)     14(174)     0     0
 113  fa9150bd0a523f83  97d5e946ef93fd45  ea3963308d202af1    199   900    899      352   1336   18(0)     15(174)     0     0
 114  92123299a2f543e1  a1cb068afc8a9dcd  ce9b75ba4c1a1422    199   910    909      351   1336   21(0)     14(181)     0     0
 115  80c5b8ac6d44f28e  c41351ffb66e7bb6  96da0da165f9b479    199   920    919      359   1368   21(0)     15(180)     0     0
 116  6a439624a165bc5b  75d349e278b2ed64  92ad99f0fbd6adb6    199   921    920      356   1362   21(0)     15(181)     0     0
 117  bb130ab32c02e19c  862cf6d4e98f830b  15cc02a745ac9b74    199   937    936      358   1367   22(0)     18(171)     0     0
 118  5683f56bc8c54c17  84d0e87bfa72f6a3  90864e5019b0d76f    199   945    944      361   1382   23(0)     20(166)     0     0
 119  96dd284a5934c0b3  63c4c357d77c19de  10be6ca41f3361f3    199   949    948      364   1385   23(0)     19(167)     0     0
 120  3ebd7a4919dcea67  ba4bbf17ca38c923  9037d9a4389f70bd    199   952    951      366   1393   22(0)     16(173)     0     0
 180  af8211e8de84d95d  1d35fe1c98a7bff9  947bf1975baa9cc2    198  1158   1154      453   1729   26(0)      3(195)     0     0
 240  fc982915ed3f5e9b  0830fbc31a280c6b  c25e622d7f9c0dde    197  1164   1158      461   1750   24(0)      1(197)     0     0
 300  8376f0030f0a1977  2df1de437278db4d  258738ddd3b83a1d    197  1172   1166      468   1777   24(0)      1(197)     0     0
 360  90f7a9e6cfe2f432  ce75fe0d5525b91b  01a88fbc4a41392c      0  1172      0      468   1777    0(0)      0(0)     0     0
 420  90f7a9e6cfe2f432  ce75fe0d5525b91b  01a88fbc4a41392c      0  1172      0      468   1777    0(0)      0(0)     0     0
 480  90f7a9e6cfe2f432  ce75fe0d5525b91b  01a88fbc4a41392c      0  1172      0      468   1777    0(0)      0(0)     0     0
 540  90f7a9e6cfe2f432  ce75fe0d5525b91b  01a88fbc4a41392c      0  1172      0      468   1777    0(0)      0(0)     0     0
 600  90f7a9e6cfe2f432  ce75fe0d5525b91b  01a88fbc4a41392c      0  1172      0      468   1777    0(0)      0(0)     0     0
 660  90f7a9e6cfe2f432  ce75fe0d5525b91b  01a88fbc4a41392c      0  1172      0      468   1777    0(0)      0(0)     0     0
 720  90f7a9e6cfe2f432  ce75fe0d5525b91b  01a88fbc4a41392c      0  1172      0      468   1777    0(0)      0(0)     0     0
 780  90f7a9e6cfe2f432  ce75fe0d5525b91b  01a88fbc4a41392c      0  1172      0      468   1777    0(0)      0(0)     0     0
 840  90f7a9e6cfe2f432  ce75fe0d5525b91b  01a88fbc4a41392c      0  1172      0      468   1777    0(0)      0(0)     0     0
 900  90f7a9e6cfe2f432  ce75fe0d5525b91b  01a88fbc4a41392c      0  1172      0      468   1777    0(0)      0(0)     0     0
 960  90f7a9e6cfe2f432  ce75fe0d5525b91b  01a88fbc4a41392c      0  1172      0      468   1777    0(0)      0(0)     0     0
1020  90f7a9e6cfe2f432  ce75fe0d5525b91b  01a88fbc4a41392c      0  1172      0      468   1777    0(0)      0(0)     0     0
1080  90f7a9e6cfe2f432  ce75fe0d5525b91b  01a88fbc4a41392c      0  1172      0      468   1777    0(0)      0(0)     0     0
1140  90f7a9e6cfe2f432  ce75fe0d5525b91b  01a88fbc4a41392c      0  1172      0      468   1777    0(0)      0(0)     0     0
1200  90f7a9e6cfe2f432  ce75fe0d5525b91b  01a88fbc4a41392c      0  1172      0      468   1777    0(0)      0(0)     0     0
1260  90f7a9e6cfe2f432  ce75fe0d5525b91b  01a88fbc4a41392c      0  1172      0      468   1777    0(0)      0(0)     0     0
1320  90f7a9e6cfe2f432  ce75fe0d5525b91b  01a88fbc4a41392c      0  1172      0      468   1777    0(0)      0(0)     0     0
1380  90f7a9e6cfe2f432  ce75fe0d5525b91b  01a88fbc4a41392c      0  1172      0      468   1777    0(0)      0(0)     0     0
1440  90f7a9e6cfe2f432  ce75fe0d5525b91b  01a88fbc4a41392c      0  1172      0      468   1777    0(0)      0(0)     0     0
1500  90f7a9e6cfe2f432  ce75fe0d5525b91b  01a88fbc4a41392c      0  1172      0      468   1777    0(0)      0(0)     0     0
1560  90f7a9e6cfe2f432  ce75fe0d5525b91b  01a88fbc4a41392c      0  1172      0      468   1777    0(0)      0(0)     0     0
1620  90f7a9e6cfe2f432  ce75fe0d5525b91b  01a88fbc4a41392c      0  1172      0      468   1777    0(0)      0(0)     0     0
1680  90f7a9e6cfe2f432  ce75fe0d5525b91b  01a88fbc4a41392c      0  1172      0      468   1777    0(0)      0(0)     0     0
1740  90f7a9e6cfe2f432  ce75fe0d5525b91b  01a88fbc4a41392c      0  1172      0      468   1777    0(0)      0(0)     0     0
1800  90f7a9e6cfe2f432  ce75fe0d5525b91b  01a88fbc4a41392c      0  1172      0      468   1777    0(0)      0(0)     0     0
1860  90f7a9e6cfe2f432  ce75fe0d5525b91b  01a88fbc4a41392c      0  1172      0      468   1777    0(0)      0(0)     0     0
1920  90f7a9e6cfe2f432  ce75fe0d5525b91b  01a88fbc4a41392c      0  1172      0      468   1777    0(0)      0(0)     0     0
1980  90f7a9e6cfe2f432  ce75fe0d5525b91b  01a88fbc4a41392c      0  1172      0      468   1777    0(0)      0(0)     0     0
2040  90f7a9e6cfe2f432  ce75fe0d5525b91b  01a88fbc4a41392c      0  1172      0      468   1777    0(0)      0(0)     0     0
2100  90f7a9e6cfe2f432  ce75fe0d5525b91b  01a88fbc4a41392c      0  1172      0      468   1777    0(0)      0(0)     0     0
2160  90f7a9e6cfe2f432  ce75fe0d5525b91b  01a88fbc4a41392c      0  1172      0      468   1777    0(0)      0(0)     0     0
2220  90f7a9e6cfe2f432  ce75fe0d5525b91b  01a88fbc4a41392c      0  1172      0      468   1777    0(0)      0(0)     0     0
2280  90f7a9e6cfe2f432  ce75fe0d5525b91b  01a88fbc4a41392c      0  1172      0      468   1777    0(0)      0(0)     0     0
2340  90f7a9e6cfe2f432  ce75fe0d5525b91b  01a88fbc4a41392c      0  1172      0      468   1777    0(0)      0(0)     0     0
2400  90f7a9e6cfe2f432  ce75fe0d5525b91b  01a88fbc4a41392c      0  1172      0      468   1777    0(0)      0(0)     0     0
2460  90f7a9e6cfe2f432  ce75fe0d5525b91b  01a88fbc4a41392c      0  1172      0      468   1777    0(0)      0(0)     0     0
2520  90f7a9e6cfe2f432  ce75fe0d5525b91b  01a88fbc4a41392c      0  1172      0      468   1777    0(0)      0(0)     0     0
2580  90f7a9e6cfe2f432  ce75fe0d5525b91b  01a88fbc4a41392c      0  1172      0      468   1777    0(0)      0(0)     0     0
2640  90f7a9e6cfe2f432  ce75fe0d5525b91b  01a88fbc4a41392c      0  1172      0      468   1777    0(0)      0(0)     0     0
2700  90f7a9e6cfe2f432  ce75fe0d5525b91b  01a88fbc4a41392c      0  1172      0      468   1777    0(0)      0(0)     0     0
2760  90f7a9e6cfe2f432  ce75fe0d5525b91b  01a88fbc4a41392c      0  1172      0      468   1777    0(0)      0(0)     0     0
2820  90f7a9e6cfe2f432  ce75fe0d5525b91b  01a88fbc4a41392c      0  1172      0      468   1777    0(0)      0(0)     0     0
2880  90f7a9e6cfe2f432  ce75fe0d5525b91b  01a88fbc4a41392c      0  1172      0      468   1777    0(0)      0(0)     0     0
2940  90f7a9e6cfe2f432  ce75fe0d5525b91b  01a88fbc4a41392c      0  1172      0      468   1777    0(0)      0(0)     0     0
3000  90f7a9e6cfe2f432  ce75fe0d5525b91b  01a88fbc4a41392c      0  1172      0      468   1777    0(0)      0(0)     0     0
3060  90f7a9e6cfe2f432  ce75fe0d5525b91b  01a88fbc4a41392c      0  1172      0      468   1777    0(0)      0(0)     0     0
3120  90f7a9e6cfe2f432  ce75fe0d5525b91b  01a88fbc4a41392c      0  1172      0      468   1777    0(0)      0(0)     0     0
3180  90f7a9e6cfe2f432  ce75fe0d5525b91b  01a88fbc4a41392c      0  1172      0      468   1777    0(0)      0(0)     0     0
3240  90f7a9e6cfe2f432  ce75fe0d5525b91b  01a88fbc4a41392c      0  1172      0      468   1777    0(0)      0(0)     0     0
3300  90f7a9e6cfe2f432  ce75fe0d5525b91b  01a88fbc4a41392c      0  1172      0      468   1777    0(0)      0(0)     0     0
3360  90f7a9e6cfe2f432  ce75fe0d5525b91b  01a88fbc4a41392c      0  1172      0      468   1777    0(0)      0(0)     0     0
3420  90f7a9e6cfe2f432  ce75fe0d5525b91b  01a88fbc4a41392c      0  1172      0      468   1777    0(0)      0(0)     0     0
3480  90f7a9e6cfe2f432  ce75fe0d5525b91b  01a88fbc4a41392c      0  1172      0      468   1777    0(0)      0(0)     0     0
3540  90f7a9e6cfe2f432  ce75fe0d5525b91b  01a88fbc4a41392c      0  1172      0      468   1777    0(0)      0(0)     0     0
3600  90f7a9e6cfe2f432  ce75fe0d5525b91b  01a88fbc4a41392c      0  1172      0      468   1777    0(0)      0(0)     0     0
threads 1: 0.380 ms/tick, saturations 0, floating-point sentinel clean; per-tick hashes (reference)
threads 8: 0.256 ms/tick, saturations 0, floating-point sentinel clean; per-tick hashes identical
solve: every dynamic body asleep from tick 324; deepest point -0.167861 m (tick 69, bodies 144 169), at rest (the 60 ticks before every body sleeps, or the last 60) -0.0232141 m (tick 268, bodies 5 130); at most 341 dispatches a tick
rest: after tick 3600, over every touching pair (sleeping ones too): deepest point -0.00885558 m (bodies 15 40), 468 touching pairs
toy V4 pile200: run hash 55a4ef2eb687ee23, final bodies 90f7a9e6cfe2f432 manifolds ce75fe0d5525b91b stages 01a88fbc4a41392c, threads agree, saturations 0 (twin: gcc 13.3.0, aarch64, contraction off)
