toy pile200, dialect F, 3600 ticks, threads 1 8; gravity 10, sleep on, contact recycling on
twin: gcc 13.3.0, aarch64, contraction off
layout sizes C/twin: Hull 68/68 HullFace 24/24 BodyState 60/60 BodyPose 28/28 BodyMass 80/80 Aabb 32/32 Params 184/184 Hash2 8/8 V3 12/12 Pair 24/24 Manifold 348/348 SatAxis 72/72 NarrowDiag 64/64 Constraint 460/460
scene pile200 (seed 4): 205 bodies (5 static), 203 hulls (40 irregular chunks, 26 redrawn), largest hull 14 vertices 9 faces 42 half-edges; mass 5.02 to 51.19 kg; quantisation range errors 0
  hull 0 (box 12 x 1 x 12 m): volume 144 (8abc 144), Ixx/density 1740 (V(b^2+c^2)/3 1740), Ixy -0
traj /home/consulear/lpf-m11/lab/gpu/results/spark-gb10/toy/sanity_F.pile200-s4.traj: 3601 records of 205 bodies, every 1 ticks
tick  bodies-hash       manifolds-hash    stages-hash       awake pairs active touching points colours(ovf) islands(largest) slept woken
   1  8890f73044ee6c5d  0000000000000000  946e2557b1056391    200     0      0        0      0    0(0)    200(1)     0     0
   2  4902f7ed150f4f1d  0000000000000000  946e2557b1056391    200     0      0        0      0    0(0)    200(1)     0     0
   3  09869d5cd8f23aa5  0000000000000000  946e2557b1056391    200     0      0        0      0    0(0)    200(1)     0     0
   4  6db4155091da36b5  0000000000000000  946e2557b1056391    200     0      0        0      0    0(0)    200(1)     0     0
   5  d8b19141651e043d  0000000000000000  946e2557b1056391    200     0      0        0      0    0(0)    200(1)     0     0
   6  3b2de6ff16aeab8f  0000000000000000  946e2557b1056391    200     0      0        0      0    0(0)    200(1)     0     0
   7  75eed4e781c6ff37  0000000000000000  946e2557b1056391    200     0      0        0      0    0(0)    200(1)     0     0
   8  a44676426032a0a3  0000000000000000  946e2557b1056391    200     0      0        0      0    0(0)    200(1)     0     0
   9  33d8c3ab4fbebad3  0000000000000000  946e2557b1056391    200     0      0        0      0    0(0)    200(1)     0     0
  10  d83dce78ab780e43  0000000000000000  946e2557b1056391    200     0      0        0      0    0(0)    200(1)     0     0
  11  e65e02a1d6568485  0000000000000000  946e2557b1056391    200     0      0        0      0    0(0)    200(1)     0     0
  12  9979e9cb4ef9ce74  0000000000000000  946e2557b1056391    200     0      0        0      0    0(0)    200(1)     0     0
  13  9768e34dedcad3c6  0000000000000000  946e2557b1056391    200     0      0        0      0    0(0)    200(1)     0     0
  14  8b356523f27fb860  0000000000000000  946e2557b1056391    200     0      0        0      0    0(0)    200(1)     0     0
  15  346dfa062a1e1273  0000000000000000  946e2557b1056391    200     0      0        0      0    0(0)    200(1)     0     0
  16  6d8272bf5d2bb88f  0000000000000000  946e2557b1056391    200     0      0        0      0    0(0)    200(1)     0     0
  17  53ab80d56e349e3f  0000000000000000  946e2557b1056391    200     0      0        0      0    0(0)    200(1)     0     0
  18  897c8b79ecca137b  0000000000000000  946e2557b1056391    200     0      0        0      0    0(0)    200(1)     0     0
  19  8398c5432191ba3c  0000000000000000  946e2557b1056391    200     0      0        0      0    0(0)    200(1)     0     0
  20  82a505c3d6bbc90a  0000000000000000  946e2557b1056391    200     0      0        0      0    0(0)    200(1)     0     0
  21  911bde6fcfd8f49f  0000000000000000  946e2557b1056391    200     0      0        0      0    0(0)    200(1)     0     0
  22  de3bba11ce46bbcf  0000000000000000  946e2557b1056391    200     0      0        0      0    0(0)    200(1)     0     0
  23  aa6c5719eecce623  0000000000000000  946e2557b1056391    200     0      0        0      0    0(0)    200(1)     0     0
  24  c07fbabedf02defb  0000000000000000  946e2557b1056391    200     0      0        0      0    0(0)    200(1)     0     0
  25  25cd6fa042b40da1  0000000000000000  946e2557b1056391    200     0      0        0      0    0(0)    200(1)     0     0
  26  93cbef509f312b84  0000000000000000  946e2557b1056391    200     0      0        0      0    0(0)    200(1)     0     0
  27  8ee0559bf1aef996  0000000000000000  946e2557b1056391    200     0      0        0      0    0(0)    200(1)     0     0
  28  4cf01111ac7df880  0000000000000000  946e2557b1056391    200     0      0        0      0    0(0)    200(1)     0     0
  29  75056e4ca6127beb  0000000000000000  946e2557b1056391    200     0      0        0      0    0(0)    200(1)     0     0
  30  2cdff519a9039cb6  0000000000000000  946e2557b1056391    200     0      0        0      0    0(0)    200(1)     0     0
  31  3096abc2965c1a2d  0000000000000000  946e2557b1056391    200     0      0        0      0    0(0)    200(1)     0     0
  32  34494ea837abbfa3  0000000000000000  946e2557b1056391    200     0      0        0      0    0(0)    200(1)     0     0
  33  6d7cf75a97495880  0000000000000000  946e2557b1056391    200     0      0        0      0    0(0)    200(1)     0     0
  34  64c01712587fdadb  0000000000000000  946e2557b1056391    200     0      0        0      0    0(0)    200(1)     0     0
  35  d82574c9b46922b7  0000000000000000  946e2557b1056391    200     0      0        0      0    0(0)    200(1)     0     0
  36  9fe2e9a4ff9ef26f  0000000000000000  946e2557b1056391    200     0      0        0      0    0(0)    200(1)     0     0
  37  f072a357479a9bdf  0000000000000000  946e2557b1056391    200     0      0        0      0    0(0)    200(1)     0     0
  38  5227dccb9dc70593  0000000000000000  946e2557b1056391    200     0      0        0      0    0(0)    200(1)     0     0
  39  8939a268b7856c7b  0000000000000000  946e2557b1056391    200     0      0        0      0    0(0)    200(1)     0     0
  40  87f3edc778997cc3  0000000000000000  946e2557b1056391    200     0      0        0      0    0(0)    200(1)     0     0
  41  580218bf1d90cbdb  0000000000000000  946e2557b1056391    200     0      0        0      0    0(0)    200(1)     0     0
  42  cb4bc8033a5c3992  0000000000000000  946e2557b1056391    200     0      0        0      0    0(0)    200(1)     0     0
  43  a405ed06ebceb3cb  0000000000000000  946e2557b1056391    200     0      0        0      0    0(0)    200(1)     0     0
  44  2f50b648417cfe31  0000000000000000  946e2557b1056391    200     0      0        0      0    0(0)    200(1)     0     0
  45  19c7a42e9d830c3d  a367f7f081d23ea2  3d67a93ae07e6c72    200    23     23        1      4    1(0)    200(1)     0     0
  46  8bc3c3f5250b682b  501629dd2f3a6392  b8c2ee09d3b1b982    200    26     26       24     96    2(0)    200(1)     0     0
  47  15b422fbaf23a711  8bff8c2b5facf340  7ca10d81d706e841    200    33     33       26    104    2(0)    200(1)     0     0
  48  9721af056aeb5a3c  fb4b497b3cdbe686  780620c938d53706    200    51     51       32    127    3(0)    199(2)     0     0
  49  654982d39a2cb5df  4116339d98129500  0fb831335c3dfc6b    200    56     56       46    183    3(0)    193(2)     0     0
  50  b533e57c25dc5404  29181046d20851c9  422509d3eb2378be    200    65     65       52    207    3(0)    177(2)     0     0
  51  473b8cb5ba88771e  b607a9bf7fc13c24  105c5419cc6e5c89    200    82     82       59    232    5(0)    171(3)     0     0
  52  dfab4900af36edf0  13873f88232a82b0  401f57e4d6b3635e    200    95     95       70    278    5(0)    164(3)     0     0
  53  5a74c423112e589d  fad27af175a5dbbd  ba3cac8aebc58688    200   103    103       80    318    5(0)    155(3)     0     0
  54  61515bbb49fc1c3f  514033eddcd77a17  2f6672439d0b12c9    200   117    117       86    340    6(0)    146(6)     0     0
  55  825d3518964f7232  8d54a81f68fbead5  6590a5c16b6c42bf    200   136    136       93    370    6(0)    140(6)     0     0
  56  89867a036b44cdd0  68cb53d949f33179  9b7dfde9b6c681c7    200   149    149      108    423    6(0)    132(8)     0     0
  57  d183ce195ab137ab  5edc90ac3f1b54bd  f53caada20acbda4    200   168    168      116    456    7(0)    119(9)     0     0
  58  72cb878006f99aa8  15732f0340b239e9  e1d30a8af197de1e    200   198    198      128    503    8(0)    112(10)     0     0
  59  de8adbff976c1267  41fe4af50ec70317  3ae7bb123e2d2972    200   220    220      142    565   11(0)    103(11)     0     0
  60  a53d6b7177dac808  8577839abffd2be2  a1946d92d78e3695    200   256    256      145    573   13(0)     90(12)     0     0
  61  e3688cf1d453382b  a0035bc18f93b39a  1ba724763fa92e0a    200   299    299      158    627   13(0)     87(11)     0     0
  62  20230b1a50ce7cdb  c7b305f0af18b8bd  3f4ae8648004a3e8    200   336    336      169    665   11(0)     75(15)     0     0
  63  2913fbdb1af46f02  8d53a0697656806b  c9fffa06d5dc04f9    200   367    367      184    722   12(0)     68(22)     0     0
  64  e6919271d7017a01  df3a6439f974fcd4  3bd7ace589a3203c    200   406    406      195    762   13(0)     59(30)     0     0
  65  274a9f7474b66730  54bef52cf2b0eff0  d6f6af449072e91e    200   448    448      205    796   15(0)     44(35)     0     0
  66  31b3e723a764306c  d17f92c604cfb426  8537e1b19b5732bb    200   489    489      213    833   16(0)     42(34)     0     0
  67  9038db3d3076d3a1  e916de4c87a0e7c5  e9404b7040825627    200   524    524      225    881   16(0)     33(35)     0     0
  68  07c3c9bb7f0bfecc  d8d374950e3320f5  35e78b2aa45f285a    200   585    585      223    866   18(0)     23(58)     0     0
  69  bd799a78b3b0c25c  21f99485821167d8  434b39ba52077ce7    200   623    623      228    887   18(0)     23(59)     0     0
  70  b6c344f3d36a6ae1  d48fee8b38615110  c26021e83553d3d3    200   668    668      236    911   18(0)     27(56)     0     0
  71  7b07ddd6f4fecfab  f3f8c768d0d41bf4  e526db8f63498bbf    200   712    712      238    920   19(0)     26(73)     0     0
  72  1bf92376b88cdb63  2f2bb15618523a03  579efbf73c0f52cc    200   749    749      246    948   19(0)     28(78)     0     0
  73  7cd1ad69462d068b  dce65de0c59a705c  2f01a0cae9e2ab3e    200   795    795      255    986   20(0)     32(73)     0     0
  74  e1350bc13000fc28  25b8e63eed9dfff1  a8ad52eb9f750b86    200   831    831      261   1004   19(0)     30(117)     0     0
  75  c00d577a57444813  9b2c45817886a963  535408c617008396    200   853    853      278   1067   20(0)     28(121)     0     0
  76  83a4d3a933d1f64b  ac00382cd57cc5f4  87603e59907b0158    200   862    862      277   1066   21(0)     22(131)     0     0
  77  d5e539285e51edff  371c78a8a16f1700  2f6956a83b3b80c3    200   873    873      283   1078   23(0)     21(169)     0     0
  78  eec0619f768c861b  fd6335b3583875aa  8b9186ad3b821ad8    200   876    876      287   1093   22(0)     19(176)     0     0
  79  f4835415a60e7961  fd5d4d0c1286b43f  3a9019df64834881    200   909    909      294   1130   22(0)     20(175)     0     0
  80  88d79a44701cdb63  a4ceaf56443586b5  07a286a38e72fb68    200   933    933      299   1158   23(0)     21(175)     0     0
  81  9150d44672d84758  2c54452400870553  1d4e30613e9357af    200   970    970      305   1168   23(0)     20(175)     0     0
  82  962064b36ac302e3  f33494c3fdf6376b  7992aaa0c2c29b00    200   970    970      313   1193   24(0)     21(174)     0     0
  83  5abd0ef75ff9b847  4c9b0709869d1889  76d54d30519d15a7    200   972    972      315   1196   24(0)     20(174)     0     0
  84  f40c784db7e31d17  2822c1135d10751e  8de0ece800e2d7fd    200   986    986      311   1180   24(0)     24(161)     0     0
  85  2e1fa9fef981c72d  4662cb19050a36c7  6b6812df468458fb    200   987    987      317   1206   23(0)     24(163)     0     0
  86  31d13cfd9ddf6dd9  af8cffb08c3cabc5  e34a236456f44a19    200   997    997      318   1209   23(0)     25(164)     0     0
  87  795c451f4420aeb0  777fb15e5bbbca8d  3c8c22660fe3d417    200   992    992      322   1224   22(0)     25(165)     0     0
  88  382941fe42911310  19df23bd73b7a55d  74ce870703bac9fc    200   995    995      322   1227   22(0)     24(166)     0     0
  89  ea3edd088c1bcb9e  0134b909801af76b  ab46929b7bcb6249    200  1012   1012      329   1249   21(0)     25(165)     0     0
  90  a7db02622735fb5c  6133c74fbb730726  cdbfc41a9337ae7d    200  1019   1019      332   1274   22(0)     21(169)     0     0
  91  6134f2ed07d95e30  8f3a0d0838ac9294  18674de0e1d7ebc5    200  1031   1031      336   1288   21(0)     20(170)     0     0
  92  fcade4657d31c908  7a31a5a834b1335f  0052af0e47497095    200  1037   1037      341   1307   21(0)     17(172)     0     0
  93  4e94e6f4caaf2576  41285ea278f4ecf2  925413b68dd8382f    200  1049   1049      343   1315   22(0)     17(173)     0     0
  94  d8d927f016aac86a  1197ec2b3331e9c9  c91c3243761c2ec0    200  1061   1061      348   1330   21(0)     16(179)     0     0
  95  812dcd9744ae65ff  d1d812b628d237af  858dd2e1a401cd25    200  1069   1069      362   1380   21(0)     15(180)     0     0
  96  ac6fa2567376021e  f99c627a05ca2a40  21fc8aaa6c8fce7c    200  1081   1081      364   1388   21(0)     14(181)     0     0
  97  02538e567fdf7ea2  b08a05650723577c  b78233b0bd69dab2    200  1087   1087      371   1415   21(0)     14(181)     0     0
  98  f2bb4917eab620b8  fc724e8b1114d57b  3446bc8df334aec6    200  1092   1092      364   1394   21(0)     13(182)     0     0
  99  516a66f06a77df1f  815617a6dbc27ce8  82891289414b2558    200  1097   1097      365   1402   22(0)     15(185)     0     0
 100  9c5693b801567b79  c643b2a443265bb4  2076ae85d25b4c72    200  1102   1102      370   1426   22(0)     16(184)     0     0
 101  e5dc1152f975878f  b799c79727350fa4  a51a90111741a1de    200  1110   1110      378   1453   22(0)     17(183)     0     0
 102  2369729066b49f21  b071f301cadcbca0  b0596b069c9596f1    200  1110   1110      386   1482   22(0)     16(184)     0     0
 103  517db4878f222445  9af139aed4f9c976  24f79c4ac16499aa    200  1115   1115      392   1499   22(0)     16(184)     0     0
 104  381f23ae9cc1b45b  4d0463453894c82c  6ff016e886b7937b    200  1126   1126      402   1531   22(0)     17(183)     0     0
 105  16dc74a963f4da8f  377b7b8ab7e721fb  c0456c531e0de3ec    200  1133   1133      410   1559   22(0)     17(183)     0     0
 106  64f387421cf4e70a  5e3996ad67a83bfc  48f22858ebd8f004    200  1146   1146      404   1541   23(0)     15(185)     0     0
 107  6c90e42c860206a8  203f7c15edf73740  c44e446f900b2f0f    200  1156   1156      405   1550   23(0)     16(184)     0     0
 108  d189aa28f403658c  0faf5291710e6f7b  0d2f7e822439fa61    200  1156   1156      413   1577   23(0)     15(186)     0     0
 109  e793ecf5b453c3b9  130b804b46404a32  4f48e2744a4ebf14    200  1168   1168      418   1591   23(0)     13(187)     0     0
 110  ec2e2a2a91cef5ee  cc7d6982ba4247c4  495dc963f40acc8e    200  1172   1172      419   1601   23(0)     15(185)     0     0
 111  db6c1407269cded6  9380c49034958da2  04bf7ad565e552f6    200  1169   1169      427   1616   23(0)     14(185)     0     0
 112  188d9953f8531cad  8c2e17b1bd2e65c1  dd6f71042c90975e    200  1168   1168      432   1638   23(0)     11(186)     0     0
 113  b93f6100fd81ca64  e88fb3e66d06ce49  8e4235fdee953e36    200  1170   1170      436   1651   23(0)     11(187)     0     0
 114  e11ddaa998739654  4a568b382be24666  91b1804887807f79    200  1173   1173      435   1649   23(0)     10(189)     0     0
 115  6f49114f36bf5bbf  2b60d54bd9d2b9cc  0b1d654d953a0d2b    200  1178   1178      435   1645   23(0)     12(186)     0     0
 116  037af242ce9b9659  cf60aa828cc57d8f  1ce459a69aed6159    200  1176   1176      436   1653   23(0)     13(185)     0     0
 117  d058719a973f820e  5933601c56feaf48  bfe3fc27e54f8ac2    200  1176   1176      439   1655   23(0)     13(184)     0     0
 118  35f71555521e832f  d942e40ea3d4a546  71a11dcd94c96316    200  1177   1177      442   1664   23(0)     12(185)     0     0
 119  8c8ece061946fc4a  8b3acb65127fadc3  e6e1b00f5b464add    200  1184   1184      447   1682   23(0)     12(185)     0     0
 120  43a29c5670c2062a  0e098fa836cae00f  e9061922830e7f68    200  1191   1191      451   1697   23(0)     10(187)     0     0
 180  4fc85be116438981  d62d7dede4d47b22  51ca4c16e00501ae    194  1219   1207      474   1791   25(0)      1(194)     0     0
 240  aae4edb4b933e8fa  317b0336c6d9df96  e937b06616164edd    194  1240   1228      474   1798   25(0)      1(194)     0     0
 300  0dd6622954155d8e  1ed14a404b191e49  24bdddc70f2c51a5      0  1241      0      476   1806    0(0)      0(0)     0     0
 360  0dd6622954155d8e  1ed14a404b191e49  24bdddc70f2c51a5      0  1241      0      476   1806    0(0)      0(0)     0     0
 420  0dd6622954155d8e  1ed14a404b191e49  24bdddc70f2c51a5      0  1241      0      476   1806    0(0)      0(0)     0     0
 480  0dd6622954155d8e  1ed14a404b191e49  24bdddc70f2c51a5      0  1241      0      476   1806    0(0)      0(0)     0     0
 540  0dd6622954155d8e  1ed14a404b191e49  24bdddc70f2c51a5      0  1241      0      476   1806    0(0)      0(0)     0     0
 600  0dd6622954155d8e  1ed14a404b191e49  24bdddc70f2c51a5      0  1241      0      476   1806    0(0)      0(0)     0     0
 660  0dd6622954155d8e  1ed14a404b191e49  24bdddc70f2c51a5      0  1241      0      476   1806    0(0)      0(0)     0     0
 720  0dd6622954155d8e  1ed14a404b191e49  24bdddc70f2c51a5      0  1241      0      476   1806    0(0)      0(0)     0     0
 780  0dd6622954155d8e  1ed14a404b191e49  24bdddc70f2c51a5      0  1241      0      476   1806    0(0)      0(0)     0     0
 840  0dd6622954155d8e  1ed14a404b191e49  24bdddc70f2c51a5      0  1241      0      476   1806    0(0)      0(0)     0     0
 900  0dd6622954155d8e  1ed14a404b191e49  24bdddc70f2c51a5      0  1241      0      476   1806    0(0)      0(0)     0     0
 960  0dd6622954155d8e  1ed14a404b191e49  24bdddc70f2c51a5      0  1241      0      476   1806    0(0)      0(0)     0     0
1020  0dd6622954155d8e  1ed14a404b191e49  24bdddc70f2c51a5      0  1241      0      476   1806    0(0)      0(0)     0     0
1080  0dd6622954155d8e  1ed14a404b191e49  24bdddc70f2c51a5      0  1241      0      476   1806    0(0)      0(0)     0     0
1140  0dd6622954155d8e  1ed14a404b191e49  24bdddc70f2c51a5      0  1241      0      476   1806    0(0)      0(0)     0     0
1200  0dd6622954155d8e  1ed14a404b191e49  24bdddc70f2c51a5      0  1241      0      476   1806    0(0)      0(0)     0     0
1260  0dd6622954155d8e  1ed14a404b191e49  24bdddc70f2c51a5      0  1241      0      476   1806    0(0)      0(0)     0     0
1320  0dd6622954155d8e  1ed14a404b191e49  24bdddc70f2c51a5      0  1241      0      476   1806    0(0)      0(0)     0     0
1380  0dd6622954155d8e  1ed14a404b191e49  24bdddc70f2c51a5      0  1241      0      476   1806    0(0)      0(0)     0     0
1440  0dd6622954155d8e  1ed14a404b191e49  24bdddc70f2c51a5      0  1241      0      476   1806    0(0)      0(0)     0     0
1500  0dd6622954155d8e  1ed14a404b191e49  24bdddc70f2c51a5      0  1241      0      476   1806    0(0)      0(0)     0     0
1560  0dd6622954155d8e  1ed14a404b191e49  24bdddc70f2c51a5      0  1241      0      476   1806    0(0)      0(0)     0     0
1620  0dd6622954155d8e  1ed14a404b191e49  24bdddc70f2c51a5      0  1241      0      476   1806    0(0)      0(0)     0     0
1680  0dd6622954155d8e  1ed14a404b191e49  24bdddc70f2c51a5      0  1241      0      476   1806    0(0)      0(0)     0     0
1740  0dd6622954155d8e  1ed14a404b191e49  24bdddc70f2c51a5      0  1241      0      476   1806    0(0)      0(0)     0     0
1800  0dd6622954155d8e  1ed14a404b191e49  24bdddc70f2c51a5      0  1241      0      476   1806    0(0)      0(0)     0     0
1860  0dd6622954155d8e  1ed14a404b191e49  24bdddc70f2c51a5      0  1241      0      476   1806    0(0)      0(0)     0     0
1920  0dd6622954155d8e  1ed14a404b191e49  24bdddc70f2c51a5      0  1241      0      476   1806    0(0)      0(0)     0     0
1980  0dd6622954155d8e  1ed14a404b191e49  24bdddc70f2c51a5      0  1241      0      476   1806    0(0)      0(0)     0     0
2040  0dd6622954155d8e  1ed14a404b191e49  24bdddc70f2c51a5      0  1241      0      476   1806    0(0)      0(0)     0     0
2100  0dd6622954155d8e  1ed14a404b191e49  24bdddc70f2c51a5      0  1241      0      476   1806    0(0)      0(0)     0     0
2160  0dd6622954155d8e  1ed14a404b191e49  24bdddc70f2c51a5      0  1241      0      476   1806    0(0)      0(0)     0     0
2220  0dd6622954155d8e  1ed14a404b191e49  24bdddc70f2c51a5      0  1241      0      476   1806    0(0)      0(0)     0     0
2280  0dd6622954155d8e  1ed14a404b191e49  24bdddc70f2c51a5      0  1241      0      476   1806    0(0)      0(0)     0     0
2340  0dd6622954155d8e  1ed14a404b191e49  24bdddc70f2c51a5      0  1241      0      476   1806    0(0)      0(0)     0     0
2400  0dd6622954155d8e  1ed14a404b191e49  24bdddc70f2c51a5      0  1241      0      476   1806    0(0)      0(0)     0     0
2460  0dd6622954155d8e  1ed14a404b191e49  24bdddc70f2c51a5      0  1241      0      476   1806    0(0)      0(0)     0     0
2520  0dd6622954155d8e  1ed14a404b191e49  24bdddc70f2c51a5      0  1241      0      476   1806    0(0)      0(0)     0     0
2580  0dd6622954155d8e  1ed14a404b191e49  24bdddc70f2c51a5      0  1241      0      476   1806    0(0)      0(0)     0     0
2640  0dd6622954155d8e  1ed14a404b191e49  24bdddc70f2c51a5      0  1241      0      476   1806    0(0)      0(0)     0     0
2700  0dd6622954155d8e  1ed14a404b191e49  24bdddc70f2c51a5      0  1241      0      476   1806    0(0)      0(0)     0     0
2760  0dd6622954155d8e  1ed14a404b191e49  24bdddc70f2c51a5      0  1241      0      476   1806    0(0)      0(0)     0     0
2820  0dd6622954155d8e  1ed14a404b191e49  24bdddc70f2c51a5      0  1241      0      476   1806    0(0)      0(0)     0     0
2880  0dd6622954155d8e  1ed14a404b191e49  24bdddc70f2c51a5      0  1241      0      476   1806    0(0)      0(0)     0     0
2940  0dd6622954155d8e  1ed14a404b191e49  24bdddc70f2c51a5      0  1241      0      476   1806    0(0)      0(0)     0     0
3000  0dd6622954155d8e  1ed14a404b191e49  24bdddc70f2c51a5      0  1241      0      476   1806    0(0)      0(0)     0     0
3060  0dd6622954155d8e  1ed14a404b191e49  24bdddc70f2c51a5      0  1241      0      476   1806    0(0)      0(0)     0     0
3120  0dd6622954155d8e  1ed14a404b191e49  24bdddc70f2c51a5      0  1241      0      476   1806    0(0)      0(0)     0     0
3180  0dd6622954155d8e  1ed14a404b191e49  24bdddc70f2c51a5      0  1241      0      476   1806    0(0)      0(0)     0     0
3240  0dd6622954155d8e  1ed14a404b191e49  24bdddc70f2c51a5      0  1241      0      476   1806    0(0)      0(0)     0     0
3300  0dd6622954155d8e  1ed14a404b191e49  24bdddc70f2c51a5      0  1241      0      476   1806    0(0)      0(0)     0     0
3360  0dd6622954155d8e  1ed14a404b191e49  24bdddc70f2c51a5      0  1241      0      476   1806    0(0)      0(0)     0     0
3420  0dd6622954155d8e  1ed14a404b191e49  24bdddc70f2c51a5      0  1241      0      476   1806    0(0)      0(0)     0     0
3480  0dd6622954155d8e  1ed14a404b191e49  24bdddc70f2c51a5      0  1241      0      476   1806    0(0)      0(0)     0     0
3540  0dd6622954155d8e  1ed14a404b191e49  24bdddc70f2c51a5      0  1241      0      476   1806    0(0)      0(0)     0     0
3600  0dd6622954155d8e  1ed14a404b191e49  24bdddc70f2c51a5      0  1241      0      476   1806    0(0)      0(0)     0     0
threads 1: 0.441 ms/tick, saturations 0, floating-point sentinel clean; per-tick hashes (reference)
threads 8: 0.270 ms/tick, saturations 0, floating-point sentinel clean; per-tick hashes identical
solve: every dynamic body asleep from tick 290; deepest point -0.183702 m (tick 62, bodies 111 136), at rest (the 60 ticks before every body sleeps, or the last 60) -0.00844603 m (tick 258, bodies 32 57); at most 329 dispatches a tick
rest: after tick 3600, over every touching pair (sleeping ones too): deepest point -0.00842728 m (bodies 32 57), 476 touching pairs
toy F pile200: run hash c9255034f29ab5ce, final bodies 0dd6622954155d8e manifolds 1ed14a404b191e49 stages 24bdddc70f2c51a5, threads agree, saturations 0 (twin: gcc 13.3.0, aarch64, contraction off)
