toy pile200, dialect D, 3600 ticks, threads 1 8; gravity 10, sleep on, contact recycling on
twin: gcc 13.3.0, aarch64, contraction off
layout sizes C/twin: Hull 112/112 HullFace 40/40 BodyState 112/112 BodyPose 56/56 BodyMass 144/144 Aabb 32/32 Params 344/344 Hash2 8/8 V3 24/24 Pair 24/24 Manifold 632/632 SatAxis 88/88 NarrowDiag 128/128 Constraint 840/840
scene pile200 (seed 2): 205 bodies (5 static), 203 hulls (40 irregular chunks, 18 redrawn), largest hull 14 vertices 9 faces 42 half-edges; mass 7.712 to 55.07 kg; quantisation range errors 0
  hull 0 (box 12 x 1 x 12 m): volume 144 (8abc 144), Ixx/density 1740 (V(b^2+c^2)/3 1740), Ixy -0
traj /home/consulear/lpf-m11/lab/gpu/results/spark-gb10/toy/sanity_D.pile200-s2.traj: 3601 records of 205 bodies, every 1 ticks
tick  bodies-hash       manifolds-hash    stages-hash       awake pairs active touching points colours(ovf) islands(largest) slept woken
   1  98efc722c4df676b  0000000000000000  946e2557b1056391    200     0      0        0      0    0(0)    200(1)     0     0
   2  3846b3aa42cac47b  0000000000000000  946e2557b1056391    200     0      0        0      0    0(0)    200(1)     0     0
   3  090610f1745428a2  0000000000000000  946e2557b1056391    200     0      0        0      0    0(0)    200(1)     0     0
   4  d4eaf76c1f444be4  0000000000000000  946e2557b1056391    200     0      0        0      0    0(0)    200(1)     0     0
   5  96b01a9195f20d3a  0000000000000000  946e2557b1056391    200     0      0        0      0    0(0)    200(1)     0     0
   6  8853281cc3096680  0000000000000000  946e2557b1056391    200     0      0        0      0    0(0)    200(1)     0     0
   7  fa10995ac188d1dc  0000000000000000  946e2557b1056391    200     0      0        0      0    0(0)    200(1)     0     0
   8  84eb91031a10a7f3  0000000000000000  946e2557b1056391    200     0      0        0      0    0(0)    200(1)     0     0
   9  f4cccc5b87fffbe3  0000000000000000  946e2557b1056391    200     0      0        0      0    0(0)    200(1)     0     0
  10  31aad9faef8eea15  0000000000000000  946e2557b1056391    200     0      0        0      0    0(0)    200(1)     0     0
  11  9ab635f9e148a4e4  0000000000000000  946e2557b1056391    200     0      0        0      0    0(0)    200(1)     0     0
  12  e8cbca694ea4c01d  0000000000000000  946e2557b1056391    200     0      0        0      0    0(0)    200(1)     0     0
  13  5e6dfb1b99260bac  0000000000000000  946e2557b1056391    200     0      0        0      0    0(0)    200(1)     0     0
  14  c6e61f1bb0d81026  0000000000000000  946e2557b1056391    200     0      0        0      0    0(0)    200(1)     0     0
  15  16408e7d091c6109  0000000000000000  946e2557b1056391    200     0      0        0      0    0(0)    200(1)     0     0
  16  a14ee8b9e9d761ab  0000000000000000  946e2557b1056391    200     0      0        0      0    0(0)    200(1)     0     0
  17  502501ac716b6420  0000000000000000  946e2557b1056391    200     0      0        0      0    0(0)    200(1)     0     0
  18  333a8ce358fb8ce6  0000000000000000  946e2557b1056391    200     0      0        0      0    0(0)    200(1)     0     0
  19  5f39ae021b93acce  0000000000000000  946e2557b1056391    200     0      0        0      0    0(0)    200(1)     0     0
  20  03e81e667a991050  0000000000000000  946e2557b1056391    200     0      0        0      0    0(0)    200(1)     0     0
  21  fe2f21fb698ad093  0000000000000000  946e2557b1056391    200     0      0        0      0    0(0)    200(1)     0     0
  22  6b9f31bd7df2c160  0000000000000000  946e2557b1056391    200     0      0        0      0    0(0)    200(1)     0     0
  23  b7a76854cbf91955  0000000000000000  946e2557b1056391    200     0      0        0      0    0(0)    200(1)     0     0
  24  7bc89e030df33295  0000000000000000  946e2557b1056391    200     0      0        0      0    0(0)    200(1)     0     0
  25  288471fde5ca38dd  0000000000000000  946e2557b1056391    200     0      0        0      0    0(0)    200(1)     0     0
  26  11e915bbe5de262e  0000000000000000  946e2557b1056391    200     0      0        0      0    0(0)    200(1)     0     0
  27  954e8a3ef670bc40  0000000000000000  946e2557b1056391    200     0      0        0      0    0(0)    200(1)     0     0
  28  cfaff4946ebbcb5e  0000000000000000  946e2557b1056391    200     0      0        0      0    0(0)    200(1)     0     0
  29  512439367053076e  0000000000000000  946e2557b1056391    200     0      0        0      0    0(0)    200(1)     0     0
  30  6912d238df7eb29c  0000000000000000  946e2557b1056391    200     0      0        0      0    0(0)    200(1)     0     0
  31  221b8b9be92b8e77  0000000000000000  946e2557b1056391    200     0      0        0      0    0(0)    200(1)     0     0
  32  f1e4afefbd7782b9  0000000000000000  946e2557b1056391    200     0      0        0      0    0(0)    200(1)     0     0
  33  568454654d00d454  0000000000000000  946e2557b1056391    200     0      0        0      0    0(0)    200(1)     0     0
  34  caf7210f6f099cd3  0000000000000000  946e2557b1056391    200     0      0        0      0    0(0)    200(1)     0     0
  35  bceb03214f168c7d  0000000000000000  946e2557b1056391    200     0      0        0      0    0(0)    200(1)     0     0
  36  0279b7441b3ffc0a  0000000000000000  946e2557b1056391    200     0      0        0      0    0(0)    200(1)     0     0
  37  94b1cde6f78cd025  0000000000000000  946e2557b1056391    200     0      0        0      0    0(0)    200(1)     0     0
  38  1f25aecfe41e1dcb  0000000000000000  946e2557b1056391    200     0      0        0      0    0(0)    200(1)     0     0
  39  0b1e78d775d216e7  0000000000000000  946e2557b1056391    200     0      0        0      0    0(0)    200(1)     0     0
  40  1b52da8d5c13e5d4  0000000000000000  946e2557b1056391    200     0      0        0      0    0(0)    200(1)     0     0
  41  00290e5f49b06058  0000000000000000  946e2557b1056391    200     0      0        0      0    0(0)    200(1)     0     0
  42  d6bc2bb7bf76736c  0000000000000000  946e2557b1056391    200     0      0        0      0    0(0)    200(1)     0     0
  43  3dd15cecfcb321a7  0000000000000000  946e2557b1056391    200     0      0        0      0    0(0)    200(1)     0     0
  44  f4ef7783f41bd18a  0000000000000000  946e2557b1056391    200     0      0        0      0    0(0)    200(1)     0     0
  45  9bb33bbcdf20491b  c32fc79c189f25ba  0c4f691b2aca4331    200    16     16        3     12    1(0)    200(1)     0     0
  46  434c87a0382888db  16e3257f6bee4d5d  15ecce591616b541    200    28     28       23     92    2(0)    200(1)     0     0
  47  235d403194d5114f  f46828b1b5d6638a  aa126623b1a6d255    200    32     32       28    108    2(0)    200(1)     0     0
  48  8ee5ec08d5410fa2  708d8d408d522cd2  d7650504292a7332    200    46     46       30    118    2(0)    197(2)     0     0
  49  24399b12c83d0b86  b3c962d286251bb3  0739b7e5bcef8651    200    53     53       45    178    4(0)    195(2)     0     0
  50  198456d258bd3f1b  38fcebf1152e492e  414af01116550cda    200    63     63       50    200    4(0)    180(2)     0     0
  51  09521c101b0222db  65ced9cd1e95783d  06a9b5d5d3bd475b    200    81     81       56    219    4(0)    175(2)     0     0
  52  dfad2b76ccce8850  f38eb638d4af91e8  8b635c2fd313e65b    200    82     82       71    280    4(0)    168(3)     0     0
  53  9b691cf4d3825a9c  972ba5bfd8f1efb3  31f13ff32a9834f3    200    96     96       74    293    5(0)    155(3)     0     0
  54  94ce8ef37e2b96a7  3562fac23adae7b4  97ccfd2258d24973    200   116    116       77    307    6(0)    152(3)     0     0
  55  7f054a8a131b3e46  295a3a0bfec287a8  2a034514fbba8904    200   126    126       90    353    6(0)    149(4)     0     0
  56  d0f61e5bc6a81eb8  6cb4b8083825b8c7  b3ee5af5d4ce93a0    200   140    140       98    390    7(0)    136(4)     0     0
  57  747e9e608f2f706f  b62dbb30ac25badf  cac57d06d42872c7    200   155    155      105    415    7(0)    129(8)     0     0
  58  a64b9f66e7d63ecf  614393f0832e96eb  dd0abde0d8f68703    200   169    169      119    474    7(0)    122(8)     0     0
  59  4ce50f31f0a4bfa9  21097634f5b81108  d9bb042dfc9bf96f    200   187    187      128    506    8(0)    110(8)     0     0
  60  a385459c3aa20985  75d0d728bd5e4b60  4745d3a7354f2984    200   209    209      139    550    8(0)    102(10)     0     0
  61  513606115f680855  3164f71feb8725f0  955242b703235cce    200   228    228      151    597    9(0)     91(10)     0     0
  62  260f043a10ecfe46  2cec88145ba50ef1  5c63a77dd9f36aac    200   252    252      159    627   10(0)     83(12)     0     0
  63  93ac351722d9ae95  beadd93bb4e805ba  51f64d73250241fc    200   268    268      174    688   10(0)     75(12)     0     0
  64  f0cee781474b4e62  55ec09949d05a248  9b9594989a491c77    200   299    299      181    716   10(0)     62(14)     0     0
  65  2696367121849914  307ae2b239aa3113  3664c0ee2c343c9e    200   340    340      191    756   11(0)     56(20)     0     0
  66  a17747701deb5394  fda26517958683e2  fb61bfb3fa77cf0f    200   371    371      205    810   11(0)     47(21)     0     0
  67  3666f346eda343af  ee40b8ffaf8b56b6  ea85bc5c8c22003d    200   387    387      215    844   12(0)     40(22)     0     0
  68  950014b57697e006  319d95ee2a909088  94f11a96a93c112f    200   431    431      222    877   12(0)     30(29)     0     0
  69  9699440599d96676  7576e1c1aeef9b63  d064da5bed4b66ec    200   467    467      222    874   14(0)     26(38)     0     0
  70  c9f65b3ddb463799  c08495e3e1a8ab58  2524e9b8720be217    200   495    495      233    903   14(0)     27(22)     0     0
  71  76e6c96c264f4011  c4eeb0a31358dc8a  f724132e6db03b82    200   522    522      237    918   13(0)     23(30)     0     0
  72  87bd8e38740780a0  e8de6c2c23abcbb5  733fd8f460aef198    200   557    557      246    954   14(0)     23(37)     0     0
  73  bd11adc7d5b59550  55a67f58a8d9053c  a1063ce4e3d21665    200   588    588      242    939   14(0)     21(42)     0     0
  74  53d0b4c9df6e5d40  303441c85504dc93  56bb9dc874bca7ff    200   607    607      249    966   14(0)     27(83)     0     0
  75  9c7e50bc18941a7e  da91f938fedbcab4  a3aaae929092f9f1    200   630    630      252    983   15(0)     24(121)     0     0
  76  250bfea1e1ad7566  9f92f198cbeffad1  a7adac5ce2e4615a    200   643    643      253    972   15(0)     29(92)     0     0
  77  5167143fa14a70e1  b5849d8a4ec98a1f  5270025f993f27ec    200   652    652      255    990   16(0)     31(92)     0     0
  78  4e1db55b07d3159e  751a89e44648b7d3  3b171951dc67c67b    200   674    674      258   1002   16(0)     29(92)     0     0
  79  37d556f4e55c099d  29d937f19f036562  8934f54166917030    200   681    681      260   1003   16(0)     28(129)     0     0
  80  2e18535310dbcd3d  52ca8aaf7a2a39ae  9228cd1e1660a9b3    200   694    694      266   1015   16(0)     30(117)     0     0
  81  bfa68534ad71ffd5  8c0324db8830cb33  f13a421552de04c0    200   713    713      260    993   16(0)     30(135)     0     0
  82  0d689fe34a2fd501  35ff23b4a70e677b  b19d4220d0b26738    200   721    721      259    993   16(0)     34(130)     0     0
  83  1fbf496f66370c1b  9055f2dfe6e043d7  513bfc53c2943380    200   745    745      276   1047   17(0)     32(123)     0     0
  84  eb9fdf142279ce8a  6942fb3b12eac9b3  bb79c2f89d3fa733    200   756    756      279   1063   18(0)     22(155)     0     0
  85  e81df4c6fba60ae4  64de0233f7c4da5f  4556e2479115156d    200   777    777      276   1055   19(0)     22(173)     0     0
  86  f863ca5689c81526  ceb2a92ddeb4f031  28c158694b6305d3    200   795    795      281   1084   20(0)     21(175)     0     0
  87  ced68a1dd43466f8  f34f655d95638f39  0fea966d40e6c535    200   805    805      282   1088   19(0)     23(137)     0     0
  88  f4852058b78b734e  a31a1e6517a653a0  c2d3617a02722ff2    200   824    824      296   1134   19(0)     21(173)     0     0
  89  2e6ea57ad4a9c9c4  32e71bfb3ae3d45c  c27c71fa645d2c5e    200   835    835      298   1150   20(0)     17(181)     0     0
  90  41f378659c4ee990  5fb82837ccdb0609  e4af33b2470b52b7    200   850    850      297   1150   19(0)     16(182)     0     0
  91  4aa96dab1213b375  380ac9edfe62aa53  37a779c1d4813f66    200   860    860      301   1156   19(0)     17(179)     0     0
  92  483a1fa63ff9f4c8  b25e0797202b69a3  7746bd1aef24eb28    200   878    878      305   1162   21(0)     16(182)     0     0
  93  35ba32aec8a8c46e  59680219160317f2  33e6bd618c1e9b1e    199   884    882      311   1195   21(0)     14(182)     1     0
  94  144df5d7d69e6132  84231135cb7c5a14  6b31ee430906190f    199   900    898      317   1212   22(0)     14(182)     0     0
  95  106053eda0513901  995b7bd855add8f2  f3f69d35c0948a07    199   910    908      322   1229   22(0)     16(181)     0     0
  96  bb5bad5ed0adea33  446c3bf6e3b31f36  0f259f803d1a3c34    199   921    919      325   1243   22(0)     13(184)     0     0
  97  e21f59ef6b098f04  0834e51c3d6c9e33  c6dd916cb9229df5    199   936    934      326   1246   22(0)     13(184)     0     0
  98  6893e3c668988804  7d46e970566afa51  bda4db47d6b56b28    199   938    936      327   1246   22(0)     15(182)     0     0
  99  f626f1e49acc1620  73bf098f27976322  b2d67eec6519d9ee    199   954    952      335   1276   22(0)     18(178)     0     0
 100  1bdffb4433e5e037  fa709ae42f8445f4  1cb79f254f806b6d    199   967    965      343   1306   22(0)     13(184)     0     0
 101  ea87eafd1f884065  32b3550272543519  aa0859e041dd7a5a    199   982    980      342   1300   22(0)     11(186)     0     0
 102  02ea5b4c4e88a002  9eced950c9631706  7fdbfc077f8c4150    199   993    991      349   1320   22(0)     11(186)     0     0
 103  7ed9193bc1642aa5  3d46ea8ab988148c  785ce2946b7c199d    199  1010   1008      356   1331   23(0)     11(186)     0     0
 104  979a2f4fe3162d54  7b8a6b86877fa623  afbb2a260afd1640    199  1019   1017      368   1386   23(0)     10(187)     0     0
 105  fdb4a4efd70f3041  8dd825832820b0da  79a44dcac48e1835    199  1021   1019      369   1380   23(0)      7(190)     0     0
 106  8e7c59385af5864e  a30ec3445cc208a0  72c67281299f971d    199  1034   1032      372   1391   23(0)      7(190)     0     0
 107  48be3232257e99f9  02c42a720b857912  1acd5131937bd848    199  1035   1033      370   1391   23(0)      8(189)     0     0
 108  60b5172c74615f84  e60a71431aecb1f8  c3c43dad4c435ca0    199  1049   1047      372   1407   24(0)      7(189)     0     0
 109  c61ace2927cd6ffc  e59a1ac6be4ec7fb  1c6be087591c9cee    199  1043   1041      370   1401   23(0)      6(192)     0     0
 110  e8697c8fbc18f1e6  d5541d6b6742db93  287d4bc406e73d3f    199  1044   1042      373   1417   23(0)      7(191)     0     0
 111  87721b29207c30b1  438997e35044b371  ab365d4a06f5e2d5    199  1045   1043      373   1420   23(0)      8(190)     0     0
 112  90ba96e38306cdf2  38b5db7f5106b36d  74e2ae6543cfd3c5    199  1047   1045      376   1425   22(0)      7(190)     0     0
 113  d60aeb3b5cc94a90  3116f6810149806c  133eaa8120361365    199  1062   1060      380   1437   22(0)      8(185)     0     0
 114  5d45435d64985a2a  febab68596308839  601b0cf75d2120ad    199  1063   1061      378   1430   22(0)      8(185)     0     0
 115  22c6de48e5c76a2d  abeee0ebda961a78  dcda85cac0044b52    199  1071   1069      383   1452   22(0)      9(186)     0     0
 116  282349b54c514d2c  62a08a314015b2e0  70848a9ea61fd02f    199  1070   1068      391   1480   22(0)      9(190)     0     0
 117  4689e2e163c44f59  a24d906b3bdc9722  1cef51358da56ea8    199  1082   1080      397   1503   23(0)      8(191)     0     0
 118  d04c9f65d8b5b684  0760b818941c9858  c92e427dcc226cc2    199  1088   1086      398   1507   23(0)      7(192)     0     0
 119  0cf2933fa0c8e94c  17f34aecb6d3f8ee  0b7eada4d50fd68c    199  1101   1099      405   1527   22(0)      6(193)     0     0
 120  e0dde71d13c3ff93  06990190e6de35d9  95148ca5c3835073    199  1110   1108      408   1534   23(0)      6(188)     0     0
 180  1b824577599a8c8b  dcf7a1412ff42913  766bbc6f44e8aa66    198  1183   1179      462   1750   25(0)      3(196)     0     0
 240  f20ab005bed5b5e6  814594d869cec870  50c823bfb6dfd122      0  1183      0      462   1750    0(0)      0(0)     0     0
 300  f20ab005bed5b5e6  814594d869cec870  50c823bfb6dfd122      0  1183      0      462   1750    0(0)      0(0)     0     0
 360  f20ab005bed5b5e6  814594d869cec870  50c823bfb6dfd122      0  1183      0      462   1750    0(0)      0(0)     0     0
 420  f20ab005bed5b5e6  814594d869cec870  50c823bfb6dfd122      0  1183      0      462   1750    0(0)      0(0)     0     0
 480  f20ab005bed5b5e6  814594d869cec870  50c823bfb6dfd122      0  1183      0      462   1750    0(0)      0(0)     0     0
 540  f20ab005bed5b5e6  814594d869cec870  50c823bfb6dfd122      0  1183      0      462   1750    0(0)      0(0)     0     0
 600  f20ab005bed5b5e6  814594d869cec870  50c823bfb6dfd122      0  1183      0      462   1750    0(0)      0(0)     0     0
 660  f20ab005bed5b5e6  814594d869cec870  50c823bfb6dfd122      0  1183      0      462   1750    0(0)      0(0)     0     0
 720  f20ab005bed5b5e6  814594d869cec870  50c823bfb6dfd122      0  1183      0      462   1750    0(0)      0(0)     0     0
 780  f20ab005bed5b5e6  814594d869cec870  50c823bfb6dfd122      0  1183      0      462   1750    0(0)      0(0)     0     0
 840  f20ab005bed5b5e6  814594d869cec870  50c823bfb6dfd122      0  1183      0      462   1750    0(0)      0(0)     0     0
 900  f20ab005bed5b5e6  814594d869cec870  50c823bfb6dfd122      0  1183      0      462   1750    0(0)      0(0)     0     0
 960  f20ab005bed5b5e6  814594d869cec870  50c823bfb6dfd122      0  1183      0      462   1750    0(0)      0(0)     0     0
1020  f20ab005bed5b5e6  814594d869cec870  50c823bfb6dfd122      0  1183      0      462   1750    0(0)      0(0)     0     0
1080  f20ab005bed5b5e6  814594d869cec870  50c823bfb6dfd122      0  1183      0      462   1750    0(0)      0(0)     0     0
1140  f20ab005bed5b5e6  814594d869cec870  50c823bfb6dfd122      0  1183      0      462   1750    0(0)      0(0)     0     0
1200  f20ab005bed5b5e6  814594d869cec870  50c823bfb6dfd122      0  1183      0      462   1750    0(0)      0(0)     0     0
1260  f20ab005bed5b5e6  814594d869cec870  50c823bfb6dfd122      0  1183      0      462   1750    0(0)      0(0)     0     0
1320  f20ab005bed5b5e6  814594d869cec870  50c823bfb6dfd122      0  1183      0      462   1750    0(0)      0(0)     0     0
1380  f20ab005bed5b5e6  814594d869cec870  50c823bfb6dfd122      0  1183      0      462   1750    0(0)      0(0)     0     0
1440  f20ab005bed5b5e6  814594d869cec870  50c823bfb6dfd122      0  1183      0      462   1750    0(0)      0(0)     0     0
1500  f20ab005bed5b5e6  814594d869cec870  50c823bfb6dfd122      0  1183      0      462   1750    0(0)      0(0)     0     0
1560  f20ab005bed5b5e6  814594d869cec870  50c823bfb6dfd122      0  1183      0      462   1750    0(0)      0(0)     0     0
1620  f20ab005bed5b5e6  814594d869cec870  50c823bfb6dfd122      0  1183      0      462   1750    0(0)      0(0)     0     0
1680  f20ab005bed5b5e6  814594d869cec870  50c823bfb6dfd122      0  1183      0      462   1750    0(0)      0(0)     0     0
1740  f20ab005bed5b5e6  814594d869cec870  50c823bfb6dfd122      0  1183      0      462   1750    0(0)      0(0)     0     0
1800  f20ab005bed5b5e6  814594d869cec870  50c823bfb6dfd122      0  1183      0      462   1750    0(0)      0(0)     0     0
1860  f20ab005bed5b5e6  814594d869cec870  50c823bfb6dfd122      0  1183      0      462   1750    0(0)      0(0)     0     0
1920  f20ab005bed5b5e6  814594d869cec870  50c823bfb6dfd122      0  1183      0      462   1750    0(0)      0(0)     0     0
1980  f20ab005bed5b5e6  814594d869cec870  50c823bfb6dfd122      0  1183      0      462   1750    0(0)      0(0)     0     0
2040  f20ab005bed5b5e6  814594d869cec870  50c823bfb6dfd122      0  1183      0      462   1750    0(0)      0(0)     0     0
2100  f20ab005bed5b5e6  814594d869cec870  50c823bfb6dfd122      0  1183      0      462   1750    0(0)      0(0)     0     0
2160  f20ab005bed5b5e6  814594d869cec870  50c823bfb6dfd122      0  1183      0      462   1750    0(0)      0(0)     0     0
2220  f20ab005bed5b5e6  814594d869cec870  50c823bfb6dfd122      0  1183      0      462   1750    0(0)      0(0)     0     0
2280  f20ab005bed5b5e6  814594d869cec870  50c823bfb6dfd122      0  1183      0      462   1750    0(0)      0(0)     0     0
2340  f20ab005bed5b5e6  814594d869cec870  50c823bfb6dfd122      0  1183      0      462   1750    0(0)      0(0)     0     0
2400  f20ab005bed5b5e6  814594d869cec870  50c823bfb6dfd122      0  1183      0      462   1750    0(0)      0(0)     0     0
2460  f20ab005bed5b5e6  814594d869cec870  50c823bfb6dfd122      0  1183      0      462   1750    0(0)      0(0)     0     0
2520  f20ab005bed5b5e6  814594d869cec870  50c823bfb6dfd122      0  1183      0      462   1750    0(0)      0(0)     0     0
2580  f20ab005bed5b5e6  814594d869cec870  50c823bfb6dfd122      0  1183      0      462   1750    0(0)      0(0)     0     0
2640  f20ab005bed5b5e6  814594d869cec870  50c823bfb6dfd122      0  1183      0      462   1750    0(0)      0(0)     0     0
2700  f20ab005bed5b5e6  814594d869cec870  50c823bfb6dfd122      0  1183      0      462   1750    0(0)      0(0)     0     0
2760  f20ab005bed5b5e6  814594d869cec870  50c823bfb6dfd122      0  1183      0      462   1750    0(0)      0(0)     0     0
2820  f20ab005bed5b5e6  814594d869cec870  50c823bfb6dfd122      0  1183      0      462   1750    0(0)      0(0)     0     0
2880  f20ab005bed5b5e6  814594d869cec870  50c823bfb6dfd122      0  1183      0      462   1750    0(0)      0(0)     0     0
2940  f20ab005bed5b5e6  814594d869cec870  50c823bfb6dfd122      0  1183      0      462   1750    0(0)      0(0)     0     0
3000  f20ab005bed5b5e6  814594d869cec870  50c823bfb6dfd122      0  1183      0      462   1750    0(0)      0(0)     0     0
3060  f20ab005bed5b5e6  814594d869cec870  50c823bfb6dfd122      0  1183      0      462   1750    0(0)      0(0)     0     0
3120  f20ab005bed5b5e6  814594d869cec870  50c823bfb6dfd122      0  1183      0      462   1750    0(0)      0(0)     0     0
3180  f20ab005bed5b5e6  814594d869cec870  50c823bfb6dfd122      0  1183      0      462   1750    0(0)      0(0)     0     0
3240  f20ab005bed5b5e6  814594d869cec870  50c823bfb6dfd122      0  1183      0      462   1750    0(0)      0(0)     0     0
3300  f20ab005bed5b5e6  814594d869cec870  50c823bfb6dfd122      0  1183      0      462   1750    0(0)      0(0)     0     0
3360  f20ab005bed5b5e6  814594d869cec870  50c823bfb6dfd122      0  1183      0      462   1750    0(0)      0(0)     0     0
3420  f20ab005bed5b5e6  814594d869cec870  50c823bfb6dfd122      0  1183      0      462   1750    0(0)      0(0)     0     0
3480  f20ab005bed5b5e6  814594d869cec870  50c823bfb6dfd122      0  1183      0      462   1750    0(0)      0(0)     0     0
3540  f20ab005bed5b5e6  814594d869cec870  50c823bfb6dfd122      0  1183      0      462   1750    0(0)      0(0)     0     0
3600  f20ab005bed5b5e6  814594d869cec870  50c823bfb6dfd122      0  1183      0      462   1750    0(0)      0(0)     0     0
threads 1: 0.499 ms/tick, saturations 0, floating-point sentinel clean; per-tick hashes (reference)
threads 8: 0.236 ms/tick, saturations 0, floating-point sentinel clean; per-tick hashes identical
solve: every dynamic body asleep from tick 211; deepest point -0.172941 m (tick 60, bodies 91 116), at rest (the 60 ticks before every body sleeps, or the last 60) -0.00794366 m (tick 151, bodies 111 171); at most 317 dispatches a tick
rest: after tick 3600, over every touching pair (sleeping ones too): deepest point -0.00622857 m (bodies 54 129), 462 touching pairs
toy D pile200: run hash 8542b63228219c0f, final bodies f20ab005bed5b5e6 manifolds 814594d869cec870 stages 50c823bfb6dfd122, threads agree, saturations 0 (twin: gcc 13.3.0, aarch64, contraction off)
