toy pile200, dialect V4, 3600 ticks, threads 1 8; gravity 10, sleep on, contact recycling on
twin: gcc 13.3.0, aarch64, contraction off
layout sizes C/twin: Hull 68/68 HullFace 24/24 BodyState 60/60 BodyPose 40/40 BodyMass 80/80 Aabb 32/32 Params 184/184 Hash2 8/8 V3 12/12 Pair 24/24 Manifold 348/348 SatAxis 72/72 NarrowDiag 64/64 Constraint 460/460
scene pile200 (seed 8): 205 bodies (5 static), 203 hulls (40 irregular chunks, 24 redrawn), largest hull 12 vertices 8 faces 36 half-edges; mass 5.586 to 52.85 kg; quantisation range errors 0
  hull 0 (box 12 x 1 x 12 m): volume 144 (8abc 144), Ixx/density 1740 (V(b^2+c^2)/3 1740), Ixy -0
traj /home/consulear/lpf-m11/lab/gpu/results/spark-gb10/toy/sanity_V4.pile200-s8.traj: 3601 records of 205 bodies, every 1 ticks
tick  bodies-hash       manifolds-hash    stages-hash       awake pairs active touching points colours(ovf) islands(largest) slept woken
   1  c48f5d773373610d  0000000000000000  946e2557b1056391    200     0      0        0      0    0(0)    200(1)     0     0
   2  ea2ef0fd9d20e145  0000000000000000  946e2557b1056391    200     0      0        0      0    0(0)    200(1)     0     0
   3  41c652437778e659  0000000000000000  946e2557b1056391    200     0      0        0      0    0(0)    200(1)     0     0
   4  4f0097ca67ab4b5e  0000000000000000  946e2557b1056391    200     0      0        0      0    0(0)    200(1)     0     0
   5  97231e192e149e1d  0000000000000000  946e2557b1056391    200     0      0        0      0    0(0)    200(1)     0     0
   6  0ad05b657fcdaaf4  0000000000000000  946e2557b1056391    200     0      0        0      0    0(0)    200(1)     0     0
   7  48ce6161fe933f3f  0000000000000000  946e2557b1056391    200     0      0        0      0    0(0)    200(1)     0     0
   8  0b27624237d590e3  0000000000000000  946e2557b1056391    200     0      0        0      0    0(0)    200(1)     0     0
   9  aeab52796a9e2e18  0000000000000000  946e2557b1056391    200     0      0        0      0    0(0)    200(1)     0     0
  10  81829ed602653bd6  0000000000000000  946e2557b1056391    200     0      0        0      0    0(0)    200(1)     0     0
  11  9a57477f9dcc2b28  0000000000000000  946e2557b1056391    200     0      0        0      0    0(0)    200(1)     0     0
  12  736baddb1bde4aeb  0000000000000000  946e2557b1056391    200     0      0        0      0    0(0)    200(1)     0     0
  13  9015599fe20ca34a  0000000000000000  946e2557b1056391    200     0      0        0      0    0(0)    200(1)     0     0
  14  697e7493098b71cf  0000000000000000  946e2557b1056391    200     0      0        0      0    0(0)    200(1)     0     0
  15  1ff7edfcdd08b01d  0000000000000000  946e2557b1056391    200     0      0        0      0    0(0)    200(1)     0     0
  16  bc8560896b57e817  0000000000000000  946e2557b1056391    200     0      0        0      0    0(0)    200(1)     0     0
  17  d78b9282295d17c7  0000000000000000  946e2557b1056391    200     0      0        0      0    0(0)    200(1)     0     0
  18  d0af562c3cd9f81b  0000000000000000  946e2557b1056391    200     0      0        0      0    0(0)    200(1)     0     0
  19  ea769a576943190a  0000000000000000  946e2557b1056391    200     0      0        0      0    0(0)    200(1)     0     0
  20  054676155d0bed2d  0000000000000000  946e2557b1056391    200     0      0        0      0    0(0)    200(1)     0     0
  21  fc2025fbf3351861  0000000000000000  946e2557b1056391    200     0      0        0      0    0(0)    200(1)     0     0
  22  1bd5aa9d8e5ec9e8  0000000000000000  946e2557b1056391    200     0      0        0      0    0(0)    200(1)     0     0
  23  36fd28544529247b  0000000000000000  946e2557b1056391    200     0      0        0      0    0(0)    200(1)     0     0
  24  7b6131ab97361aca  0000000000000000  946e2557b1056391    200     0      0        0      0    0(0)    200(1)     0     0
  25  4d6cddfb302943d9  0000000000000000  946e2557b1056391    200     0      0        0      0    0(0)    200(1)     0     0
  26  1534220bdef1b98a  0000000000000000  946e2557b1056391    200     0      0        0      0    0(0)    200(1)     0     0
  27  1a6b48c3314bfac8  0000000000000000  946e2557b1056391    200     0      0        0      0    0(0)    200(1)     0     0
  28  b31152c4d9a2a117  0000000000000000  946e2557b1056391    200     0      0        0      0    0(0)    200(1)     0     0
  29  dbc66a94b7903851  0000000000000000  946e2557b1056391    200     0      0        0      0    0(0)    200(1)     0     0
  30  537265a167223154  0000000000000000  946e2557b1056391    200     0      0        0      0    0(0)    200(1)     0     0
  31  bd560e94da68a631  0000000000000000  946e2557b1056391    200     0      0        0      0    0(0)    200(1)     0     0
  32  c79c9839a736b81c  0000000000000000  946e2557b1056391    200     0      0        0      0    0(0)    200(1)     0     0
  33  429d4970b350f69b  0000000000000000  946e2557b1056391    200     0      0        0      0    0(0)    200(1)     0     0
  34  8bcccf2aece013e1  0000000000000000  946e2557b1056391    200     0      0        0      0    0(0)    200(1)     0     0
  35  41c7490384e71885  0000000000000000  946e2557b1056391    200     0      0        0      0    0(0)    200(1)     0     0
  36  4406f9132282dbda  0000000000000000  946e2557b1056391    200     0      0        0      0    0(0)    200(1)     0     0
  37  7283c133d6d154ac  0000000000000000  946e2557b1056391    200     0      0        0      0    0(0)    200(1)     0     0
  38  f4127affe35e85fa  0000000000000000  946e2557b1056391    200     0      0        0      0    0(0)    200(1)     0     0
  39  c2826a32ddfa985b  0000000000000000  946e2557b1056391    200     0      0        0      0    0(0)    200(1)     0     0
  40  b1f3e918303eb85e  0000000000000000  946e2557b1056391    200     0      0        0      0    0(0)    200(1)     0     0
  41  0cad2b5819109131  0000000000000000  946e2557b1056391    200     0      0        0      0    0(0)    200(1)     0     0
  42  7e2ca9f62f968dc6  0000000000000000  946e2557b1056391    200     0      0        0      0    0(0)    200(1)     0     0
  43  9f5f8d496c338649  0000000000000000  946e2557b1056391    200     0      0        0      0    0(0)    200(1)     0     0
  44  460b353cbf5b7471  0000000000000000  946e2557b1056391    200     0      0        0      0    0(0)    200(1)     0     0
  45  474b84fd1cb12836  c5ba8ae78c593da2  0a2b05bef10439f5    200    19     19        1      4    1(0)    200(1)     0     0
  46  108c9486f72ca035  ed4ac19dd25b5131  2ab28ec4df8a62b4    200    26     26       25    100    2(0)    200(1)     0     0
  47  13eb54f0029299cc  dfbdea9dab09a1a5  c5d21a7ea60c5519    200    35     35       26    104    2(0)    200(1)     0     0
  48  a692715ee213aa9e  0bc62408d404ad61  56c30b416e997f76    200    45     45       32    124    2(0)    199(2)     0     0
  49  4c821e0e24dd20bc  4e77b1f4da2f2576  d9c4ad4e5841fabe    200    55     55       47    182    3(0)    193(2)     0     0
  50  39baa4e80f22951e  442c38894f633db9  0df2111f3b526213    200    66     66       53    209    6(0)    178(2)     0     0
  51  d42556cb42522f4a  e1788375fd9bf730  b21c71f7c39a2795    200    81     81       60    239    6(0)    172(3)     0     0
  52  5e899f1fea85b469  5cfcd35da6d08432  fefab9b43f37edf4    200    95     95       66    263    7(0)    162(6)     0     0
  53  54c779e908aa49fb  1b290251b1aba4b3  1f3e14adeb7d1b8c    200   108    108       76    301    8(0)    155(6)     0     0
  54  bfc157ecbf838580  22c30f87f342da10  dbac17a94bd0cf32    200   123    123       91    361    9(0)    149(6)     0     0
  55  da2810bd90694e20  e2baa2902f85fdb6  78ac32fb2b53e948    200   138    138       97    386    9(0)    134(8)     0     0
  56  2bbea1a0cdd3091d  e22f2488dc03cc5d  6fffab5ea56a4af6    200   158    158      105    406    9(0)    132(8)     0     0
  57  52e06b16f4f9ede0  546e842ae93ec6f7  83342aa472bf1a75    200   181    181      117    454    9(0)    123(8)     0     0
  58  3957494e5d9e2f27  22b0446b9d42f7da  df4c57fc1277ffc5    200   202    202      126    500    9(0)    113(8)     0     0
  59  b660e4c4b10e89c5  5dd2e7cae9000e7f  cf00382ed37134d9    200   223    223      140    550   10(0)    105(10)     0     0
  60  23af516c595a027a  ee59ff0bf172c5f4  6c13dd6ab862733f    200   253    253      150    588   14(0)     94(13)     0     0
  61  764ee6d53a3637a5  4ef6fdbfd6994ac8  12c4308a9c6c9097    200   288    288      164    635   14(0)     85(26)     0     0
  62  8e3adf749c143656  1f889cf5bec62f70  01f8cb46e57a3296    200   321    321      171    659   14(0)     73(39)     0     0
  63  a084ca1a68e7ceeb  3b2ef9586a1c710b  8d7d7a1b0d1eaf52    200   369    369      175    678   15(0)     69(38)     0     0
  64  5902eba7e6c19ed8  8ff4f2420ffe2ec3  68408255223542b4    200   428    428      191    739   16(0)     64(34)     0     0
  65  12f0160754d56a3d  a8c42ebd137c5c0d  7d6794173722b74e    200   491    491      196    766   16(0)     52(33)     0     0
  66  3b54d91b5d59ca1c  8e8ce0aa3c96f881  99979d9a3fc5189c    200   535    535      206    797   17(0)     48(30)     0     0
  67  17ae32c870bdcf30  6fe7ec978218ab2f  bccfbe1d4cf89d8a    200   576    576      223    868   17(0)     39(47)     0     0
  68  9a1175323fc4baff  d28145413316d61e  345230fb1a25bcb2    200   607    607      244    946   20(0)     28(59)     0     0
  69  a506ec631a30dd95  67c73f4966b8154c  1370f255866d0172    200   632    632      243    941   19(0)     21(128)     0     0
  70  9e46afe43bbc347e  b3d9c67dedf80dd7  49a23f7b6a69ecb7    200   648    648      250    976   19(0)     20(137)     0     0
  71  be8fe8ed1ea428cc  630a3edc4f5379b2  660e78c1303727c5    200   677    677      250    968   18(0)     21(145)     0     0
  72  3ce968d59a842e4d  5f477d2c6b6a2d5c  f77158a925f530af    200   691    691      257    984   18(0)     22(111)     0     0
  73  8509935127a003b6  ed2a0d0804579fb7  49bf3bfc75055ce5    200   724    724      267   1015   21(0)     20(164)     0     0
  74  e27d0a8d3d03e462  e7a5dc113b61d716  5b9f25a1c42a44d5    200   752    752      269   1024   20(0)     15(179)     0     0
  75  b0011919233c0ac9  976f7efc9900e7dc  93d6fab318f0baf4    200   763    763      277   1054   21(0)     17(177)     0     0
  76  88e292ac3ca19c60  5f5e5ea22aac1a9f  11f4e32bfe195a52    200   774    774      284   1082   20(0)     18(171)     0     0
  77  bdf81c0c4e6e2f1b  aec7b5612871f4cf  c12bef634762fed7    200   794    794      281   1066   24(0)     22(160)     0     0
  78  e90a70c843d3224e  9a45db95f00201db  b3efd6eb3f0d77d7    200   811    811      286   1082   22(0)     26(139)     0     0
  79  58ea078b805e02bb  13e41e3819388759  01961a9444bbbbb7    200   806    806      284   1087   22(0)     25(148)     0     0
  80  ca4bd144af1239c0  565a2ede3f911782  1f9606a34d5b6967    200   820    820      291   1101   21(0)     26(145)     0     0
  81  4cb2491306d5a8d3  47eb10303d795c4a  856fac78f9929aa7    200   840    840      295   1126   18(0)     30(142)     0     0
  82  890082d525021ff5  bb9d4b49f1097492  9ed9d408763af4a7    200   839    839      298   1133   19(0)     28(143)     0     0
  83  f00200e49db0b422  dff0621975726281  78a6933a3bc665f1    200   837    837      304   1155   19(0)     26(144)     0     0
  84  9ed49cbaf90becb4  67955f242dc3c5a7  788313a965764791    200   839    839      305   1165   18(0)     24(166)     0     0
  85  088b6da37c6acff5  d10000953a42af60  f35783c6fc4c400b    200   852    852      314   1199   18(0)     25(167)     0     0
  86  9fb792607332c9d7  7cf0e76f16b4d958  0ae0663a381ff290    200   861    861      319   1218   18(0)     22(169)     0     0
  87  c2353f8567c1ad90  0cbafecfba73af75  e9ac5188394d6e79    200   860    860      327   1248   19(0)     22(177)     0     0
  88  760df1a48b45f021  caa623fccac167cb  7f60e686005c07bc    200   874    874      338   1291   19(0)     20(181)     0     0
  89  16d54294d38e054d  e54496df1d6d69aa  934d16a8d40efdc8    200   878    878      344   1309   18(0)     19(182)     0     0
  90  cd20e0353fa83c77  215707adf7711ffc  2a403a1c2335ae96    200   884    884      345   1317   19(0)     19(182)     0     0
  91  a0fc6a3d11ddfb2f  31e91598e2c83014  3c297b8659e980f9    200   887    887      350   1340   18(0)     19(182)     0     0
  92  84ef2f061e9547e3  515cd543beddf2d2  5a32d5feecc35c6a    200   887    887      358   1363   19(0)     18(183)     0     0
  93  b0fa5d97a8293ce6  0f9d91db2ea20c8d  e79f4bef0d0d0bcc    200   895    895      364   1388   18(0)     18(183)     0     0
  94  8ea436dc1d1a2d5a  486a1390a3dfd350  dd173da9f13ff0fe    200   919    919      365   1389   19(0)     15(186)     0     0
  95  8d724ec5847ab520  9e7eeb3da3a508da  26c47649fe0521f8    200   918    918      366   1386   19(0)     14(177)     0     0
  96  611d5ec55deb0e68  ff81e9c1d62f5a20  7d2e1c8d6dae20aa    200   933    933      363   1377   19(0)     15(175)     0     0
  97  518035ed71fafad3  120cb06e89dd6e7d  4bb282ecae5b80bc    200   937    937      371   1408   20(0)     16(172)     0     0
  98  7e7600a9f8d0ef60  75fc260b587e5bc0  ac63718c6e143040    200   950    950      377   1439   19(0)     14(175)     0     0
  99  94fe37ff87013cda  f37e6fa072375349  30e30a34d74a49cb    200   958    958      383   1459   20(0)     17(166)     0     0
 100  0e5a29a6b97ff489  41e7a25ca555b87d  ea7ae06a38111010    200   966    966      390   1483   21(0)     15(167)     0     0
 101  127415fe4aba9f54  06b9e66055932dbd  85c0ab3257926bb5    200   973    973      393   1494   21(0)     13(181)     0     0
 102  b2792385f0b116d6  36fd53a7221f34bb  b9934f1ece381acc    200   981    981      399   1518   21(0)     13(181)     0     0
 103  1a4da9cbe9da9907  50836b42b275c758  f5f9e303793ca40b    200   978    978      397   1517   21(0)     12(182)     0     0
 104  7e802f0edad68794  992be3e362af248f  80b54f485808fd02    200   982    982      401   1535   20(0)     14(179)     0     0
 105  9843a9da2a466b8e  c01ad18044d2fa7b  0ff93ec30cf44464    200   987    987      406   1544   21(0)     15(178)     0     0
 106  56f5c2a8ac95aa3b  6406ad605726ae43  71ab01b891a1a073    200   997    997      410   1560   21(0)     12(181)     0     0
 107  841f7c9d81f306f0  b878e7290b254af4  7953dee0dac1bf46    200  1016   1016      413   1576   21(0)     12(181)     0     0
 108  60e5c0d4e9a28dd2  7dde8e4156289615  9e35bf8fecfd35c3    200  1020   1020      411   1568   21(0)     12(181)     0     0
 109  8bae015ed054c793  3a6dfb86f1a8e131  d1d11cd66524ee03    200  1029   1029      409   1551   21(0)     13(180)     0     0
 110  7febd8ae6b37b73b  b0d4cd13ee3e1751  2469108b78cfdfb7    200  1038   1038      409   1553   22(0)     15(178)     0     0
 111  79c874a95e4b442c  53d335183ba407a3  aade57b80b3a4e01    200  1046   1046      417   1591   21(0)     17(176)     0     0
 112  e9459adcdf85bb7b  97debe7eabfb5251  6e06ad987f9efec4    200  1046   1046      420   1604   22(0)     12(187)     0     0
 113  5e3e09cedb2b15dc  acf13b5e0b37c3d9  53c576865c5159cf    200  1057   1057      424   1619   22(0)     10(188)     0     0
 114  868f9425b9d50003  8f6df05034e9adaf  b22ddaffe904f1ae    200  1064   1064      429   1637   22(0)     10(188)     0     0
 115  e33cf10172ec82c7  c51569a0d09315c3  1bda202916e5dbdc    200  1072   1072      431   1641   22(0)      9(189)     0     0
 116  f172f67049214f32  16ad93e2671db7fa  90ad264735f5c21d    200  1080   1080      440   1675   22(0)      7(192)     0     0
 117  e7ba2dc26ccc700f  4f1e67cbaabc9808  1795587d7b2aeadf    200  1086   1086      441   1684   22(0)      6(193)     0     0
 118  7db9d4d1c2a398cd  20568b03c2a8c10a  9cbe61edb4fa4971    200  1089   1089      445   1703   23(0)      5(194)     0     0
 119  2af4b9e8ee297b93  159b78171d2f4303  e2cf72fa971f6732    200  1093   1093      448   1715   22(0)      7(189)     0     0
 120  574936a816af98e9  6df104b36f1823e1  3028af5feec51ea2    200  1101   1101      446   1699   22(0)      7(190)     0     0
 180  577f3ee09b12c151  1c905a726f0504fb  fc48eec8a828ee72    198  1144   1141      503   1879   22(0)      2(197)     0     0
 240  a0267eed9a927098  9bd3dc5aa611e330  c19769397a1387f4    197  1150   1145      508   1897   22(0)      1(197)     0     0
 300  d24441dc5bf04846  618b6d39cd4f0719  e07ca562eeea134d      0  1150      0      508   1897    0(0)      0(0)     0     0
 360  d24441dc5bf04846  618b6d39cd4f0719  e07ca562eeea134d      0  1150      0      508   1897    0(0)      0(0)     0     0
 420  d24441dc5bf04846  618b6d39cd4f0719  e07ca562eeea134d      0  1150      0      508   1897    0(0)      0(0)     0     0
 480  d24441dc5bf04846  618b6d39cd4f0719  e07ca562eeea134d      0  1150      0      508   1897    0(0)      0(0)     0     0
 540  d24441dc5bf04846  618b6d39cd4f0719  e07ca562eeea134d      0  1150      0      508   1897    0(0)      0(0)     0     0
 600  d24441dc5bf04846  618b6d39cd4f0719  e07ca562eeea134d      0  1150      0      508   1897    0(0)      0(0)     0     0
 660  d24441dc5bf04846  618b6d39cd4f0719  e07ca562eeea134d      0  1150      0      508   1897    0(0)      0(0)     0     0
 720  d24441dc5bf04846  618b6d39cd4f0719  e07ca562eeea134d      0  1150      0      508   1897    0(0)      0(0)     0     0
 780  d24441dc5bf04846  618b6d39cd4f0719  e07ca562eeea134d      0  1150      0      508   1897    0(0)      0(0)     0     0
 840  d24441dc5bf04846  618b6d39cd4f0719  e07ca562eeea134d      0  1150      0      508   1897    0(0)      0(0)     0     0
 900  d24441dc5bf04846  618b6d39cd4f0719  e07ca562eeea134d      0  1150      0      508   1897    0(0)      0(0)     0     0
 960  d24441dc5bf04846  618b6d39cd4f0719  e07ca562eeea134d      0  1150      0      508   1897    0(0)      0(0)     0     0
1020  d24441dc5bf04846  618b6d39cd4f0719  e07ca562eeea134d      0  1150      0      508   1897    0(0)      0(0)     0     0
1080  d24441dc5bf04846  618b6d39cd4f0719  e07ca562eeea134d      0  1150      0      508   1897    0(0)      0(0)     0     0
1140  d24441dc5bf04846  618b6d39cd4f0719  e07ca562eeea134d      0  1150      0      508   1897    0(0)      0(0)     0     0
1200  d24441dc5bf04846  618b6d39cd4f0719  e07ca562eeea134d      0  1150      0      508   1897    0(0)      0(0)     0     0
1260  d24441dc5bf04846  618b6d39cd4f0719  e07ca562eeea134d      0  1150      0      508   1897    0(0)      0(0)     0     0
1320  d24441dc5bf04846  618b6d39cd4f0719  e07ca562eeea134d      0  1150      0      508   1897    0(0)      0(0)     0     0
1380  d24441dc5bf04846  618b6d39cd4f0719  e07ca562eeea134d      0  1150      0      508   1897    0(0)      0(0)     0     0
1440  d24441dc5bf04846  618b6d39cd4f0719  e07ca562eeea134d      0  1150      0      508   1897    0(0)      0(0)     0     0
1500  d24441dc5bf04846  618b6d39cd4f0719  e07ca562eeea134d      0  1150      0      508   1897    0(0)      0(0)     0     0
1560  d24441dc5bf04846  618b6d39cd4f0719  e07ca562eeea134d      0  1150      0      508   1897    0(0)      0(0)     0     0
1620  d24441dc5bf04846  618b6d39cd4f0719  e07ca562eeea134d      0  1150      0      508   1897    0(0)      0(0)     0     0
1680  d24441dc5bf04846  618b6d39cd4f0719  e07ca562eeea134d      0  1150      0      508   1897    0(0)      0(0)     0     0
1740  d24441dc5bf04846  618b6d39cd4f0719  e07ca562eeea134d      0  1150      0      508   1897    0(0)      0(0)     0     0
1800  d24441dc5bf04846  618b6d39cd4f0719  e07ca562eeea134d      0  1150      0      508   1897    0(0)      0(0)     0     0
1860  d24441dc5bf04846  618b6d39cd4f0719  e07ca562eeea134d      0  1150      0      508   1897    0(0)      0(0)     0     0
1920  d24441dc5bf04846  618b6d39cd4f0719  e07ca562eeea134d      0  1150      0      508   1897    0(0)      0(0)     0     0
1980  d24441dc5bf04846  618b6d39cd4f0719  e07ca562eeea134d      0  1150      0      508   1897    0(0)      0(0)     0     0
2040  d24441dc5bf04846  618b6d39cd4f0719  e07ca562eeea134d      0  1150      0      508   1897    0(0)      0(0)     0     0
2100  d24441dc5bf04846  618b6d39cd4f0719  e07ca562eeea134d      0  1150      0      508   1897    0(0)      0(0)     0     0
2160  d24441dc5bf04846  618b6d39cd4f0719  e07ca562eeea134d      0  1150      0      508   1897    0(0)      0(0)     0     0
2220  d24441dc5bf04846  618b6d39cd4f0719  e07ca562eeea134d      0  1150      0      508   1897    0(0)      0(0)     0     0
2280  d24441dc5bf04846  618b6d39cd4f0719  e07ca562eeea134d      0  1150      0      508   1897    0(0)      0(0)     0     0
2340  d24441dc5bf04846  618b6d39cd4f0719  e07ca562eeea134d      0  1150      0      508   1897    0(0)      0(0)     0     0
2400  d24441dc5bf04846  618b6d39cd4f0719  e07ca562eeea134d      0  1150      0      508   1897    0(0)      0(0)     0     0
2460  d24441dc5bf04846  618b6d39cd4f0719  e07ca562eeea134d      0  1150      0      508   1897    0(0)      0(0)     0     0
2520  d24441dc5bf04846  618b6d39cd4f0719  e07ca562eeea134d      0  1150      0      508   1897    0(0)      0(0)     0     0
2580  d24441dc5bf04846  618b6d39cd4f0719  e07ca562eeea134d      0  1150      0      508   1897    0(0)      0(0)     0     0
2640  d24441dc5bf04846  618b6d39cd4f0719  e07ca562eeea134d      0  1150      0      508   1897    0(0)      0(0)     0     0
2700  d24441dc5bf04846  618b6d39cd4f0719  e07ca562eeea134d      0  1150      0      508   1897    0(0)      0(0)     0     0
2760  d24441dc5bf04846  618b6d39cd4f0719  e07ca562eeea134d      0  1150      0      508   1897    0(0)      0(0)     0     0
2820  d24441dc5bf04846  618b6d39cd4f0719  e07ca562eeea134d      0  1150      0      508   1897    0(0)      0(0)     0     0
2880  d24441dc5bf04846  618b6d39cd4f0719  e07ca562eeea134d      0  1150      0      508   1897    0(0)      0(0)     0     0
2940  d24441dc5bf04846  618b6d39cd4f0719  e07ca562eeea134d      0  1150      0      508   1897    0(0)      0(0)     0     0
3000  d24441dc5bf04846  618b6d39cd4f0719  e07ca562eeea134d      0  1150      0      508   1897    0(0)      0(0)     0     0
3060  d24441dc5bf04846  618b6d39cd4f0719  e07ca562eeea134d      0  1150      0      508   1897    0(0)      0(0)     0     0
3120  d24441dc5bf04846  618b6d39cd4f0719  e07ca562eeea134d      0  1150      0      508   1897    0(0)      0(0)     0     0
3180  d24441dc5bf04846  618b6d39cd4f0719  e07ca562eeea134d      0  1150      0      508   1897    0(0)      0(0)     0     0
3240  d24441dc5bf04846  618b6d39cd4f0719  e07ca562eeea134d      0  1150      0      508   1897    0(0)      0(0)     0     0
3300  d24441dc5bf04846  618b6d39cd4f0719  e07ca562eeea134d      0  1150      0      508   1897    0(0)      0(0)     0     0
3360  d24441dc5bf04846  618b6d39cd4f0719  e07ca562eeea134d      0  1150      0      508   1897    0(0)      0(0)     0     0
3420  d24441dc5bf04846  618b6d39cd4f0719  e07ca562eeea134d      0  1150      0      508   1897    0(0)      0(0)     0     0
3480  d24441dc5bf04846  618b6d39cd4f0719  e07ca562eeea134d      0  1150      0      508   1897    0(0)      0(0)     0     0
3540  d24441dc5bf04846  618b6d39cd4f0719  e07ca562eeea134d      0  1150      0      508   1897    0(0)      0(0)     0     0
3600  d24441dc5bf04846  618b6d39cd4f0719  e07ca562eeea134d      0  1150      0      508   1897    0(0)      0(0)     0     0
threads 1: 0.359 ms/tick, saturations 0, floating-point sentinel clean; per-tick hashes (reference)
threads 8: 0.233 ms/tick, saturations 0, floating-point sentinel clean; per-tick hashes identical
solve: every dynamic body asleep from tick 250; deepest point -0.179181 m (tick 63, bodies 138 163), at rest (the 60 ticks before every body sleeps, or the last 60) -0.00818539 m (tick 190, bodies 10 35); at most 304 dispatches a tick
rest: after tick 3600, over every touching pair (sleeping ones too): deepest point -0.00816512 m (bodies 10 35), 508 touching pairs
toy V4 pile200: run hash 0059ac024e0742e8, final bodies d24441dc5bf04846 manifolds 618b6d39cd4f0719 stages e07ca562eeea134d, threads agree, saturations 0 (twin: gcc 13.3.0, aarch64, contraction off)
