toy pile200, dialect V4, 3600 ticks, threads 1 8; gravity 10, sleep on, contact recycling on
twin: gcc 13.3.0, aarch64, contraction off
layout sizes C/twin: Hull 68/68 HullFace 24/24 BodyState 60/60 BodyPose 40/40 BodyMass 80/80 Aabb 32/32 Params 184/184 Hash2 8/8 V3 12/12 Pair 24/24 Manifold 348/348 SatAxis 72/72 NarrowDiag 64/64 Constraint 460/460
scene pile200 (seed 6): 205 bodies (5 static), 203 hulls (40 irregular chunks, 30 redrawn), largest hull 14 vertices 9 faces 42 half-edges; mass 6.773 to 49.39 kg; quantisation range errors 0
  hull 0 (box 12 x 1 x 12 m): volume 144 (8abc 144), Ixx/density 1740 (V(b^2+c^2)/3 1740), Ixy -0
traj /home/consulear/lpf-m11/lab/gpu/results/spark-gb10/toy/sanity_V4.pile200-s6.traj: 3601 records of 205 bodies, every 1 ticks
tick  bodies-hash       manifolds-hash    stages-hash       awake pairs active touching points colours(ovf) islands(largest) slept woken
   1  ec0d74ccab693f7a  0000000000000000  946e2557b1056391    200     0      0        0      0    0(0)    200(1)     0     0
   2  4efbab97f5b7d317  0000000000000000  946e2557b1056391    200     0      0        0      0    0(0)    200(1)     0     0
   3  d93e64fc41b1417c  0000000000000000  946e2557b1056391    200     0      0        0      0    0(0)    200(1)     0     0
   4  1a80e2373dfb131a  0000000000000000  946e2557b1056391    200     0      0        0      0    0(0)    200(1)     0     0
   5  f8ec9dc3a36e46b3  0000000000000000  946e2557b1056391    200     0      0        0      0    0(0)    200(1)     0     0
   6  73b97cc7e43c60bc  0000000000000000  946e2557b1056391    200     0      0        0      0    0(0)    200(1)     0     0
   7  6da5a3e0c369722b  0000000000000000  946e2557b1056391    200     0      0        0      0    0(0)    200(1)     0     0
   8  1f844dfffa9e5879  0000000000000000  946e2557b1056391    200     0      0        0      0    0(0)    200(1)     0     0
   9  882b8949f8d504b2  0000000000000000  946e2557b1056391    200     0      0        0      0    0(0)    200(1)     0     0
  10  4e7d9230cf72b834  0000000000000000  946e2557b1056391    200     0      0        0      0    0(0)    200(1)     0     0
  11  3a50d95a9c8e8632  0000000000000000  946e2557b1056391    200     0      0        0      0    0(0)    200(1)     0     0
  12  3ca67c539c908a87  0000000000000000  946e2557b1056391    200     0      0        0      0    0(0)    200(1)     0     0
  13  d7cd721467ea38a6  0000000000000000  946e2557b1056391    200     0      0        0      0    0(0)    200(1)     0     0
  14  d162bf242c65262c  0000000000000000  946e2557b1056391    200     0      0        0      0    0(0)    200(1)     0     0
  15  fa197813c5af05aa  0000000000000000  946e2557b1056391    200     0      0        0      0    0(0)    200(1)     0     0
  16  e2a738d14fef9523  0000000000000000  946e2557b1056391    200     0      0        0      0    0(0)    200(1)     0     0
  17  35e2d6024798a7b9  0000000000000000  946e2557b1056391    200     0      0        0      0    0(0)    200(1)     0     0
  18  bb77a97243c4e813  0000000000000000  946e2557b1056391    200     0      0        0      0    0(0)    200(1)     0     0
  19  78bbb6b8268d2a0c  0000000000000000  946e2557b1056391    200     0      0        0      0    0(0)    200(1)     0     0
  20  0a09228fc7f97a95  0000000000000000  946e2557b1056391    200     0      0        0      0    0(0)    200(1)     0     0
  21  a630f61ea5ca1cb9  0000000000000000  946e2557b1056391    200     0      0        0      0    0(0)    200(1)     0     0
  22  03d798f0ad0e5c97  0000000000000000  946e2557b1056391    200     0      0        0      0    0(0)    200(1)     0     0
  23  08e1c20b4d98a204  0000000000000000  946e2557b1056391    200     0      0        0      0    0(0)    200(1)     0     0
  24  0344980fbfb6bbde  0000000000000000  946e2557b1056391    200     0      0        0      0    0(0)    200(1)     0     0
  25  7fec2f583f166996  0000000000000000  946e2557b1056391    200     0      0        0      0    0(0)    200(1)     0     0
  26  d33c8f42a6e825b0  0000000000000000  946e2557b1056391    200     0      0        0      0    0(0)    200(1)     0     0
  27  6b0757253db097d0  0000000000000000  946e2557b1056391    200     0      0        0      0    0(0)    200(1)     0     0
  28  c99d66217662dbea  0000000000000000  946e2557b1056391    200     0      0        0      0    0(0)    200(1)     0     0
  29  9754ae8a5b3f641c  0000000000000000  946e2557b1056391    200     0      0        0      0    0(0)    200(1)     0     0
  30  726b3374fd55601a  0000000000000000  946e2557b1056391    200     0      0        0      0    0(0)    200(1)     0     0
  31  dc4ac7f79607bfd7  0000000000000000  946e2557b1056391    200     0      0        0      0    0(0)    200(1)     0     0
  32  4cb0c09d8c3f3818  0000000000000000  946e2557b1056391    200     0      0        0      0    0(0)    200(1)     0     0
  33  9cd847102d748960  0000000000000000  946e2557b1056391    200     0      0        0      0    0(0)    200(1)     0     0
  34  eb766efa78a23f2d  0000000000000000  946e2557b1056391    200     0      0        0      0    0(0)    200(1)     0     0
  35  a0070a73a853d712  0000000000000000  946e2557b1056391    200     0      0        0      0    0(0)    200(1)     0     0
  36  e593c9494b43df79  0000000000000000  946e2557b1056391    200     0      0        0      0    0(0)    200(1)     0     0
  37  6a34774256038811  0000000000000000  946e2557b1056391    200     0      0        0      0    0(0)    200(1)     0     0
  38  6f77b0d5ecde4f0d  0000000000000000  946e2557b1056391    200     0      0        0      0    0(0)    200(1)     0     0
  39  9a96789f11b640b6  0000000000000000  946e2557b1056391    200     0      0        0      0    0(0)    200(1)     0     0
  40  0949add543ed55fc  0000000000000000  946e2557b1056391    200     0      0        0      0    0(0)    200(1)     0     0
  41  795afb9dabae3a80  0000000000000000  946e2557b1056391    200     0      0        0      0    0(0)    200(1)     0     0
  42  608f136d46a2c9dd  0000000000000000  946e2557b1056391    200     0      0        0      0    0(0)    200(1)     0     0
  43  6df10a72d72d679b  0000000000000000  946e2557b1056391    200     0      0        0      0    0(0)    200(1)     0     0
  44  78374b9c1a4b2065  0000000000000000  946e2557b1056391    200     0      0        0      0    0(0)    200(1)     0     0
  45  532a10f5ba6c0c55  76234f57a16afab5  8df6602fa9e08fbe    200    17     17        1      4    1(0)    200(1)     0     0
  46  816f988b7cee4415  b95acb6e29265f9b  c19cf2e7d18f4f98    200    25     25       22     88    1(0)    200(1)     0     0
  47  71df7c251ef535d8  633f3f8c99bfaa6e  24de125d4de69634    200    29     29       24     96    3(0)    200(1)     0     0
  48  106529ea0039b4c7  8078330d42b61e4c  cbb0fa104baef2f9    200    44     44       30    119    4(0)    200(1)     0     0
  49  7877a6237ff91b2c  4a5f01a916afc443  2735d9ec930adafa    200    53     53       44    172    4(0)    194(2)     0     0
  50  c4f7efc84b7a5c0d  000ead05b198f57f  d0a689a8962c8685    200    63     63       50    198    4(0)    181(2)     0     0
  51  6009c36ab6f132a8  b21eac1d9115b998  70edd63a50d02b6d    200    76     76       54    210    4(0)    175(4)     0     0
  52  184107731741b104  b2239f10b3cf0fae  99192f5fe1ee9c78    200    89     89       65    253    4(0)    169(4)     0     0
  53  173394e4da4bddb4  bee8221b496cd532  5958a63ed9b49455    200    94     94       77    302    5(0)    158(3)     0     0
  54  8438c113a1d7d152  7c1b6e18e67908e8  1df1cff717002800    200   114    114       81    323    6(0)    149(4)     0     0
  55  c5142dbab1705bca  2073f58a44e4c7f1  10e22ee29aea36f0    200   127    127       95    378    6(0)    145(4)     0     0
  56  e5fa115bc6837e07  12d1c08c60729546  a19573a733244693    200   142    142      105    416    6(0)    133(5)     0     0
  57  f1b2753b4cd409d2  a8392aceba89e391  36a695c8f7591045    200   164    164      111    436    7(0)    125(8)     0     0
  58  034c5980cdd82d50  ca73fef67c5f225e  c7ba866a595a003d    200   181    181      122    485    7(0)    117(9)     0     0
  59  7d59c6ba46d3f70b  30d35b7b53297d61  58d8a920df8598df    200   204    204      132    515    8(0)    107(9)     0     0
  60  9dbbf93b98ae414e  c94ad2adf09e3176  bf6bf4052b5f8ee8    200   224    224      143    558    9(0)     99(10)     0     0
  61  500bba6ecefff098  6b309b7f5a7bc39e  5db68eb8980a5aee    200   248    248      153    596   11(0)     90(11)     0     0
  62  010cdeb729737832  2d592019f761bcba  882e20d057fe73e8    200   279    279      159    624   11(0)     79(12)     0     0
  63  abf0f2cb463c0779  4d82c1e1b769cb54  255d5d8edfef4149    200   305    305      170    666   12(0)     74(12)     0     0
  64  ba4369b602113b3a  062e7b2f6cdd76d0  2ddc6511ccb751dd    200   327    327      183    713   12(0)     62(20)     0     0
  65  dcdac301095fb48e  d3582fa1fbf602a9  a7daddd93aa066b7    200   353    353      193    753   12(0)     53(21)     0     0
  66  f1fda74819f9c0c8  c12cfb24e5a537bb  620866b36237bac2    200   383    383      208    812   13(0)     45(21)     0     0
  67  c5cd416d3d6c4f6a  2be816d7e3c66262  88f8dbb472c67ae6    200   413    413      211    828   15(0)     31(24)     0     0
  68  371700dcc5f1e851  ef60ca4413874803  2b45b30bdc4381b5    200   446    446      218    846   15(0)     30(24)     0     0
  69  cee39ad367be441b  c9d59627fc6bd3fa  a1c2e430300e9a4f    200   476    476      223    873   15(0)     27(38)     0     0
  70  1dbd6a5512ee754c  e26293f7d29c4d90  ea59e93498d6d74c    200   506    506      227    892   16(0)     25(54)     0     0
  71  486ed51c36a8d931  dec81488a7ff6fe1  90c7fcc2666f3710    200   535    535      230    911   16(0)     24(63)     0     0
  72  da1e82f1cd161557  e9d3e5f269db0946  de9340642eef0bcb    200   563    563      227    892   17(0)     23(40)     0     0
  73  1c8f3dddd8ff9668  988f70fa2ca90b9c  fd4e42ee02f77025    200   594    594      239    937   17(0)     30(46)     0     0
  74  cd10086e0c8783a9  a5f98bc64a7ce251  496a982f5066de91    200   621    621      238    928   17(0)     25(68)     0     0
  75  df14eb514a15291e  dbff1948f7593910  d21b657b3f19a143    200   643    643      225    877   16(0)     28(67)     0     0
  76  e8c3152f5e54b03b  1fd8e4ee2714b77c  a81ea6490766e080    200   658    658      222    861   16(0)     33(101)     0     0
  77  14f126ba9e239d75  c3c7c021fc6e30c9  a5be4da3d44ea69d    200   677    677      227    881   17(0)     34(65)     0     0
  78  b752f74e9fa8f94a  7e0e82db29a57849  d11fd185e26002ce    200   687    687      246    936   16(0)     33(102)     0     0
  79  75d3d40c6a641171  693ed2929be45d4e  1b0d0127a39d0c77    200   695    695      243    921   16(0)     30(85)     0     0
  80  26cd614024757878  3434fb8ca45ec7a5  a007b0ee08df3179    200   703    703      241    926   18(0)     31(141)     0     0
  81  4fa6a9e16991f6fe  cfeb4373b88ff2e5  934093a94125442a    200   720    720      242    928   17(0)     32(103)     0     0
  82  e65fd8dfab385b62  c77c87c67efef3e9  d9955a18aae8c93e    200   743    743      251    959   17(0)     31(129)     0     0
  83  fb982cda318d44a7  da6886ed04057559  5367d5bf0ceeb87a    200   753    753      243    935   17(0)     30(128)     0     0
  84  b70150f92e6a6109  589cc1b94d6615cb  ffbf4bee9c5ed93e    200   781    781      253    977   17(0)     33(141)     0     0
  85  4f5fda23b6a21d79  72eb3ec1b2461b7a  8f23e006010544e6    200   788    788      261   1006   17(0)     29(95)     0     0
  86  5dee73f78e9dd645  e4a3eb3a04eb33d8  d97f7507188ec97a    200   802    802      269   1021   18(0)     28(96)     0     0
  87  88b420496f3f4f8a  98937a654200a28f  34fe09e310d31205    200   803    803      277   1051   18(0)     26(154)     0     0
  88  71aeb1fae0228f1c  8aa7b67b84f17bba  7d030c84e9d2fdbb    200   812    812      282   1065   19(0)     25(154)     0     0
  89  1f12daf73a3f619b  e88d22605d88b33d  9160cafeabbf295e    200   818    818      281   1062   20(0)     23(155)     0     0
  90  326730e769b85150  1eb8e5784c564499  afc3e0e42c5c01ca    200   824    824      284   1094   20(0)     25(154)     0     0
  91  08bd38ad743f2e30  cccd61df4f269adf  f56d9ec5bbf196cb    200   821    821      283   1092   20(0)     24(157)     0     0
  92  78fea0c6dc8b8371  256243280896993a  327e5fc3bf51bc21    200   838    838      285   1100   20(0)     23(157)     0     0
  93  7ed85b6dba67d436  65782a910af5f5ae  e1097bddd5c17c4a    200   850    850      292   1115   19(0)     23(165)     0     0
  94  b2c51b1b0fc14d85  5001bcd42809c237  63897cb16b9e2f22    200   868    868      293   1120   20(0)     18(171)     0     0
  95  63de546cd4cbe0c0  d2deb9088c875398  595b527773ee3a1f    200   881    881      302   1161   19(0)     19(172)     0     0
  96  55c841c72e4aa19d  4af196657f5ce7f5  732fa71c692a64c7    200   897    897      301   1153   19(0)     19(171)     0     0
  97  fe58d1b0d3c393e0  516fef8a96fc199b  81aa040f1cde3540    200   904    904      309   1168   19(0)     19(170)     0     0
  98  f923d16c44246ffd  8d3d8261c470a0ad  45e98a169368b333    200   909    909      312   1172   18(0)     18(171)     0     0
  99  abf7a3395530029d  9aa9d4972c430f72  431c18e6430db0f9    200   920    920      318   1200   20(0)     19(169)     0     0
 100  7890653ff363690d  d7f25c560871d8de  093943bdbfccf1ef    200   931    931      322   1211   22(0)     17(171)     0     0
 101  c5076ec5d3f16580  6e3e65a3d647aeb7  90829f9c3cdf6299    200   931    931      328   1229   23(0)     14(174)     0     0
 102  01b483999116563c  7239ebc2a49b2f3f  d971f9fb3d8f17c7    200   938    938      330   1236   23(0)     15(172)     0     0
 103  1e6787d0c2dad235  a91af168dd2556d1  de27a3e081e4665e    200   935    935      342   1294   22(0)     14(173)     0     0
 104  6010fdaebc4f0575  002d9af3b5335fa1  d8cdf0efdd808589    200   938    938      349   1322   22(0)     11(176)     0     0
 105  e2d851c438e43b8d  164e5d566c339650  a954919a23061994    200   940    940      350   1333   22(0)      9(179)     0     0
 106  939189a820b922af  2e6270708a207922  1a0a199697870c36    200   946    946      356   1354   22(0)      6(195)     0     0
 107  6d0486965cf4f13f  b35315c92d6a1d5a  205d72474f690b41    200   946    946      364   1378   22(0)      8(193)     0     0
 108  996d622471159bf8  05fc2d06eac4a454  c40d500d76c9da62    200   951    951      368   1394   24(0)      6(195)     0     0
 109  3c5ad8807a054c9e  cad6e0a896a8c907  738e1e92d55d6249    200   958    958      363   1379   24(0)      5(196)     0     0
 110  9e779b8bc0b0dd26  5d211ed443392f3e  b518052eb924aaf9    200   970    970      356   1356   24(0)      6(195)     0     0
 111  62ebe7edf78a97c3  80a87b64d2b128e7  a06faa8da0e8f3f8    200   977    977      358   1351   23(0)     10(190)     0     0
 112  54540289707b2c47  5a8e7091300245e8  77e39749134ba38c    200   976    976      361   1358   23(0)     11(189)     0     0
 113  5a202e8194ebaf1e  37010aaddd852b7e  43f932a15941da48    200   985    985      368   1388   22(0)      7(194)     0     0
 114  502573c577632dac  c76eb576a85b0e24  477baa803522d0da    200   988    988      377   1428   22(0)      6(195)     0     0
 115  4d4cf0b1e0db2366  17d2b7f9b75d1616  f82e888d970ccb98    200  1000   1000      382   1449   22(0)      6(195)     0     0
 116  b45052aa54224f7e  c42dd836b1e6b853  09dbe5e33ca8bed3    200  1003   1003      387   1462   22(0)      6(195)     0     0
 117  c05c527ea9207c06  2d8e4b65ac58729e  97bc092ef1dc6ecf    200  1005   1005      393   1482   22(0)      6(195)     0     0
 118  eb3ff6ae160b9cba  cea106ef269526ec  55f2a68fc0c2e63a    200  1009   1009      390   1462   22(0)      7(194)     0     0
 119  d3115489e563e93f  7f397b97cde8a7b8  85fe1e1bc1bec7a5    200  1010   1010      388   1462   22(0)      8(193)     0     0
 120  da6e7087f2e25d05  1fa5aba674e27ea4  99ab3daad0d49b6b    200  1016   1016      388   1470   22(0)      8(193)     0     0
 180  d2918f1aafb4ae1a  e11132e00317d30d  63e6cdaccaee6274    198  1096   1091      453   1725   20(0)      3(195)     0     0
 240  52b387c9102ff23e  b6b35195a9e4e314  7be873f57b704e35    198  1098   1095      460   1750   20(0)      1(198)     0     0
 300  de8da7602b97ec29  da1cf342153817a2  351137888eaf0949      0  1099      0      460   1750    0(0)      0(0)     0     0
 360  de8da7602b97ec29  da1cf342153817a2  351137888eaf0949      0  1099      0      460   1750    0(0)      0(0)     0     0
 420  de8da7602b97ec29  da1cf342153817a2  351137888eaf0949      0  1099      0      460   1750    0(0)      0(0)     0     0
 480  de8da7602b97ec29  da1cf342153817a2  351137888eaf0949      0  1099      0      460   1750    0(0)      0(0)     0     0
 540  de8da7602b97ec29  da1cf342153817a2  351137888eaf0949      0  1099      0      460   1750    0(0)      0(0)     0     0
 600  de8da7602b97ec29  da1cf342153817a2  351137888eaf0949      0  1099      0      460   1750    0(0)      0(0)     0     0
 660  de8da7602b97ec29  da1cf342153817a2  351137888eaf0949      0  1099      0      460   1750    0(0)      0(0)     0     0
 720  de8da7602b97ec29  da1cf342153817a2  351137888eaf0949      0  1099      0      460   1750    0(0)      0(0)     0     0
 780  de8da7602b97ec29  da1cf342153817a2  351137888eaf0949      0  1099      0      460   1750    0(0)      0(0)     0     0
 840  de8da7602b97ec29  da1cf342153817a2  351137888eaf0949      0  1099      0      460   1750    0(0)      0(0)     0     0
 900  de8da7602b97ec29  da1cf342153817a2  351137888eaf0949      0  1099      0      460   1750    0(0)      0(0)     0     0
 960  de8da7602b97ec29  da1cf342153817a2  351137888eaf0949      0  1099      0      460   1750    0(0)      0(0)     0     0
1020  de8da7602b97ec29  da1cf342153817a2  351137888eaf0949      0  1099      0      460   1750    0(0)      0(0)     0     0
1080  de8da7602b97ec29  da1cf342153817a2  351137888eaf0949      0  1099      0      460   1750    0(0)      0(0)     0     0
1140  de8da7602b97ec29  da1cf342153817a2  351137888eaf0949      0  1099      0      460   1750    0(0)      0(0)     0     0
1200  de8da7602b97ec29  da1cf342153817a2  351137888eaf0949      0  1099      0      460   1750    0(0)      0(0)     0     0
1260  de8da7602b97ec29  da1cf342153817a2  351137888eaf0949      0  1099      0      460   1750    0(0)      0(0)     0     0
1320  de8da7602b97ec29  da1cf342153817a2  351137888eaf0949      0  1099      0      460   1750    0(0)      0(0)     0     0
1380  de8da7602b97ec29  da1cf342153817a2  351137888eaf0949      0  1099      0      460   1750    0(0)      0(0)     0     0
1440  de8da7602b97ec29  da1cf342153817a2  351137888eaf0949      0  1099      0      460   1750    0(0)      0(0)     0     0
1500  de8da7602b97ec29  da1cf342153817a2  351137888eaf0949      0  1099      0      460   1750    0(0)      0(0)     0     0
1560  de8da7602b97ec29  da1cf342153817a2  351137888eaf0949      0  1099      0      460   1750    0(0)      0(0)     0     0
1620  de8da7602b97ec29  da1cf342153817a2  351137888eaf0949      0  1099      0      460   1750    0(0)      0(0)     0     0
1680  de8da7602b97ec29  da1cf342153817a2  351137888eaf0949      0  1099      0      460   1750    0(0)      0(0)     0     0
1740  de8da7602b97ec29  da1cf342153817a2  351137888eaf0949      0  1099      0      460   1750    0(0)      0(0)     0     0
1800  de8da7602b97ec29  da1cf342153817a2  351137888eaf0949      0  1099      0      460   1750    0(0)      0(0)     0     0
1860  de8da7602b97ec29  da1cf342153817a2  351137888eaf0949      0  1099      0      460   1750    0(0)      0(0)     0     0
1920  de8da7602b97ec29  da1cf342153817a2  351137888eaf0949      0  1099      0      460   1750    0(0)      0(0)     0     0
1980  de8da7602b97ec29  da1cf342153817a2  351137888eaf0949      0  1099      0      460   1750    0(0)      0(0)     0     0
2040  de8da7602b97ec29  da1cf342153817a2  351137888eaf0949      0  1099      0      460   1750    0(0)      0(0)     0     0
2100  de8da7602b97ec29  da1cf342153817a2  351137888eaf0949      0  1099      0      460   1750    0(0)      0(0)     0     0
2160  de8da7602b97ec29  da1cf342153817a2  351137888eaf0949      0  1099      0      460   1750    0(0)      0(0)     0     0
2220  de8da7602b97ec29  da1cf342153817a2  351137888eaf0949      0  1099      0      460   1750    0(0)      0(0)     0     0
2280  de8da7602b97ec29  da1cf342153817a2  351137888eaf0949      0  1099      0      460   1750    0(0)      0(0)     0     0
2340  de8da7602b97ec29  da1cf342153817a2  351137888eaf0949      0  1099      0      460   1750    0(0)      0(0)     0     0
2400  de8da7602b97ec29  da1cf342153817a2  351137888eaf0949      0  1099      0      460   1750    0(0)      0(0)     0     0
2460  de8da7602b97ec29  da1cf342153817a2  351137888eaf0949      0  1099      0      460   1750    0(0)      0(0)     0     0
2520  de8da7602b97ec29  da1cf342153817a2  351137888eaf0949      0  1099      0      460   1750    0(0)      0(0)     0     0
2580  de8da7602b97ec29  da1cf342153817a2  351137888eaf0949      0  1099      0      460   1750    0(0)      0(0)     0     0
2640  de8da7602b97ec29  da1cf342153817a2  351137888eaf0949      0  1099      0      460   1750    0(0)      0(0)     0     0
2700  de8da7602b97ec29  da1cf342153817a2  351137888eaf0949      0  1099      0      460   1750    0(0)      0(0)     0     0
2760  de8da7602b97ec29  da1cf342153817a2  351137888eaf0949      0  1099      0      460   1750    0(0)      0(0)     0     0
2820  de8da7602b97ec29  da1cf342153817a2  351137888eaf0949      0  1099      0      460   1750    0(0)      0(0)     0     0
2880  de8da7602b97ec29  da1cf342153817a2  351137888eaf0949      0  1099      0      460   1750    0(0)      0(0)     0     0
2940  de8da7602b97ec29  da1cf342153817a2  351137888eaf0949      0  1099      0      460   1750    0(0)      0(0)     0     0
3000  de8da7602b97ec29  da1cf342153817a2  351137888eaf0949      0  1099      0      460   1750    0(0)      0(0)     0     0
3060  de8da7602b97ec29  da1cf342153817a2  351137888eaf0949      0  1099      0      460   1750    0(0)      0(0)     0     0
3120  de8da7602b97ec29  da1cf342153817a2  351137888eaf0949      0  1099      0      460   1750    0(0)      0(0)     0     0
3180  de8da7602b97ec29  da1cf342153817a2  351137888eaf0949      0  1099      0      460   1750    0(0)      0(0)     0     0
3240  de8da7602b97ec29  da1cf342153817a2  351137888eaf0949      0  1099      0      460   1750    0(0)      0(0)     0     0
3300  de8da7602b97ec29  da1cf342153817a2  351137888eaf0949      0  1099      0      460   1750    0(0)      0(0)     0     0
3360  de8da7602b97ec29  da1cf342153817a2  351137888eaf0949      0  1099      0      460   1750    0(0)      0(0)     0     0
3420  de8da7602b97ec29  da1cf342153817a2  351137888eaf0949      0  1099      0      460   1750    0(0)      0(0)     0     0
3480  de8da7602b97ec29  da1cf342153817a2  351137888eaf0949      0  1099      0      460   1750    0(0)      0(0)     0     0
3540  de8da7602b97ec29  da1cf342153817a2  351137888eaf0949      0  1099      0      460   1750    0(0)      0(0)     0     0
3600  de8da7602b97ec29  da1cf342153817a2  351137888eaf0949      0  1099      0      460   1750    0(0)      0(0)     0     0
threads 1: 0.346 ms/tick, saturations 0, floating-point sentinel clean; per-tick hashes (reference)
threads 8: 0.219 ms/tick, saturations 0, floating-point sentinel clean; per-tick hashes identical
solve: every dynamic body asleep from tick 251; deepest point -0.181155 m (tick 63, bodies 136 161), at rest (the 60 ticks before every body sleeps, or the last 60) -0.0228746 m (tick 205, bodies 30 161); at most 304 dispatches a tick
rest: after tick 3600, over every touching pair (sleeping ones too): deepest point -0.0104027 m (bodies 47 72), 460 touching pairs
toy V4 pile200: run hash bf354b949d8062e0, final bodies de8da7602b97ec29 manifolds da1cf342153817a2 stages 351137888eaf0949, threads agree, saturations 0 (twin: gcc 13.3.0, aarch64, contraction off)
