toy pile200, dialect V4, 3600 ticks, threads 1 8; gravity 10, sleep on, contact recycling on
twin: gcc 13.3.0, aarch64, contraction off
layout sizes C/twin: Hull 68/68 HullFace 24/24 BodyState 60/60 BodyPose 40/40 BodyMass 80/80 Aabb 32/32 Params 184/184 Hash2 8/8 V3 12/12 Pair 24/24 Manifold 348/348 SatAxis 72/72 NarrowDiag 64/64 Constraint 460/460
scene pile200 (seed 7): 205 bodies (5 static), 203 hulls (40 irregular chunks, 24 redrawn), largest hull 14 vertices 9 faces 42 half-edges; mass 7.387 to 54.95 kg; quantisation range errors 0
  hull 0 (box 12 x 1 x 12 m): volume 144 (8abc 144), Ixx/density 1740 (V(b^2+c^2)/3 1740), Ixy -0
traj /home/consulear/lpf-m11/lab/gpu/results/spark-gb10/toy/sanity_V4.pile200-s7.traj: 3601 records of 205 bodies, every 1 ticks
tick  bodies-hash       manifolds-hash    stages-hash       awake pairs active touching points colours(ovf) islands(largest) slept woken
   1  84d1f13dfd8ee1de  0000000000000000  946e2557b1056391    200     0      0        0      0    0(0)    200(1)     0     0
   2  cb2b3bf1d8e36c24  0000000000000000  946e2557b1056391    200     0      0        0      0    0(0)    200(1)     0     0
   3  37b054a05141cbe5  0000000000000000  946e2557b1056391    200     0      0        0      0    0(0)    200(1)     0     0
   4  8897f08aa7820083  0000000000000000  946e2557b1056391    200     0      0        0      0    0(0)    200(1)     0     0
   5  bc2f7126a19b38a5  0000000000000000  946e2557b1056391    200     0      0        0      0    0(0)    200(1)     0     0
   6  19d785f4e304817e  0000000000000000  946e2557b1056391    200     0      0        0      0    0(0)    200(1)     0     0
   7  6b59261e5f23d3b9  0000000000000000  946e2557b1056391    200     0      0        0      0    0(0)    200(1)     0     0
   8  089ecfd3e6be2d8d  0000000000000000  946e2557b1056391    200     0      0        0      0    0(0)    200(1)     0     0
   9  1de272f0eb6860ee  0000000000000000  946e2557b1056391    200     0      0        0      0    0(0)    200(1)     0     0
  10  d3ec698dc8dbe543  0000000000000000  946e2557b1056391    200     0      0        0      0    0(0)    200(1)     0     0
  11  1eedb93bc64add11  0000000000000000  946e2557b1056391    200     0      0        0      0    0(0)    200(1)     0     0
  12  a8efe5645b6d6e98  0000000000000000  946e2557b1056391    200     0      0        0      0    0(0)    200(1)     0     0
  13  b147e8dad4931d31  0000000000000000  946e2557b1056391    200     0      0        0      0    0(0)    200(1)     0     0
  14  b84c0482c6e6209c  0000000000000000  946e2557b1056391    200     0      0        0      0    0(0)    200(1)     0     0
  15  e8b625cb04a5a24d  0000000000000000  946e2557b1056391    200     0      0        0      0    0(0)    200(1)     0     0
  16  635e27fc775e9d26  0000000000000000  946e2557b1056391    200     0      0        0      0    0(0)    200(1)     0     0
  17  a43444c0630fee0d  0000000000000000  946e2557b1056391    200     0      0        0      0    0(0)    200(1)     0     0
  18  a7804796e2dd17ce  0000000000000000  946e2557b1056391    200     0      0        0      0    0(0)    200(1)     0     0
  19  e40d541ed1971c13  0000000000000000  946e2557b1056391    200     0      0        0      0    0(0)    200(1)     0     0
  20  2f4ae7b1d6eeabff  0000000000000000  946e2557b1056391    200     0      0        0      0    0(0)    200(1)     0     0
  21  2c2f36b854ac7f08  0000000000000000  946e2557b1056391    200     0      0        0      0    0(0)    200(1)     0     0
  22  a8c735d11a9cf7c4  0000000000000000  946e2557b1056391    200     0      0        0      0    0(0)    200(1)     0     0
  23  890f8203ad59bc95  0000000000000000  946e2557b1056391    200     0      0        0      0    0(0)    200(1)     0     0
  24  f2cca7a40fadaf6c  0000000000000000  946e2557b1056391    200     0      0        0      0    0(0)    200(1)     0     0
  25  c186a7bcaa3eb2c0  0000000000000000  946e2557b1056391    200     0      0        0      0    0(0)    200(1)     0     0
  26  816187fe89f29fdc  0000000000000000  946e2557b1056391    200     0      0        0      0    0(0)    200(1)     0     0
  27  8bd5fe97f828a794  0000000000000000  946e2557b1056391    200     0      0        0      0    0(0)    200(1)     0     0
  28  eb5d5a5506c94b1d  0000000000000000  946e2557b1056391    200     0      0        0      0    0(0)    200(1)     0     0
  29  774092c296d36b0e  0000000000000000  946e2557b1056391    200     0      0        0      0    0(0)    200(1)     0     0
  30  68d44ef073272ab6  0000000000000000  946e2557b1056391    200     0      0        0      0    0(0)    200(1)     0     0
  31  534aa9e9dda0f3d6  0000000000000000  946e2557b1056391    200     0      0        0      0    0(0)    200(1)     0     0
  32  a82ba52e83edf810  0000000000000000  946e2557b1056391    200     0      0        0      0    0(0)    200(1)     0     0
  33  e1836c2008d70455  0000000000000000  946e2557b1056391    200     0      0        0      0    0(0)    200(1)     0     0
  34  5ed00d5925ecdc5c  0000000000000000  946e2557b1056391    200     0      0        0      0    0(0)    200(1)     0     0
  35  4c45d53010f4b17f  0000000000000000  946e2557b1056391    200     0      0        0      0    0(0)    200(1)     0     0
  36  6fdd1b6a00f937cc  0000000000000000  946e2557b1056391    200     0      0        0      0    0(0)    200(1)     0     0
  37  1bce54c081dd52a0  0000000000000000  946e2557b1056391    200     0      0        0      0    0(0)    200(1)     0     0
  38  2b8d896fdbb40701  0000000000000000  946e2557b1056391    200     0      0        0      0    0(0)    200(1)     0     0
  39  7377c82085b46641  0000000000000000  946e2557b1056391    200     0      0        0      0    0(0)    200(1)     0     0
  40  ffd908d5e1fe4c49  0000000000000000  946e2557b1056391    200     0      0        0      0    0(0)    200(1)     0     0
  41  ae8dc2fe73b91807  0000000000000000  946e2557b1056391    200     0      0        0      0    0(0)    200(1)     0     0
  42  0da25a4ae39fb445  0000000000000000  946e2557b1056391    200     0      0        0      0    0(0)    200(1)     0     0
  43  8b7295b55f6b2a64  0000000000000000  946e2557b1056391    200     0      0        0      0    0(0)    200(1)     0     0
  44  4bf9b6204ccf39df  0000000000000000  946e2557b1056391    200     0      0        0      0    0(0)    200(1)     0     0
  45  5b0008336f9fbe91  e0f2f4ac2dd7664f  1dd03a8f299bb08d    200    18     18        2      8    1(0)    200(1)     0     0
  46  25970788b28c2b30  0a8d03f2bd8e59d1  4a23590da5abb981    200    27     27       24     96    2(0)    200(1)     0     0
  47  e7923fb2a2a435d2  dea2b7cc55d8a51c  4f1570a06cfc0663    200    31     31       27    108    2(0)    200(1)     0     0
  48  2ab3fbe0866b1e8e  7e523b30bd43ac83  2d274474e9aefc8c    200    46     46       32    128    3(0)    198(2)     0     0
  49  dd9fca73397cf9dc  fcc68a36bb468c81  8404b408acbbe756    200    58     58       44    175    4(0)    193(2)     0     0
  50  a6054abbc2f17628  50e784675f61bbd6  e08978e36051836a    200    65     65       52    207    4(0)    180(2)     0     0
  51  050555594d671a0a  ffbdec10ab3aaa02  f15524abac6eb916    200    77     77       59    231    5(0)    173(4)     0     0
  52  27ac4150c73ec914  f0e432beb9491160  6dac72a1511605c5    200    89     89       64    251    5(0)    165(4)     0     0
  53  53ea9f645123dcfa  3ee8aa8bdf649f39  7a918580a5f6619d    200    98     98       76    299    5(0)    158(5)     0     0
  54  00712ef8c28a830d  4f40d5cac21f4874  6f77cd944b42b5f4    200   112    112       83    331    6(0)    147(6)     0     0
  55  9136f0a42130029b  39a63721435c2dd1  58bdf7b75f28654a    200   127    127       89    353    6(0)    140(6)     0     0
  56  654f38be4ad5e65b  2342e14df03c8fff  8a0ce23b8bff79c7    200   140    140      101    402    7(0)    134(7)     0     0
  57  97175f3cf138d6b1  262cf30da8a9c8cc  219a34ae3b61f357    200   154    154      109    431    7(0)    123(7)     0     0
  58  f326af8a25881fc5  70260d43ddec1232  b5db6522c58f19a3    200   173    173      120    472    7(0)    118(6)     0     0
  59  308b69efa701630c  f854f108355fb494  581e6f12d62fc0a7    200   185    185      129    506    8(0)    108(8)     0     0
  60  827de08150b9667a  5142f7adb98a31dd  0478db6eb93cec5c    200   209    209      140    554   10(0)     99(9)     0     0
  61  45f0d7c9fa4f7246  c4274b1c351f8797  c49d519ec7c5c519    200   226    226      152    601   10(0)     91(7)     0     0
  62  165cdafe5c94d0a8  d3e6e082d9dfd4b3  7f3395277d411307    200   251    251      153    603   11(0)     81(10)     0     0
  63  89dc7dbe8a39ce5e  4faa1b43d23b5654  f08dee5ba1378f52    200   284    284      169    666   13(0)     77(9)     0     0
  64  6e4aaba3f7d575f7  bf670aaa8fdecc25  ca6af33a3e1298fd    200   319    319      182    715   13(0)     64(12)     0     0
  65  3c535041927a5cf2  d2a39cd601869e28  d2096fa0619e4079    200   354    354      195    758   13(0)     55(16)     0     0
  66  9333615773f30cbb  337b6470468d7e5f  fd0d8221934416fa    200   398    398      207    806   14(0)     46(19)     0     0
  67  b17602e2fceec08b  e02067e8c8d835a4  4282fe294b926b12    200   445    445      205    794   15(0)     40(21)     0     0
  68  4c9f932b7ce7e8bf  aedbd49f4fb5f88e  81c0ce736c74c588    200   482    482      210    826   15(0)     36(32)     0     0
  69  521704557678e6c4  aee6ea330d76755d  3bd7a7033b5d2a3b    200   512    512      221    866   17(0)     31(33)     0     0
  70  e6093bf49d6e9563  1cb18ccceae5d5ab  bd65882896fd4f91    200   549    549      223    874   16(0)     28(45)     0     0
  71  919bddf3fc175f10  8fb323e92644f630  9edcfc45509bfda3    200   564    564      232    905   16(0)     29(43)     0     0
  72  5c6de36594195cc6  a05d0104c29a50c6  4c3aaf21b6e54d7a    200   606    606      230    901   16(0)     25(53)     0     0
  73  00a8850b20fade79  17faaf294fd9b78c  105232682aa8601d    200   632    632      230    903   16(0)     32(51)     0     0
  74  24b5244cf521ffec  e1e3d0dee5c2436b  d9a1cc5ec02096d9    200   652    652      217    847   18(0)     40(39)     0     0
  75  be0a12d79ce8b7cf  240a4ab8d78c0bd9  31b526630509d177    200   665    665      218    847   17(0)     46(45)     0     0
  76  4b4538dfc04f73e2  574b487e94ec5979  ca27c360033c2999    200   684    684      229    884   16(0)     50(38)     0     0
  77  8c89835c96d36f9c  4950bcff4f2e7b23  811954bbc0e7d007    200   698    698      236    916   16(0)     43(74)     0     0
  78  1f2628473969b080  24cc1e7342c4f55c  a9f2a4f4b6a32691    200   711    711      247    955   17(0)     40(73)     0     0
  79  2d4a95a942093e34  7f3082589c7d7e47  1cb47cb7546f716a    200   720    720      251    961   16(0)     37(76)     0     0
  80  b290caae79ed865c  bfd7cfb206039738  a2d65d9500b7d925    200   717    717      254    984   15(0)     39(83)     0     0
  81  c9529848626851c4  a73b45cbad87b771  144c6a0f60469bdd    200   733    733      256    990   15(0)     41(78)     0     0
  82  91ee0d7a40fe0371  6bea481a5aa732e0  70108a9fb2a7dd30    200   736    736      265   1019   16(0)     36(85)     0     0
  83  fb3a6ae33b8fb3a1  1d5659812663eac4  f68dbe9aceb12e8e    200   751    751      274   1059   17(0)     34(83)     0     0
  84  05313675fb7cb6d3  43d0f4772b86284b  ca4ef159de352d1a    200   755    755      272   1059   16(0)     32(76)     0     0
  85  9d9f8252166c3fc8  b61bbcce703a4f9d  aa582b7a451ea731    200   765    765      274   1068   15(0)     31(104)     0     0
  86  5e6d25b9bc50796c  37101d62d61825e6  ef771fa0b5efd265    200   776    776      277   1077   16(0)     33(108)     0     0
  87  ce67bc09ece70bec  304707b35d0b4fa3  79ccb5de7158c0d7    200   788    788      284   1105   17(0)     31(107)     0     0
  88  8e8f2758145b6a8f  db2e6c8b421377f5  cb42aadf1b023b0d    200   798    798      292   1136   17(0)     30(110)     0     0
  89  c007dbf0f955c32f  f5171bb24d06f341  b96970527bbccf37    200   803    803      300   1166   18(0)     28(109)     0     0
  90  337f5e264f24eb7c  9f8f9daf9a7d3a57  9113a4cae00f5c68    200   812    812      298   1158   17(0)     27(119)     0     0
  91  646598b0db8273c5  f8ac065e59b50692  22e2e44335913892    200   814    814      304   1180   18(0)     29(75)     0     0
  92  c9a877bddcab2f2e  6d06b57218cf5656  366020fa9935c497    200   819    819      311   1200   17(0)     27(75)     0     0
  93  4f5b06e90f3bc208  d28947bcc427ed83  c2f41293637e82ec    200   822    822      312   1209   17(0)     24(93)     0     0
  94  e4539c23ae7acb23  3f5e16a74cad1317  79dedb766bf44ecf    200   826    826      315   1215   17(0)     25(93)     0     0
  95  d087a408d1be93eb  9416c207a75b5dd7  a987a282f92ae676    200   836    836      319   1229   18(0)     25(93)     0     0
  96  e2e3270191ce1df4  3f9c067f034d9e39  418b0ed7d4629734    200   848    848      320   1227   17(0)     23(93)     0     0
  97  a7d811272d4cefc7  c7803c44718e4b5c  ab536a541a0ed5b9    200   860    860      321   1227   17(0)     24(92)     0     0
  98  0e0b64ebd674eebc  b348578745c1e254  acb8baa4621f3b3b    200   860    860      322   1221   17(0)     23(93)     0     0
  99  a4c797a9b8399503  0cf320db4e347714  98beb70b67c59e15    200   872    872      329   1252   17(0)     23(94)     0     0
 100  b0d18e891c59a1ec  05b2c5b4cc3ba0e4  2de29fa7ed7646c1    200   882    882      328   1261   17(0)     18(96)     0     0
 101  c9f10c2427353b3b  20328c4a5c55a39d  3800a30c284729db    200   885    885      332   1286   18(0)     14(98)     0     0
 102  e8164f97368df59e  8df49864917e3da5  6fa53d790be8500e    200   904    904      332   1287   18(0)     12(189)     0     0
 103  85a5e41e8f396b45  75454bc19ab34ec0  2cf5fb59e64ec817    200   916    916      338   1318   18(0)     12(189)     0     0
 104  6409ee7a5babbcad  af146c3591eac6e5  9ee4d908c4450c1b    200   928    928      344   1334   18(0)     13(188)     0     0
 105  c2c44912d08bb4fe  a0571d2143a37365  24bc54045d18fa63    200   929    929      347   1346   17(0)     15(185)     0     0
 106  77f50aaaa16e03c5  851476ab2d079426  021b213d509fabc1    200   943    943      355   1371   19(0)     15(176)     0     0
 107  3bb62b54bf35e4d1  1eadcc3590724997  470479d132f5beb8    200   960    960      367   1420   18(0)     16(175)     0     0
 108  707584a2170b2b69  8144322ebd235c89  59e6618beae03cbf    200   967    967      378   1464   20(0)     14(178)     0     0
 109  428cc5557959a26a  99b1306d83bac983  c57a3c12c0588cf6    200   981    981      379   1465   19(0)      9(181)     0     0
 110  e41fcac961ae1a92  5bd892c223fd3c37  7d2bf65a95898465    200   996    996      385   1474   19(0)      9(183)     0     0
 111  0757db6b472dd3df  30a4ff6d590d04a3  6e98469f33297728    200  1007   1007      385   1469   20(0)      6(195)     0     0
 112  8d608e93ddea2900  1bcd47d2c8d1a458  b5258e9905ea48bc    200  1016   1016      387   1477   20(0)      7(184)     0     0
 113  33d69f119afb9e97  9ea8476c7ed7ca4b  eeb7c7854021d61b    200  1019   1019      390   1482   20(0)      5(196)     0     0
 114  c51b96dd6edf5ef6  3aabe9b73b13a691  4fc36616cce25e20    200  1020   1020      389   1487   19(0)      5(196)     0     0
 115  b784ff8818468934  16790317219cda09  9372bb19feb3f76e    200  1024   1024      392   1494   19(0)      6(195)     0     0
 116  2a61d98d3dd68418  ad8c1e50f05946a8  1ddba1c6e9b4d88e    200  1032   1032      393   1500   20(0)      6(195)     0     0
 117  eff81636b2eb2d30  c5efae8be2f4b0cd  dc49e9dec29867bf    200  1037   1037      396   1510   19(0)      7(194)     0     0
 118  4c42ef0eb0d42234  a068fbaba455b762  e52517baaf2e552f    200  1038   1038      400   1526   19(0)      6(195)     0     0
 119  4db06e4bc19ab5e6  a41aff42dab6532e  64547421ad8a0f3f    200  1035   1035      402   1531   19(0)      6(195)     0     0
 120  86069fd856257b6e  208af2e69b8694ef  328afc74294c1028    200  1037   1037      404   1537   19(0)      7(194)     0     0
 180  3e52433845a83e7f  44a21a26a5996786  5691cfdfc1a5386e    196  1175   1167      474   1813   22(0)      1(196)     0     0
 240  ecfb1714d36730b8  c24dfd04889c0764  85ca6eb58dda73fc    196  1177   1169      479   1838   22(0)      1(196)     0     0
 300  8d40668689574d92  259587fcbb12a5dd  f4c3f3925771355d      0  1177      0      479   1838    0(0)      0(0)     0     0
 360  8d40668689574d92  259587fcbb12a5dd  f4c3f3925771355d      0  1177      0      479   1838    0(0)      0(0)     0     0
 420  8d40668689574d92  259587fcbb12a5dd  f4c3f3925771355d      0  1177      0      479   1838    0(0)      0(0)     0     0
 480  8d40668689574d92  259587fcbb12a5dd  f4c3f3925771355d      0  1177      0      479   1838    0(0)      0(0)     0     0
 540  8d40668689574d92  259587fcbb12a5dd  f4c3f3925771355d      0  1177      0      479   1838    0(0)      0(0)     0     0
 600  8d40668689574d92  259587fcbb12a5dd  f4c3f3925771355d      0  1177      0      479   1838    0(0)      0(0)     0     0
 660  8d40668689574d92  259587fcbb12a5dd  f4c3f3925771355d      0  1177      0      479   1838    0(0)      0(0)     0     0
 720  8d40668689574d92  259587fcbb12a5dd  f4c3f3925771355d      0  1177      0      479   1838    0(0)      0(0)     0     0
 780  8d40668689574d92  259587fcbb12a5dd  f4c3f3925771355d      0  1177      0      479   1838    0(0)      0(0)     0     0
 840  8d40668689574d92  259587fcbb12a5dd  f4c3f3925771355d      0  1177      0      479   1838    0(0)      0(0)     0     0
 900  8d40668689574d92  259587fcbb12a5dd  f4c3f3925771355d      0  1177      0      479   1838    0(0)      0(0)     0     0
 960  8d40668689574d92  259587fcbb12a5dd  f4c3f3925771355d      0  1177      0      479   1838    0(0)      0(0)     0     0
1020  8d40668689574d92  259587fcbb12a5dd  f4c3f3925771355d      0  1177      0      479   1838    0(0)      0(0)     0     0
1080  8d40668689574d92  259587fcbb12a5dd  f4c3f3925771355d      0  1177      0      479   1838    0(0)      0(0)     0     0
1140  8d40668689574d92  259587fcbb12a5dd  f4c3f3925771355d      0  1177      0      479   1838    0(0)      0(0)     0     0
1200  8d40668689574d92  259587fcbb12a5dd  f4c3f3925771355d      0  1177      0      479   1838    0(0)      0(0)     0     0
1260  8d40668689574d92  259587fcbb12a5dd  f4c3f3925771355d      0  1177      0      479   1838    0(0)      0(0)     0     0
1320  8d40668689574d92  259587fcbb12a5dd  f4c3f3925771355d      0  1177      0      479   1838    0(0)      0(0)     0     0
1380  8d40668689574d92  259587fcbb12a5dd  f4c3f3925771355d      0  1177      0      479   1838    0(0)      0(0)     0     0
1440  8d40668689574d92  259587fcbb12a5dd  f4c3f3925771355d      0  1177      0      479   1838    0(0)      0(0)     0     0
1500  8d40668689574d92  259587fcbb12a5dd  f4c3f3925771355d      0  1177      0      479   1838    0(0)      0(0)     0     0
1560  8d40668689574d92  259587fcbb12a5dd  f4c3f3925771355d      0  1177      0      479   1838    0(0)      0(0)     0     0
1620  8d40668689574d92  259587fcbb12a5dd  f4c3f3925771355d      0  1177      0      479   1838    0(0)      0(0)     0     0
1680  8d40668689574d92  259587fcbb12a5dd  f4c3f3925771355d      0  1177      0      479   1838    0(0)      0(0)     0     0
1740  8d40668689574d92  259587fcbb12a5dd  f4c3f3925771355d      0  1177      0      479   1838    0(0)      0(0)     0     0
1800  8d40668689574d92  259587fcbb12a5dd  f4c3f3925771355d      0  1177      0      479   1838    0(0)      0(0)     0     0
1860  8d40668689574d92  259587fcbb12a5dd  f4c3f3925771355d      0  1177      0      479   1838    0(0)      0(0)     0     0
1920  8d40668689574d92  259587fcbb12a5dd  f4c3f3925771355d      0  1177      0      479   1838    0(0)      0(0)     0     0
1980  8d40668689574d92  259587fcbb12a5dd  f4c3f3925771355d      0  1177      0      479   1838    0(0)      0(0)     0     0
2040  8d40668689574d92  259587fcbb12a5dd  f4c3f3925771355d      0  1177      0      479   1838    0(0)      0(0)     0     0
2100  8d40668689574d92  259587fcbb12a5dd  f4c3f3925771355d      0  1177      0      479   1838    0(0)      0(0)     0     0
2160  8d40668689574d92  259587fcbb12a5dd  f4c3f3925771355d      0  1177      0      479   1838    0(0)      0(0)     0     0
2220  8d40668689574d92  259587fcbb12a5dd  f4c3f3925771355d      0  1177      0      479   1838    0(0)      0(0)     0     0
2280  8d40668689574d92  259587fcbb12a5dd  f4c3f3925771355d      0  1177      0      479   1838    0(0)      0(0)     0     0
2340  8d40668689574d92  259587fcbb12a5dd  f4c3f3925771355d      0  1177      0      479   1838    0(0)      0(0)     0     0
2400  8d40668689574d92  259587fcbb12a5dd  f4c3f3925771355d      0  1177      0      479   1838    0(0)      0(0)     0     0
2460  8d40668689574d92  259587fcbb12a5dd  f4c3f3925771355d      0  1177      0      479   1838    0(0)      0(0)     0     0
2520  8d40668689574d92  259587fcbb12a5dd  f4c3f3925771355d      0  1177      0      479   1838    0(0)      0(0)     0     0
2580  8d40668689574d92  259587fcbb12a5dd  f4c3f3925771355d      0  1177      0      479   1838    0(0)      0(0)     0     0
2640  8d40668689574d92  259587fcbb12a5dd  f4c3f3925771355d      0  1177      0      479   1838    0(0)      0(0)     0     0
2700  8d40668689574d92  259587fcbb12a5dd  f4c3f3925771355d      0  1177      0      479   1838    0(0)      0(0)     0     0
2760  8d40668689574d92  259587fcbb12a5dd  f4c3f3925771355d      0  1177      0      479   1838    0(0)      0(0)     0     0
2820  8d40668689574d92  259587fcbb12a5dd  f4c3f3925771355d      0  1177      0      479   1838    0(0)      0(0)     0     0
2880  8d40668689574d92  259587fcbb12a5dd  f4c3f3925771355d      0  1177      0      479   1838    0(0)      0(0)     0     0
2940  8d40668689574d92  259587fcbb12a5dd  f4c3f3925771355d      0  1177      0      479   1838    0(0)      0(0)     0     0
3000  8d40668689574d92  259587fcbb12a5dd  f4c3f3925771355d      0  1177      0      479   1838    0(0)      0(0)     0     0
3060  8d40668689574d92  259587fcbb12a5dd  f4c3f3925771355d      0  1177      0      479   1838    0(0)      0(0)     0     0
3120  8d40668689574d92  259587fcbb12a5dd  f4c3f3925771355d      0  1177      0      479   1838    0(0)      0(0)     0     0
3180  8d40668689574d92  259587fcbb12a5dd  f4c3f3925771355d      0  1177      0      479   1838    0(0)      0(0)     0     0
3240  8d40668689574d92  259587fcbb12a5dd  f4c3f3925771355d      0  1177      0      479   1838    0(0)      0(0)     0     0
3300  8d40668689574d92  259587fcbb12a5dd  f4c3f3925771355d      0  1177      0      479   1838    0(0)      0(0)     0     0
3360  8d40668689574d92  259587fcbb12a5dd  f4c3f3925771355d      0  1177      0      479   1838    0(0)      0(0)     0     0
3420  8d40668689574d92  259587fcbb12a5dd  f4c3f3925771355d      0  1177      0      479   1838    0(0)      0(0)     0     0
3480  8d40668689574d92  259587fcbb12a5dd  f4c3f3925771355d      0  1177      0      479   1838    0(0)      0(0)     0     0
3540  8d40668689574d92  259587fcbb12a5dd  f4c3f3925771355d      0  1177      0      479   1838    0(0)      0(0)     0     0
3600  8d40668689574d92  259587fcbb12a5dd  f4c3f3925771355d      0  1177      0      479   1838    0(0)      0(0)     0     0
threads 1: 0.358 ms/tick, saturations 0, floating-point sentinel clean; per-tick hashes (reference)
threads 8: 0.236 ms/tick, saturations 0, floating-point sentinel clean; per-tick hashes identical
solve: every dynamic body asleep from tick 268; deepest point -0.185652 m (tick 69, bodies 144 169), at rest (the 60 ticks before every body sleeps, or the last 60) -0.0123582 m (tick 267, bodies 7 32); at most 293 dispatches a tick
rest: after tick 3600, over every touching pair (sleeping ones too): deepest point -0.0123582 m (bodies 7 32), 479 touching pairs
toy V4 pile200: run hash 67d41772abdd3826, final bodies 8d40668689574d92 manifolds 259587fcbb12a5dd stages f4c3f3925771355d, threads agree, saturations 0 (twin: gcc 13.3.0, aarch64, contraction off)
