toy pile200, dialect D, 3600 ticks, threads 1 8; gravity 10, sleep on, contact recycling on
twin: gcc 13.3.0, aarch64, contraction off
layout sizes C/twin: Hull 112/112 HullFace 40/40 BodyState 112/112 BodyPose 56/56 BodyMass 144/144 Aabb 32/32 Params 344/344 Hash2 8/8 V3 24/24 Pair 24/24 Manifold 632/632 SatAxis 88/88 NarrowDiag 128/128 Constraint 840/840
scene pile200 (seed 7): 205 bodies (5 static), 203 hulls (40 irregular chunks, 24 redrawn), largest hull 14 vertices 9 faces 42 half-edges; mass 7.387 to 54.95 kg; quantisation range errors 0
  hull 0 (box 12 x 1 x 12 m): volume 144 (8abc 144), Ixx/density 1740 (V(b^2+c^2)/3 1740), Ixy -0
traj /home/consulear/lpf-m11/lab/gpu/results/spark-gb10/toy/sanity_D.pile200-s7.traj: 3601 records of 205 bodies, every 1 ticks
tick  bodies-hash       manifolds-hash    stages-hash       awake pairs active touching points colours(ovf) islands(largest) slept woken
   1  7995b2c07a0963a0  0000000000000000  946e2557b1056391    200     0      0        0      0    0(0)    200(1)     0     0
   2  a8f7e8dab8cf3e91  0000000000000000  946e2557b1056391    200     0      0        0      0    0(0)    200(1)     0     0
   3  813c0600f06e7c6d  0000000000000000  946e2557b1056391    200     0      0        0      0    0(0)    200(1)     0     0
   4  fd817a76aebd8bfb  0000000000000000  946e2557b1056391    200     0      0        0      0    0(0)    200(1)     0     0
   5  db68e182426bc0ab  0000000000000000  946e2557b1056391    200     0      0        0      0    0(0)    200(1)     0     0
   6  a5e3f691965ebad1  0000000000000000  946e2557b1056391    200     0      0        0      0    0(0)    200(1)     0     0
   7  116052d8445ac8f2  0000000000000000  946e2557b1056391    200     0      0        0      0    0(0)    200(1)     0     0
   8  37ba54a7232b76d2  0000000000000000  946e2557b1056391    200     0      0        0      0    0(0)    200(1)     0     0
   9  838df5fc5c8b3ef4  0000000000000000  946e2557b1056391    200     0      0        0      0    0(0)    200(1)     0     0
  10  acf15688a15b8f0a  0000000000000000  946e2557b1056391    200     0      0        0      0    0(0)    200(1)     0     0
  11  053ed77907e29908  0000000000000000  946e2557b1056391    200     0      0        0      0    0(0)    200(1)     0     0
  12  b728e0a782b6ef9f  0000000000000000  946e2557b1056391    200     0      0        0      0    0(0)    200(1)     0     0
  13  96a5e91ee813efd7  0000000000000000  946e2557b1056391    200     0      0        0      0    0(0)    200(1)     0     0
  14  e253e2189c7c1cf2  0000000000000000  946e2557b1056391    200     0      0        0      0    0(0)    200(1)     0     0
  15  3f69f2fc1bc61831  0000000000000000  946e2557b1056391    200     0      0        0      0    0(0)    200(1)     0     0
  16  f115f431d75cdbf8  0000000000000000  946e2557b1056391    200     0      0        0      0    0(0)    200(1)     0     0
  17  9dcedcbe3a3fc261  0000000000000000  946e2557b1056391    200     0      0        0      0    0(0)    200(1)     0     0
  18  dae2c245dc308ec6  0000000000000000  946e2557b1056391    200     0      0        0      0    0(0)    200(1)     0     0
  19  fa7eb018df372c6f  0000000000000000  946e2557b1056391    200     0      0        0      0    0(0)    200(1)     0     0
  20  8c9c1c1b7792e3d2  0000000000000000  946e2557b1056391    200     0      0        0      0    0(0)    200(1)     0     0
  21  398d193ff7e05fa6  0000000000000000  946e2557b1056391    200     0      0        0      0    0(0)    200(1)     0     0
  22  e052145cd8afa326  0000000000000000  946e2557b1056391    200     0      0        0      0    0(0)    200(1)     0     0
  23  40e484c0f70fa2ce  0000000000000000  946e2557b1056391    200     0      0        0      0    0(0)    200(1)     0     0
  24  c2e439d31a1985b9  0000000000000000  946e2557b1056391    200     0      0        0      0    0(0)    200(1)     0     0
  25  d3b97a42d65bd62b  0000000000000000  946e2557b1056391    200     0      0        0      0    0(0)    200(1)     0     0
  26  0930c15fa6d93a9b  0000000000000000  946e2557b1056391    200     0      0        0      0    0(0)    200(1)     0     0
  27  fc26b35953dff021  0000000000000000  946e2557b1056391    200     0      0        0      0    0(0)    200(1)     0     0
  28  0a64497f32c9544e  0000000000000000  946e2557b1056391    200     0      0        0      0    0(0)    200(1)     0     0
  29  fcdb2543777f11bf  0000000000000000  946e2557b1056391    200     0      0        0      0    0(0)    200(1)     0     0
  30  015b0fcbfe4d8581  0000000000000000  946e2557b1056391    200     0      0        0      0    0(0)    200(1)     0     0
  31  a3319c7f95ec8a96  0000000000000000  946e2557b1056391    200     0      0        0      0    0(0)    200(1)     0     0
  32  3dd65de34221f41a  0000000000000000  946e2557b1056391    200     0      0        0      0    0(0)    200(1)     0     0
  33  98e32975e00359fc  0000000000000000  946e2557b1056391    200     0      0        0      0    0(0)    200(1)     0     0
  34  2da7da0d006f4fa5  0000000000000000  946e2557b1056391    200     0      0        0      0    0(0)    200(1)     0     0
  35  77a757325f1617d8  0000000000000000  946e2557b1056391    200     0      0        0      0    0(0)    200(1)     0     0
  36  a272b4da7d45919e  0000000000000000  946e2557b1056391    200     0      0        0      0    0(0)    200(1)     0     0
  37  a518cbf00010c676  0000000000000000  946e2557b1056391    200     0      0        0      0    0(0)    200(1)     0     0
  38  3694e234871ddeee  0000000000000000  946e2557b1056391    200     0      0        0      0    0(0)    200(1)     0     0
  39  308f3a1847c5827f  0000000000000000  946e2557b1056391    200     0      0        0      0    0(0)    200(1)     0     0
  40  f22ca693b417e440  0000000000000000  946e2557b1056391    200     0      0        0      0    0(0)    200(1)     0     0
  41  956f08b2270442be  0000000000000000  946e2557b1056391    200     0      0        0      0    0(0)    200(1)     0     0
  42  c718c5ed09f0ebc9  0000000000000000  946e2557b1056391    200     0      0        0      0    0(0)    200(1)     0     0
  43  c8e3a629d85aed5a  0000000000000000  946e2557b1056391    200     0      0        0      0    0(0)    200(1)     0     0
  44  e08aa690bde20302  0000000000000000  946e2557b1056391    200     0      0        0      0    0(0)    200(1)     0     0
  45  5be8ccfe73853ce0  ae5a18acb6446466  1dd03a8f299bb08d    200    18     18        2      8    1(0)    200(1)     0     0
  46  2ce94928f0d6be8a  8b577a9c2ab69cef  4a23590da5abb981    200    27     27       24     96    2(0)    200(1)     0     0
  47  2f1783b0cee28453  68e46f2260f8c68b  4f1570a06cfc0663    200    31     31       27    108    2(0)    200(1)     0     0
  48  f3add774d4551844  38cb10759200fc01  2d274474e9aefc8c    200    46     46       32    128    3(0)    198(2)     0     0
  49  095cdd81542c5bd0  6156b08089adeeeb  8404b408acbbe756    200    58     58       44    175    4(0)    193(2)     0     0
  50  193e2433620948db  c7f2e75c3cea7f2a  e08978e36051836a    200    65     65       52    207    4(0)    180(2)     0     0
  51  f877607e9f372e7c  946ee51e7e6fb423  f15524abac6eb916    200    77     77       59    231    5(0)    173(4)     0     0
  52  32f7b6f25deeb7af  e7efc18cc4c27cc1  6dac72a1511605c5    200    89     89       64    251    5(0)    165(4)     0     0
  53  d0e31130f8d0980d  4a0c98e5b2f4819a  7a918580a5f6619d    200    98     98       76    299    5(0)    158(5)     0     0
  54  b0831e5c3b1b317e  27c777e15d2003c7  6f77cd944b42b5f4    200   112    112       83    331    6(0)    147(6)     0     0
  55  247d4e48fd4c7241  f8664f7104f8c6c6  58bdf7b75f28654a    200   127    127       89    353    6(0)    140(6)     0     0
  56  b680e60e1e55c973  e1fea18428abfad5  8a0ce23b8bff79c7    200   140    140      101    402    7(0)    134(7)     0     0
  57  2fdf0c3d8198734e  46e3e0a39e744f86  0207550b1d0aa7b5    200   155    155      109    431    7(0)    123(7)     0     0
  58  d08aa27c1a807990  030d5daeaa581232  93b935184d1664fa    200   172    172      120    472    7(0)    118(6)     0     0
  59  edf241c8d5d8d5d4  cf1ee738fcd19271  b0ecdee637852d1e    200   185    185      129    508    8(0)    108(8)     0     0
  60  d434f68608eb18af  ab99dde2c25f9537  0478db6eb93cec5c    200   209    209      140    554   10(0)     99(9)     0     0
  61  3a1a0ba146b0c6f6  e6a012bee403aaf0  3c3c7639c46fdce2    200   227    227      152    604   10(0)     91(7)     0     0
  62  e01ee0ee81802d39  c0187eb495fd8f4b  f69e679d79863478    200   250    250      153    604   11(0)     81(10)     0     0
  63  230ab9df51024246  bb1117bba4961860  b2421fcf2236e5a6    200   285    285      168    665   13(0)     77(9)     0     0
  64  4f3d639023a7f59b  ff0892f8aa650ee7  af9bc5c337c572f8    200   320    320      183    718   13(0)     65(12)     0     0
  65  65c29eed2930bf61  299d913d181f1b0a  edcc23ef0fe589fc    200   355    355      195    756   14(0)     55(16)     0     0
  66  3a2616343f1289a8  55e753d709e2ed09  4a30940e509dbc61    200   403    403      209    813   14(0)     45(19)     0     0
  67  daba9c7dc15e2f8e  3490d12f219d2c0b  abe51dbe8e352499    200   451    451      208    812   14(0)     40(31)     0     0
  68  786c7c70c29e7ef9  f22c151023ad68c7  4fbe802ae034268e    200   484    484      217    845   14(0)     35(32)     0     0
  69  90dcc60ae7135da9  c3dcef7e13bfd529  61f57999c6665257    200   521    521      226    879   15(0)     30(36)     0     0
  70  9bfe1d06e58d1add  c138e792ce85d6de  7a501541f39de501    200   566    566      229    891   16(0)     29(44)     0     0
  71  570d0ce4917fcbee  1ecae2aeefcda64d  d315d5bd2959932e    200   599    599      237    915   16(0)     29(43)     0     0
  72  da8609c78886d30a  6d867518f08ea076  97173bd6344fc549    200   627    627      239    918   16(0)     25(53)     0     0
  73  8309cafc13ca586b  3a2223104092a334  53980680c2d73641    200   653    653      238    924   16(0)     30(51)     0     0
  74  198aa69f5b3bcddd  7a1a5f5a10090acd  5202fc41881d5e14    200   658    658      231    895   18(0)     40(45)     0     0
  75  649054c9d8080f9b  bb20b208a0d22dbf  6363d1d23b99911f    200   670    670      231    899   18(0)     43(44)     0     0
  76  b950d72aff2a4fba  fb2825a637181c3f  455917a512f2c7be    200   680    680      236    926   16(0)     42(62)     0     0
  77  7f8882f81d8ee21c  cc4e0a9b66912e9a  aacc51b69052ffe0    200   697    697      238    930   17(0)     40(82)     0     0
  78  c5428a1d974b3e58  bbd73fdff309be5d  6366151b551c3246    200   696    696      240    932   17(0)     38(99)     0     0
  79  e3f5e294551c1428  ee9aaace47c8da24  014ae9c8858db228    200   718    718      245    958   17(0)     41(58)     0     0
  80  7bca018fbfc66326  d82ad8fcbb354464  0defebf258d6d9be    200   723    723      254    990   17(0)     40(109)     0     0
  81  7985e69d4407f7e8  b47b4f6bf644d6e5  7be2d4c79f37dbcb    200   722    722      265   1018   17(0)     42(60)     0     0
  82  d3aaf088029cb7fd  a9ebb86e956f7101  a8fc29a93a7956dd    200   727    727      267   1027   17(0)     35(76)     0     0
  83  3a59cfbfc9da6ae2  af04590f53f61859  a098e99cc35fdc5f    200   743    743      270   1041   17(0)     36(76)     0     0
  84  cfc2aded1af07e87  b4e9983002c351d9  564b20d3e1a09753    200   755    755      270   1045   17(0)     37(87)     0     0
  85  d38953e323231223  238c4b858e3a5826  f396effc21ce167b    200   759    759      285   1106   16(0)     39(71)     0     0
  86  a06f13e51790cda2  bd44afa25797e95b  137f8dabc8ab5e6e    200   764    764      298   1156   16(0)     37(73)     0     0
  87  47d395495798c71c  0e59235c3e727bca  2ed22f3bed2698f8    200   778    778      302   1172   16(0)     33(116)     0     0
  88  4384a321ac3736b1  238396e136716fa0  9fa795c011459cd2    200   794    794      303   1177   16(0)     31(116)     0     0
  89  16f62b6b4584a83c  79825ae2887f60ba  02455df836848382    200   797    797      311   1210   17(0)     33(63)     0     0
  90  095ae91d81629a16  92af66fe833a32f3  62e01cd68be1802d    200   801    801      314   1223   17(0)     29(93)     0     0
  91  2c8f0cc6ae569580  491e0829538717bf  5dbf495277be5091    200   807    807      316   1232   16(0)     30(94)     0     0
  92  df1ed4868c5fbe82  54e2434c0fb733f3  6694051bbb3f11bb    200   804    804      317   1242   16(0)     28(87)     0     0
  93  d1c82992765a1d1d  5f4d74502c8fd8c8  43aee9e58fb89fec    200   820    820      314   1223   16(0)     29(83)     0     0
  94  5c7a1aa5e873d7d6  e7fd61bbbf5b76f9  7ebd7ce44080bfeb    200   825    825      312   1218   18(0)     29(73)     0     0
  95  85a14af749daae26  e606750e10a74f15  1607555879ae0bb0    200   829    829      316   1234   17(0)     27(73)     0     0
  96  8d9f6f3acfef46b5  40fb0a5f2a3c5a17  d047dcf552a5d46d    200   843    843      320   1251   17(0)     27(73)     0     0
  97  63f68c9e56ef85df  065ae66da670334f  18c0485bbfeef23b    200   846    846      323   1270   17(0)     26(72)     0     0
  98  a4b54a97e01b732b  cd6c5cb221739b3c  1a78fe3de6b42772    200   848    848      327   1278   17(0)     24(72)     0     0
  99  d638e2d4b6f4153f  5758d1f8930ae17a  6b695de7706df2e3    200   865    865      328   1280   17(0)     23(82)     0     0
 100  96f5e46cb0fc65ee  fce3ae9c43763181  1fd585dcf8b3c6e3    200   878    878      335   1303   18(0)     22(135)     0     0
 101  e8dfc113ac375525  9ae5419d8abd832b  acb17531fdabb31f    200   894    894      337   1312   18(0)     18(179)     0     0
 102  a638f122902bb6b9  55d2010b46ead761  d9c91742e5c2b28d    200   913    913      338   1313   18(0)     18(180)     0     0
 103  61828b5829155d7a  950feaab51752fb3  f6b35e02d4d335d6    200   921    921      343   1335   18(0)     19(102)     0     0
 104  a64e41606ea70add  c40f6622b8c05275  46c34831dc13e416    200   935    935      353   1368   18(0)     17(181)     0     0
 105  54724dbab1e229ae  0e6fe71a8536c549  69d19813bc67cdc9    200   938    938      356   1383   19(0)     13(186)     0     0
 106  9f10280c2d2f05fe  2f526d86ab09620d  83d76ef7711a919e    200   947    947      354   1362   19(0)     13(186)     0     0
 107  3cad8f7339ce2859  1262d51cc4782912  37517b048c259146    200   957    957      359   1377   19(0)     13(128)     0     0
 108  35aef380023f48f3  05dcaa06148ca468  77f6ba06e73b03f5    200   955    955      368   1413   19(0)     11(190)     0     0
 109  22cea3967ee7f458  c56b03f6c400b6d4  a7a77e533a2a9837    200   963    963      377   1455   19(0)      6(195)     0     0
 110  87cebe262a71e0ac  6bc3ce9ee1a79254  a7514836cf10ffb7    200   962    962      381   1464   19(0)      4(197)     0     0
 111  840b31613b333bcf  50b9f347b8538b0a  5baff98b9e7784fb    200   964    964      390   1503   19(0)      4(197)     0     0
 112  4b0d20c2ac69561a  35b18c95e19decc7  0054c5b2ef192e47    200   970    970      392   1507   19(0)      4(197)     0     0
 113  e60c5f27634b855c  849e5fbef9a6f5c0  1730e13bdb448284    200   975    975      396   1516   19(0)      4(197)     0     0
 114  97e278c2b92a17e4  df0521d6c7b37d30  43f144aa84e73fa7    200   983    983      390   1492   20(0)      4(197)     0     0
 115  afe551c4aa5b39ec  80e862cfd49cfad1  6d0a04b679b2ad86    199   985    983      387   1482   20(0)      3(197)     1     0
 116  2a9ef1718f3187b0  0b28f5bb02d6b544  937109d464c3b8ac    199   991    989      388   1485   20(0)      5(192)     0     0
 117  bd4c0c092e418427  94dac35b3edeb29f  a5adea2021addcb4    199   998    996      389   1481   21(0)      5(195)     0     0
 118  80dab996eb25c288  37a06960b0e5e1fd  81501e14d366ad60    199  1005   1003      391   1495   21(0)      4(196)     0     0
 119  60009ba1888bf6fa  059dade141b526b3  3f14a1ebf10b846b    199  1006   1004      387   1486   21(0)      5(192)     0     0
 120  037e891dcb35767a  851174fb6993a5c8  cac54e7c304c7fcf    199  1014   1012      383   1473   21(0)      8(188)     0     0
 180  486f513236474af0  8f2a916a2b1affd4  c7df59f4a4448804    198  1111   1107      468   1793   21(0)      1(198)     0     0
 240  2637cc8e7a17c6e5  2d2bc5b625ecceeb  46840d15c68a0bcd      0  1114      0      471   1807    0(0)      0(0)     0     0
 300  2637cc8e7a17c6e5  2d2bc5b625ecceeb  46840d15c68a0bcd      0  1114      0      471   1807    0(0)      0(0)     0     0
 360  2637cc8e7a17c6e5  2d2bc5b625ecceeb  46840d15c68a0bcd      0  1114      0      471   1807    0(0)      0(0)     0     0
 420  2637cc8e7a17c6e5  2d2bc5b625ecceeb  46840d15c68a0bcd      0  1114      0      471   1807    0(0)      0(0)     0     0
 480  2637cc8e7a17c6e5  2d2bc5b625ecceeb  46840d15c68a0bcd      0  1114      0      471   1807    0(0)      0(0)     0     0
 540  2637cc8e7a17c6e5  2d2bc5b625ecceeb  46840d15c68a0bcd      0  1114      0      471   1807    0(0)      0(0)     0     0
 600  2637cc8e7a17c6e5  2d2bc5b625ecceeb  46840d15c68a0bcd      0  1114      0      471   1807    0(0)      0(0)     0     0
 660  2637cc8e7a17c6e5  2d2bc5b625ecceeb  46840d15c68a0bcd      0  1114      0      471   1807    0(0)      0(0)     0     0
 720  2637cc8e7a17c6e5  2d2bc5b625ecceeb  46840d15c68a0bcd      0  1114      0      471   1807    0(0)      0(0)     0     0
 780  2637cc8e7a17c6e5  2d2bc5b625ecceeb  46840d15c68a0bcd      0  1114      0      471   1807    0(0)      0(0)     0     0
 840  2637cc8e7a17c6e5  2d2bc5b625ecceeb  46840d15c68a0bcd      0  1114      0      471   1807    0(0)      0(0)     0     0
 900  2637cc8e7a17c6e5  2d2bc5b625ecceeb  46840d15c68a0bcd      0  1114      0      471   1807    0(0)      0(0)     0     0
 960  2637cc8e7a17c6e5  2d2bc5b625ecceeb  46840d15c68a0bcd      0  1114      0      471   1807    0(0)      0(0)     0     0
1020  2637cc8e7a17c6e5  2d2bc5b625ecceeb  46840d15c68a0bcd      0  1114      0      471   1807    0(0)      0(0)     0     0
1080  2637cc8e7a17c6e5  2d2bc5b625ecceeb  46840d15c68a0bcd      0  1114      0      471   1807    0(0)      0(0)     0     0
1140  2637cc8e7a17c6e5  2d2bc5b625ecceeb  46840d15c68a0bcd      0  1114      0      471   1807    0(0)      0(0)     0     0
1200  2637cc8e7a17c6e5  2d2bc5b625ecceeb  46840d15c68a0bcd      0  1114      0      471   1807    0(0)      0(0)     0     0
1260  2637cc8e7a17c6e5  2d2bc5b625ecceeb  46840d15c68a0bcd      0  1114      0      471   1807    0(0)      0(0)     0     0
1320  2637cc8e7a17c6e5  2d2bc5b625ecceeb  46840d15c68a0bcd      0  1114      0      471   1807    0(0)      0(0)     0     0
1380  2637cc8e7a17c6e5  2d2bc5b625ecceeb  46840d15c68a0bcd      0  1114      0      471   1807    0(0)      0(0)     0     0
1440  2637cc8e7a17c6e5  2d2bc5b625ecceeb  46840d15c68a0bcd      0  1114      0      471   1807    0(0)      0(0)     0     0
1500  2637cc8e7a17c6e5  2d2bc5b625ecceeb  46840d15c68a0bcd      0  1114      0      471   1807    0(0)      0(0)     0     0
1560  2637cc8e7a17c6e5  2d2bc5b625ecceeb  46840d15c68a0bcd      0  1114      0      471   1807    0(0)      0(0)     0     0
1620  2637cc8e7a17c6e5  2d2bc5b625ecceeb  46840d15c68a0bcd      0  1114      0      471   1807    0(0)      0(0)     0     0
1680  2637cc8e7a17c6e5  2d2bc5b625ecceeb  46840d15c68a0bcd      0  1114      0      471   1807    0(0)      0(0)     0     0
1740  2637cc8e7a17c6e5  2d2bc5b625ecceeb  46840d15c68a0bcd      0  1114      0      471   1807    0(0)      0(0)     0     0
1800  2637cc8e7a17c6e5  2d2bc5b625ecceeb  46840d15c68a0bcd      0  1114      0      471   1807    0(0)      0(0)     0     0
1860  2637cc8e7a17c6e5  2d2bc5b625ecceeb  46840d15c68a0bcd      0  1114      0      471   1807    0(0)      0(0)     0     0
1920  2637cc8e7a17c6e5  2d2bc5b625ecceeb  46840d15c68a0bcd      0  1114      0      471   1807    0(0)      0(0)     0     0
1980  2637cc8e7a17c6e5  2d2bc5b625ecceeb  46840d15c68a0bcd      0  1114      0      471   1807    0(0)      0(0)     0     0
2040  2637cc8e7a17c6e5  2d2bc5b625ecceeb  46840d15c68a0bcd      0  1114      0      471   1807    0(0)      0(0)     0     0
2100  2637cc8e7a17c6e5  2d2bc5b625ecceeb  46840d15c68a0bcd      0  1114      0      471   1807    0(0)      0(0)     0     0
2160  2637cc8e7a17c6e5  2d2bc5b625ecceeb  46840d15c68a0bcd      0  1114      0      471   1807    0(0)      0(0)     0     0
2220  2637cc8e7a17c6e5  2d2bc5b625ecceeb  46840d15c68a0bcd      0  1114      0      471   1807    0(0)      0(0)     0     0
2280  2637cc8e7a17c6e5  2d2bc5b625ecceeb  46840d15c68a0bcd      0  1114      0      471   1807    0(0)      0(0)     0     0
2340  2637cc8e7a17c6e5  2d2bc5b625ecceeb  46840d15c68a0bcd      0  1114      0      471   1807    0(0)      0(0)     0     0
2400  2637cc8e7a17c6e5  2d2bc5b625ecceeb  46840d15c68a0bcd      0  1114      0      471   1807    0(0)      0(0)     0     0
2460  2637cc8e7a17c6e5  2d2bc5b625ecceeb  46840d15c68a0bcd      0  1114      0      471   1807    0(0)      0(0)     0     0
2520  2637cc8e7a17c6e5  2d2bc5b625ecceeb  46840d15c68a0bcd      0  1114      0      471   1807    0(0)      0(0)     0     0
2580  2637cc8e7a17c6e5  2d2bc5b625ecceeb  46840d15c68a0bcd      0  1114      0      471   1807    0(0)      0(0)     0     0
2640  2637cc8e7a17c6e5  2d2bc5b625ecceeb  46840d15c68a0bcd      0  1114      0      471   1807    0(0)      0(0)     0     0
2700  2637cc8e7a17c6e5  2d2bc5b625ecceeb  46840d15c68a0bcd      0  1114      0      471   1807    0(0)      0(0)     0     0
2760  2637cc8e7a17c6e5  2d2bc5b625ecceeb  46840d15c68a0bcd      0  1114      0      471   1807    0(0)      0(0)     0     0
2820  2637cc8e7a17c6e5  2d2bc5b625ecceeb  46840d15c68a0bcd      0  1114      0      471   1807    0(0)      0(0)     0     0
2880  2637cc8e7a17c6e5  2d2bc5b625ecceeb  46840d15c68a0bcd      0  1114      0      471   1807    0(0)      0(0)     0     0
2940  2637cc8e7a17c6e5  2d2bc5b625ecceeb  46840d15c68a0bcd      0  1114      0      471   1807    0(0)      0(0)     0     0
3000  2637cc8e7a17c6e5  2d2bc5b625ecceeb  46840d15c68a0bcd      0  1114      0      471   1807    0(0)      0(0)     0     0
3060  2637cc8e7a17c6e5  2d2bc5b625ecceeb  46840d15c68a0bcd      0  1114      0      471   1807    0(0)      0(0)     0     0
3120  2637cc8e7a17c6e5  2d2bc5b625ecceeb  46840d15c68a0bcd      0  1114      0      471   1807    0(0)      0(0)     0     0
3180  2637cc8e7a17c6e5  2d2bc5b625ecceeb  46840d15c68a0bcd      0  1114      0      471   1807    0(0)      0(0)     0     0
3240  2637cc8e7a17c6e5  2d2bc5b625ecceeb  46840d15c68a0bcd      0  1114      0      471   1807    0(0)      0(0)     0     0
3300  2637cc8e7a17c6e5  2d2bc5b625ecceeb  46840d15c68a0bcd      0  1114      0      471   1807    0(0)      0(0)     0     0
3360  2637cc8e7a17c6e5  2d2bc5b625ecceeb  46840d15c68a0bcd      0  1114      0      471   1807    0(0)      0(0)     0     0
3420  2637cc8e7a17c6e5  2d2bc5b625ecceeb  46840d15c68a0bcd      0  1114      0      471   1807    0(0)      0(0)     0     0
3480  2637cc8e7a17c6e5  2d2bc5b625ecceeb  46840d15c68a0bcd      0  1114      0      471   1807    0(0)      0(0)     0     0
3540  2637cc8e7a17c6e5  2d2bc5b625ecceeb  46840d15c68a0bcd      0  1114      0      471   1807    0(0)      0(0)     0     0
3600  2637cc8e7a17c6e5  2d2bc5b625ecceeb  46840d15c68a0bcd      0  1114      0      471   1807    0(0)      0(0)     0     0
threads 1: 0.490 ms/tick, saturations 0, floating-point sentinel clean; per-tick hashes (reference)
threads 8: 0.241 ms/tick, saturations 0, floating-point sentinel clean; per-tick hashes identical
solve: every dynamic body asleep from tick 233; deepest point -0.188738 m (tick 67, bodies 168 193), at rest (the 60 ticks before every body sleeps, or the last 60) -0.0119106 m (tick 183, bodies 57 183); at most 269 dispatches a tick
rest: after tick 3600, over every touching pair (sleeping ones too): deepest point -0.00867588 m (bodies 7 32), 471 touching pairs
toy D pile200: run hash dd800aecd803b4af, final bodies 2637cc8e7a17c6e5 manifolds 2d2bc5b625ecceeb stages 46840d15c68a0bcd, threads agree, saturations 0 (twin: gcc 13.3.0, aarch64, contraction off)
