toy pile200, dialect D, 3600 ticks, threads 1 8; gravity 10, sleep on, contact recycling on
twin: gcc 13.3.0, aarch64, contraction off
layout sizes C/twin: Hull 112/112 HullFace 40/40 BodyState 112/112 BodyPose 56/56 BodyMass 144/144 Aabb 32/32 Params 344/344 Hash2 8/8 V3 24/24 Pair 24/24 Manifold 632/632 SatAxis 88/88 NarrowDiag 128/128 Constraint 840/840
scene pile200 (seed 4): 205 bodies (5 static), 203 hulls (40 irregular chunks, 26 redrawn), largest hull 14 vertices 9 faces 42 half-edges; mass 5.02 to 51.19 kg; quantisation range errors 0
  hull 0 (box 12 x 1 x 12 m): volume 144 (8abc 144), Ixx/density 1740 (V(b^2+c^2)/3 1740), Ixy -0
traj /home/consulear/lpf-m11/lab/gpu/results/spark-gb10/toy/sanity_D.pile200-s4.traj: 3601 records of 205 bodies, every 1 ticks
tick  bodies-hash       manifolds-hash    stages-hash       awake pairs active touching points colours(ovf) islands(largest) slept woken
   1  ef5b3b6d293c293a  0000000000000000  946e2557b1056391    200     0      0        0      0    0(0)    200(1)     0     0
   2  36c546ab2e16e41e  0000000000000000  946e2557b1056391    200     0      0        0      0    0(0)    200(1)     0     0
   3  b8dd9e0714479e5f  0000000000000000  946e2557b1056391    200     0      0        0      0    0(0)    200(1)     0     0
   4  80ed7f414f82bf71  0000000000000000  946e2557b1056391    200     0      0        0      0    0(0)    200(1)     0     0
   5  1f7e69555ebb78cd  0000000000000000  946e2557b1056391    200     0      0        0      0    0(0)    200(1)     0     0
   6  0ad32fe0657a73a1  0000000000000000  946e2557b1056391    200     0      0        0      0    0(0)    200(1)     0     0
   7  4d15664138fc508f  0000000000000000  946e2557b1056391    200     0      0        0      0    0(0)    200(1)     0     0
   8  ca364f6196200234  0000000000000000  946e2557b1056391    200     0      0        0      0    0(0)    200(1)     0     0
   9  9e52b530770c9dfc  0000000000000000  946e2557b1056391    200     0      0        0      0    0(0)    200(1)     0     0
  10  fe64202611a9c900  0000000000000000  946e2557b1056391    200     0      0        0      0    0(0)    200(1)     0     0
  11  687c15f8c375029e  0000000000000000  946e2557b1056391    200     0      0        0      0    0(0)    200(1)     0     0
  12  da9f03bb20bd67a8  0000000000000000  946e2557b1056391    200     0      0        0      0    0(0)    200(1)     0     0
  13  10b65631244ca23e  0000000000000000  946e2557b1056391    200     0      0        0      0    0(0)    200(1)     0     0
  14  a8cdcf5f7295e3bc  0000000000000000  946e2557b1056391    200     0      0        0      0    0(0)    200(1)     0     0
  15  251df49f3e369c2d  0000000000000000  946e2557b1056391    200     0      0        0      0    0(0)    200(1)     0     0
  16  53fff6f47bb43ea8  0000000000000000  946e2557b1056391    200     0      0        0      0    0(0)    200(1)     0     0
  17  cff56ae4739f53c7  0000000000000000  946e2557b1056391    200     0      0        0      0    0(0)    200(1)     0     0
  18  50a84893947c46e0  0000000000000000  946e2557b1056391    200     0      0        0      0    0(0)    200(1)     0     0
  19  6f3528a7b8cb1f0c  0000000000000000  946e2557b1056391    200     0      0        0      0    0(0)    200(1)     0     0
  20  bcd296cf91ce3296  0000000000000000  946e2557b1056391    200     0      0        0      0    0(0)    200(1)     0     0
  21  9796f07314f483a7  0000000000000000  946e2557b1056391    200     0      0        0      0    0(0)    200(1)     0     0
  22  78d532c5def2c046  0000000000000000  946e2557b1056391    200     0      0        0      0    0(0)    200(1)     0     0
  23  0c7d3a969390f4a0  0000000000000000  946e2557b1056391    200     0      0        0      0    0(0)    200(1)     0     0
  24  047b9c7a4a6bc0a8  0000000000000000  946e2557b1056391    200     0      0        0      0    0(0)    200(1)     0     0
  25  91db36c31701d165  0000000000000000  946e2557b1056391    200     0      0        0      0    0(0)    200(1)     0     0
  26  a4b29b1655142b7c  0000000000000000  946e2557b1056391    200     0      0        0      0    0(0)    200(1)     0     0
  27  bdd0802ca3cb0d88  0000000000000000  946e2557b1056391    200     0      0        0      0    0(0)    200(1)     0     0
  28  a9b8f1a3a63506e2  0000000000000000  946e2557b1056391    200     0      0        0      0    0(0)    200(1)     0     0
  29  03362734b26f6ff8  0000000000000000  946e2557b1056391    200     0      0        0      0    0(0)    200(1)     0     0
  30  3d5d3f7c25b746e2  0000000000000000  946e2557b1056391    200     0      0        0      0    0(0)    200(1)     0     0
  31  51e120a3510f877a  0000000000000000  946e2557b1056391    200     0      0        0      0    0(0)    200(1)     0     0
  32  f13651d4d82a6da4  0000000000000000  946e2557b1056391    200     0      0        0      0    0(0)    200(1)     0     0
  33  73a3674a9da28a53  0000000000000000  946e2557b1056391    200     0      0        0      0    0(0)    200(1)     0     0
  34  bc53ce35c3861760  0000000000000000  946e2557b1056391    200     0      0        0      0    0(0)    200(1)     0     0
  35  664f284c82ffa211  0000000000000000  946e2557b1056391    200     0      0        0      0    0(0)    200(1)     0     0
  36  7118329f82d7d2b1  0000000000000000  946e2557b1056391    200     0      0        0      0    0(0)    200(1)     0     0
  37  41767e4cbc926e31  0000000000000000  946e2557b1056391    200     0      0        0      0    0(0)    200(1)     0     0
  38  d6859ecdc553b6e1  0000000000000000  946e2557b1056391    200     0      0        0      0    0(0)    200(1)     0     0
  39  a7732125b14867c8  0000000000000000  946e2557b1056391    200     0      0        0      0    0(0)    200(1)     0     0
  40  7c7b19a8f79619ab  0000000000000000  946e2557b1056391    200     0      0        0      0    0(0)    200(1)     0     0
  41  526eaa0ebc2e6d7f  0000000000000000  946e2557b1056391    200     0      0        0      0    0(0)    200(1)     0     0
  42  41a9960128a8ed40  0000000000000000  946e2557b1056391    200     0      0        0      0    0(0)    200(1)     0     0
  43  922b53437748112b  0000000000000000  946e2557b1056391    200     0      0        0      0    0(0)    200(1)     0     0
  44  271dd8682ec33303  0000000000000000  946e2557b1056391    200     0      0        0      0    0(0)    200(1)     0     0
  45  82d5aae2afe863fc  f0a8c47e76a27437  3d67a93ae07e6c72    200    23     23        1      4    1(0)    200(1)     0     0
  46  f8e7a035d6a0b520  7130b7777485e71a  b8c2ee09d3b1b982    200    26     26       24     96    2(0)    200(1)     0     0
  47  4494fa4179d18f1f  14cf9c2f58873952  7ca10d81d706e841    200    33     33       26    104    2(0)    200(1)     0     0
  48  4032c37744dfd0b8  76b3cd30bcbf00ad  780620c938d53706    200    51     51       32    127    3(0)    199(2)     0     0
  49  f2f5a8570b6d33f4  2f3d83a4c86d4e43  0fb831335c3dfc6b    200    56     56       46    183    3(0)    193(2)     0     0
  50  8d455a5e9ea2588f  f4f5ea5c461ddc5d  422509d3eb2378be    200    65     65       52    207    3(0)    177(2)     0     0
  51  54ca9aea48c0e219  43204e350d6bfb86  105c5419cc6e5c89    200    82     82       59    232    5(0)    171(3)     0     0
  52  ab017a463641bb4b  a438498b7432436d  401f57e4d6b3635e    200    95     95       70    278    5(0)    164(3)     0     0
  53  73fae0d0bc1d3869  99e0a8d5e3710e3c  ba3cac8aebc58688    200   103    103       80    318    5(0)    155(3)     0     0
  54  9312fa108eb079cb  0939835f373d4bfd  2f6672439d0b12c9    200   117    117       86    340    6(0)    146(6)     0     0
  55  c2e1c821df51d7e1  57584f64106d1dea  6590a5c16b6c42bf    200   136    136       93    370    6(0)    140(6)     0     0
  56  e1c4bcd3ae86c50d  2880bb4f33db519b  9b7dfde9b6c681c7    200   149    149      108    423    6(0)    132(8)     0     0
  57  02cc44330fa1a146  7d0d7815244532fe  f53caada20acbda4    200   168    168      116    456    7(0)    119(9)     0     0
  58  64668b6a4649e700  c1e5e5476b0da42e  e1d30a8af197de1e    200   198    198      128    503    8(0)    112(10)     0     0
  59  6900adc89d1e16d0  1201f7b5ddb9fcf3  3ae7bb123e2d2972    200   220    220      142    565   11(0)    103(11)     0     0
  60  4e83731719f91a85  17a83ac2629a7988  a1946d92d78e3695    200   256    256      145    573   13(0)     90(12)     0     0
  61  952a4747ef66e7ca  84a8a51b62ada8b3  1ba724763fa92e0a    200   299    299      158    627   13(0)     87(11)     0     0
  62  24cbfae11d1de630  74805a807fe7c1e1  3f4ae8648004a3e8    200   336    336      169    665   11(0)     75(15)     0     0
  63  5cd6fdd480657b6e  317322404f8cec63  de75e362ebf7dfe1    200   365    365      184    723   12(0)     68(22)     0     0
  64  b090dccd1d85b253  2c07dc20e02cbbdd  b4f396bc4272d45c    200   405    405      195    762   13(0)     59(30)     0     0
  65  7f4766f7ac7c7c7b  f333d38f4eb5adb4  cb8540524594b102    200   447    447      205    797   15(0)     44(35)     0     0
  66  ca264d02240702ad  3472dcfbd06d7585  f520c06965e97951    200   491    491      212    830   16(0)     42(34)     0     0
  67  1a7d389534195c1a  ab81485caeca3e14  782eca6e5e991fb6    200   524    524      225    881   16(0)     34(35)     0     0
  68  c3935e0eff5c2017  d97d48c74d6c3861  8e7888b46a811467    200   585    585      224    873   18(0)     23(58)     0     0
  69  ede41bafc83ba535  5c78ac47a0faa780  44885344cb9c80e7    200   629    629      232    903   18(0)     23(59)     0     0
  70  e02ffa6b1f0f70b9  62a792aa5876d88f  c04bfee3635d69dd    200   667    667      234    907   18(0)     25(56)     0     0
  71  b0ac3441e60c41a2  51b0036be998b760  d7d41311d273ab07    200   708    708      242    933   19(0)     26(73)     0     0
  72  774ed286cb0ff7cb  405a505a8d1be924  8d9a03fd4ce4f88c    200   737    737      243    935   17(0)     27(78)     0     0
  73  e440e4e5deb055ec  6f39cf47e15ab366  34e0701fe0fd27b2    200   779    779      254    980   18(0)     32(116)     0     0
  74  514d2ee16ba4160b  306c765a074cb24d  1857b4b5255486d9    200   818    818      257   1000   19(0)     27(124)     0     0
  75  f10c5f84dfa08a73  e69ceaf8cbf79921  ff8c34a38da6f8aa    200   832    832      273   1050   18(0)     25(134)     0     0
  76  a9c1c0a1e652ab2a  f6d18c5df24a4af6  1c6cb30fda213fa7    200   840    840      279   1059   18(0)     19(150)     0     0
  77  edb8d5af9070d90f  320a5f895ad1ab4b  dec9d325515c9ecf    200   858    858      282   1074   21(0)     21(174)     0     0
  78  b4316689c82847de  a5186ca14871c9db  16e53161df660837    200   869    869      281   1068   20(0)     20(174)     0     0
  79  2e50db0c0f8fbe8e  582121f7f1b53caf  d97fb1000751b68a    200   889    889      300   1140   19(0)     19(107)     0     0
  80  6181c64219569c41  294583fded0548af  89abaa57e1244cbb    200   887    887      299   1134   20(0)     16(179)     0     0
  81  6f1fa67a8ab8d4b7  fdadc95d45c04255  f28c2aa3dd285285    200   897    897      298   1142   21(0)     18(175)     0     0
  82  ed9e2e62818f246f  41371bf504d2524a  f26e93010c55d723    200   906    906      300   1139   20(0)     21(172)     0     0
  83  875d11edb75eb267  d7a03f1fb850d4ae  9dc904fa38da9372    200   914    914      298   1142   20(0)     20(172)     0     0
  84  90b1206278bf0ba3  a56dbdbbe873a91f  0f7c0dcbc032913c    200   927    927      298   1143   20(0)     24(159)     0     0
  85  97ef0f740c715f7a  752265a8d3309e12  a95e81b077e4dbef    200   947    947      302   1162   21(0)     27(157)     0     0
  86  f3205e23f050142b  1882885ef8b650d0  b420937ffa7b5e30    200   947    947      308   1184   21(0)     27(159)     0     0
  87  49543acfd886dee8  e1d696c3aedbbb5e  69c700a3491cff89    200   961    961      312   1200   20(0)     27(160)     0     0
  88  60e2b2321d9c9814  674bbefa987ca12a  05dd4fdf91790072    200   974    974      310   1195   21(0)     26(161)     0     0
  89  bbbbb9a67ab709f3  4d0506a934c65365  bb775ce23ecef8bb    200   986    986      310   1201   20(0)     25(153)     0     0
  90  23982ffccb237ed6  e6249797d00fd437  b7e82e8fb7dfa77b    200  1002   1002      311   1200   21(0)     24(159)     0     0
  91  da526226f06ca6ce  140db383aa340478  49160066344f619d    200  1014   1014      316   1215   20(0)     24(168)     0     0
  92  c7c3ef00d9a560d2  2dc25bfa4791501c  3a867bb35e14cf3a    200  1020   1020      325   1246   21(0)     20(174)     0     0
  93  29b73844f527f596  89390e40886ac835  049875416ed54717    200  1029   1029      332   1273   21(0)     18(176)     0     0
  94  55a27606fdbb596c  d31b270e3941f87b  1031b0afea960a7d    200  1037   1037      341   1310   22(0)     15(185)     0     0
  95  038b9ad68bec0b1d  d297e9fa2b979603  8c026d215168a1bb    200  1041   1041      342   1317   21(0)     14(186)     0     0
  96  5575dd6039ca0113  5ad359b80f81c454  891484fd4a28b91a    200  1045   1045      350   1341   20(0)     15(183)     0     0
  97  37af58ed23d6aad8  fd360662d8bef0ef  fb991ef31f2be387    200  1051   1051      357   1357   21(0)     15(178)     0     0
  98  33925d525ded46e1  5a51031e5454d8c9  4cc437d6ad1b90e2    200  1060   1060      362   1367   22(0)     14(179)     0     0
  99  452240b11d9ff1a5  63678e61362896b8  b8059229ba92b89e    200  1080   1080      364   1384   21(0)     14(179)     0     0
 100  1b478f06ba6b32ac  e0108b8eb3018d16  acdb88fd0d3fb8f7    200  1087   1087      366   1395   22(0)     14(179)     0     0
 101  3ea1f80547c5054b  bdc0b2bf91baef94  3d2a18189809a8bd    200  1098   1098      375   1424   22(0)     14(179)     0     0
 102  e3c9b80025d2401b  5e7d3ef74fb4b148  9d1920d3dbec5f5a    200  1118   1118      375   1425   21(0)     13(179)     0     0
 103  49212ea781410072  ab726a7c14cbbde6  ab7cefe48343b724    200  1121   1121      379   1440   21(0)     12(180)     0     0
 104  a22a599b0d2c45c3  0533ff46ce3ee6d8  aff901ff3a985404    200  1122   1122      387   1458   22(0)     12(180)     0     0
 105  e8ec763365f1a17a  495a3f8c3aed9463  68901940717a77e6    200  1134   1134      388   1465   24(0)     12(188)     0     0
 106  d1f05fdc1cee923a  b5f2f7a28a978584  6429348740fca8db    200  1138   1138      391   1473   24(0)     13(188)     0     0
 107  a52d22e91124dc39  ce57662ce4d89a7a  cd72aeb0dff33f73    200  1143   1143      391   1468   25(0)     13(187)     0     0
 108  ad14f97009dda1c2  f58ebad91dc21cc5  9dea7b870bf4b845    200  1150   1150      399   1497   25(0)     13(187)     0     0
 109  f948baebad54673c  d45771843a0367ea  f2d7f5891709daec    200  1158   1158      403   1517   25(0)     14(186)     0     0
 110  f4064ccc59006c70  42d4fde137a42c1e  67b0dcee18bededb    200  1166   1166      402   1510   25(0)     11(189)     0     0
 111  0916e8b61a291f16  add4deb9aab42b14  5476c912528c01ce    200  1166   1166      401   1504   26(0)     10(189)     0     0
 112  1a19c2d4e2611097  4235386423b57cd2  be3b884d18532ddb    200  1166   1166      404   1508   26(0)     11(186)     0     0
 113  857475c214db6505  db973c9997e0c2b3  a0d5e6682dcd7043    200  1169   1169      405   1508   26(0)     11(187)     0     0
 114  e8b2626939eeffec  6227d483cb85d709  cde164bdc77209ca    200  1177   1177      407   1522   26(0)      9(189)     0     0
 115  5bfbe72ef169dc49  e78d0f4cb9b9b41e  f953946ba7f15ab1    200  1184   1184      410   1535   26(0)      6(190)     0     0
 116  452bfff80754a36c  883f7532ff9bd8e4  b9855c1fdb76bb3e    200  1194   1194      418   1566   26(0)      5(195)     0     0
 117  c6ca0fe3e4f2b2ad  305f99a9b437052d  1529d1f3084d8b1f    200  1201   1201      426   1594   26(0)      5(189)     0     0
 118  0abd300b663e37f2  4df7e4baa6f5b90c  4b88a95c5ccafcaf    200  1196   1196      428   1598   26(0)      4(196)     0     0
 119  a03d114f5f325bb8  94964c03a0b88aa3  886f0895f936be82    200  1196   1196      432   1612   26(0)      6(195)     0     0
 120  41e71318fd015265  648cc6f8937cc631  d3963843d6b8c880    200  1196   1196      433   1614   26(0)      4(197)     0     0
 180  2e95228a97d36db9  15b1ce3153687662  8f3378e1aafd9fc4    198  1255   1252      467   1760   26(0)      3(196)     0     0
 240  dc2b696339b066b5  047ae3a78bfa3dbc  22ada258dc523a64    196  1272   1264      476   1802   26(0)      1(196)     0     0
 300  6dff454346bd992e  3a619298ecf65b12  b8081ffe12cd8e43      0  1272      0      476   1802    0(0)      0(0)     0     0
 360  6dff454346bd992e  3a619298ecf65b12  b8081ffe12cd8e43      0  1272      0      476   1802    0(0)      0(0)     0     0
 420  6dff454346bd992e  3a619298ecf65b12  b8081ffe12cd8e43      0  1272      0      476   1802    0(0)      0(0)     0     0
 480  6dff454346bd992e  3a619298ecf65b12  b8081ffe12cd8e43      0  1272      0      476   1802    0(0)      0(0)     0     0
 540  6dff454346bd992e  3a619298ecf65b12  b8081ffe12cd8e43      0  1272      0      476   1802    0(0)      0(0)     0     0
 600  6dff454346bd992e  3a619298ecf65b12  b8081ffe12cd8e43      0  1272      0      476   1802    0(0)      0(0)     0     0
 660  6dff454346bd992e  3a619298ecf65b12  b8081ffe12cd8e43      0  1272      0      476   1802    0(0)      0(0)     0     0
 720  6dff454346bd992e  3a619298ecf65b12  b8081ffe12cd8e43      0  1272      0      476   1802    0(0)      0(0)     0     0
 780  6dff454346bd992e  3a619298ecf65b12  b8081ffe12cd8e43      0  1272      0      476   1802    0(0)      0(0)     0     0
 840  6dff454346bd992e  3a619298ecf65b12  b8081ffe12cd8e43      0  1272      0      476   1802    0(0)      0(0)     0     0
 900  6dff454346bd992e  3a619298ecf65b12  b8081ffe12cd8e43      0  1272      0      476   1802    0(0)      0(0)     0     0
 960  6dff454346bd992e  3a619298ecf65b12  b8081ffe12cd8e43      0  1272      0      476   1802    0(0)      0(0)     0     0
1020  6dff454346bd992e  3a619298ecf65b12  b8081ffe12cd8e43      0  1272      0      476   1802    0(0)      0(0)     0     0
1080  6dff454346bd992e  3a619298ecf65b12  b8081ffe12cd8e43      0  1272      0      476   1802    0(0)      0(0)     0     0
1140  6dff454346bd992e  3a619298ecf65b12  b8081ffe12cd8e43      0  1272      0      476   1802    0(0)      0(0)     0     0
1200  6dff454346bd992e  3a619298ecf65b12  b8081ffe12cd8e43      0  1272      0      476   1802    0(0)      0(0)     0     0
1260  6dff454346bd992e  3a619298ecf65b12  b8081ffe12cd8e43      0  1272      0      476   1802    0(0)      0(0)     0     0
1320  6dff454346bd992e  3a619298ecf65b12  b8081ffe12cd8e43      0  1272      0      476   1802    0(0)      0(0)     0     0
1380  6dff454346bd992e  3a619298ecf65b12  b8081ffe12cd8e43      0  1272      0      476   1802    0(0)      0(0)     0     0
1440  6dff454346bd992e  3a619298ecf65b12  b8081ffe12cd8e43      0  1272      0      476   1802    0(0)      0(0)     0     0
1500  6dff454346bd992e  3a619298ecf65b12  b8081ffe12cd8e43      0  1272      0      476   1802    0(0)      0(0)     0     0
1560  6dff454346bd992e  3a619298ecf65b12  b8081ffe12cd8e43      0  1272      0      476   1802    0(0)      0(0)     0     0
1620  6dff454346bd992e  3a619298ecf65b12  b8081ffe12cd8e43      0  1272      0      476   1802    0(0)      0(0)     0     0
1680  6dff454346bd992e  3a619298ecf65b12  b8081ffe12cd8e43      0  1272      0      476   1802    0(0)      0(0)     0     0
1740  6dff454346bd992e  3a619298ecf65b12  b8081ffe12cd8e43      0  1272      0      476   1802    0(0)      0(0)     0     0
1800  6dff454346bd992e  3a619298ecf65b12  b8081ffe12cd8e43      0  1272      0      476   1802    0(0)      0(0)     0     0
1860  6dff454346bd992e  3a619298ecf65b12  b8081ffe12cd8e43      0  1272      0      476   1802    0(0)      0(0)     0     0
1920  6dff454346bd992e  3a619298ecf65b12  b8081ffe12cd8e43      0  1272      0      476   1802    0(0)      0(0)     0     0
1980  6dff454346bd992e  3a619298ecf65b12  b8081ffe12cd8e43      0  1272      0      476   1802    0(0)      0(0)     0     0
2040  6dff454346bd992e  3a619298ecf65b12  b8081ffe12cd8e43      0  1272      0      476   1802    0(0)      0(0)     0     0
2100  6dff454346bd992e  3a619298ecf65b12  b8081ffe12cd8e43      0  1272      0      476   1802    0(0)      0(0)     0     0
2160  6dff454346bd992e  3a619298ecf65b12  b8081ffe12cd8e43      0  1272      0      476   1802    0(0)      0(0)     0     0
2220  6dff454346bd992e  3a619298ecf65b12  b8081ffe12cd8e43      0  1272      0      476   1802    0(0)      0(0)     0     0
2280  6dff454346bd992e  3a619298ecf65b12  b8081ffe12cd8e43      0  1272      0      476   1802    0(0)      0(0)     0     0
2340  6dff454346bd992e  3a619298ecf65b12  b8081ffe12cd8e43      0  1272      0      476   1802    0(0)      0(0)     0     0
2400  6dff454346bd992e  3a619298ecf65b12  b8081ffe12cd8e43      0  1272      0      476   1802    0(0)      0(0)     0     0
2460  6dff454346bd992e  3a619298ecf65b12  b8081ffe12cd8e43      0  1272      0      476   1802    0(0)      0(0)     0     0
2520  6dff454346bd992e  3a619298ecf65b12  b8081ffe12cd8e43      0  1272      0      476   1802    0(0)      0(0)     0     0
2580  6dff454346bd992e  3a619298ecf65b12  b8081ffe12cd8e43      0  1272      0      476   1802    0(0)      0(0)     0     0
2640  6dff454346bd992e  3a619298ecf65b12  b8081ffe12cd8e43      0  1272      0      476   1802    0(0)      0(0)     0     0
2700  6dff454346bd992e  3a619298ecf65b12  b8081ffe12cd8e43      0  1272      0      476   1802    0(0)      0(0)     0     0
2760  6dff454346bd992e  3a619298ecf65b12  b8081ffe12cd8e43      0  1272      0      476   1802    0(0)      0(0)     0     0
2820  6dff454346bd992e  3a619298ecf65b12  b8081ffe12cd8e43      0  1272      0      476   1802    0(0)      0(0)     0     0
2880  6dff454346bd992e  3a619298ecf65b12  b8081ffe12cd8e43      0  1272      0      476   1802    0(0)      0(0)     0     0
2940  6dff454346bd992e  3a619298ecf65b12  b8081ffe12cd8e43      0  1272      0      476   1802    0(0)      0(0)     0     0
3000  6dff454346bd992e  3a619298ecf65b12  b8081ffe12cd8e43      0  1272      0      476   1802    0(0)      0(0)     0     0
3060  6dff454346bd992e  3a619298ecf65b12  b8081ffe12cd8e43      0  1272      0      476   1802    0(0)      0(0)     0     0
3120  6dff454346bd992e  3a619298ecf65b12  b8081ffe12cd8e43      0  1272      0      476   1802    0(0)      0(0)     0     0
3180  6dff454346bd992e  3a619298ecf65b12  b8081ffe12cd8e43      0  1272      0      476   1802    0(0)      0(0)     0     0
3240  6dff454346bd992e  3a619298ecf65b12  b8081ffe12cd8e43      0  1272      0      476   1802    0(0)      0(0)     0     0
3300  6dff454346bd992e  3a619298ecf65b12  b8081ffe12cd8e43      0  1272      0      476   1802    0(0)      0(0)     0     0
3360  6dff454346bd992e  3a619298ecf65b12  b8081ffe12cd8e43      0  1272      0      476   1802    0(0)      0(0)     0     0
3420  6dff454346bd992e  3a619298ecf65b12  b8081ffe12cd8e43      0  1272      0      476   1802    0(0)      0(0)     0     0
3480  6dff454346bd992e  3a619298ecf65b12  b8081ffe12cd8e43      0  1272      0      476   1802    0(0)      0(0)     0     0
3540  6dff454346bd992e  3a619298ecf65b12  b8081ffe12cd8e43      0  1272      0      476   1802    0(0)      0(0)     0     0
3600  6dff454346bd992e  3a619298ecf65b12  b8081ffe12cd8e43      0  1272      0      476   1802    0(0)      0(0)     0     0
threads 1: 0.533 ms/tick, saturations 0, floating-point sentinel clean; per-tick hashes (reference)
threads 8: 0.245 ms/tick, saturations 0, floating-point sentinel clean; per-tick hashes identical
solve: every dynamic body asleep from tick 243; deepest point -0.183709 m (tick 62, bodies 111 136), at rest (the 60 ticks before every body sleeps, or the last 60) -0.0150998 m (tick 197, bodies 45 195); at most 340 dispatches a tick
rest: after tick 3600, over every touching pair (sleeping ones too): deepest point -0.00747442 m (bodies 17 42), 476 touching pairs
toy D pile200: run hash 177724be9bd5b9cc, final bodies 6dff454346bd992e manifolds 3a619298ecf65b12 stages b8081ffe12cd8e43, threads agree, saturations 0 (twin: gcc 13.3.0, aarch64, contraction off)
