toy pile200, dialect V4, 3600 ticks, threads 1 8; gravity 10, sleep on, contact recycling on
twin: gcc 13.3.0, aarch64, contraction off
layout sizes C/twin: Hull 68/68 HullFace 24/24 BodyState 60/60 BodyPose 40/40 BodyMass 80/80 Aabb 32/32 Params 184/184 Hash2 8/8 V3 12/12 Pair 24/24 Manifold 348/348 SatAxis 72/72 NarrowDiag 64/64 Constraint 460/460
scene pile200 (seed 2): 205 bodies (5 static), 203 hulls (40 irregular chunks, 18 redrawn), largest hull 14 vertices 9 faces 42 half-edges; mass 7.712 to 55.07 kg; quantisation range errors 0
  hull 0 (box 12 x 1 x 12 m): volume 144 (8abc 144), Ixx/density 1740 (V(b^2+c^2)/3 1740), Ixy -0
traj /home/consulear/lpf-m11/lab/gpu/results/spark-gb10/toy/sanity_V4.pile200-s2.traj: 3601 records of 205 bodies, every 1 ticks
tick  bodies-hash       manifolds-hash    stages-hash       awake pairs active touching points colours(ovf) islands(largest) slept woken
   1  95f17a5128e6ac7b  0000000000000000  946e2557b1056391    200     0      0        0      0    0(0)    200(1)     0     0
   2  bfd85c342a16b70f  0000000000000000  946e2557b1056391    200     0      0        0      0    0(0)    200(1)     0     0
   3  065ed8c8972681fb  0000000000000000  946e2557b1056391    200     0      0        0      0    0(0)    200(1)     0     0
   4  5fe6ad12d25673e9  0000000000000000  946e2557b1056391    200     0      0        0      0    0(0)    200(1)     0     0
   5  58219d3baa831755  0000000000000000  946e2557b1056391    200     0      0        0      0    0(0)    200(1)     0     0
   6  059a8d58ac6afeb5  0000000000000000  946e2557b1056391    200     0      0        0      0    0(0)    200(1)     0     0
   7  a62d46aa1aaea7c3  0000000000000000  946e2557b1056391    200     0      0        0      0    0(0)    200(1)     0     0
   8  a7b8af484a4b6d4f  0000000000000000  946e2557b1056391    200     0      0        0      0    0(0)    200(1)     0     0
   9  6ad0b38a272e6df1  0000000000000000  946e2557b1056391    200     0      0        0      0    0(0)    200(1)     0     0
  10  ed81e0051b4552c2  0000000000000000  946e2557b1056391    200     0      0        0      0    0(0)    200(1)     0     0
  11  a5bb402211c46ed9  0000000000000000  946e2557b1056391    200     0      0        0      0    0(0)    200(1)     0     0
  12  ba13bb1991c5c774  0000000000000000  946e2557b1056391    200     0      0        0      0    0(0)    200(1)     0     0
  13  fe35db5f2319d662  0000000000000000  946e2557b1056391    200     0      0        0      0    0(0)    200(1)     0     0
  14  c05487147c487889  0000000000000000  946e2557b1056391    200     0      0        0      0    0(0)    200(1)     0     0
  15  620745017e9a92cf  0000000000000000  946e2557b1056391    200     0      0        0      0    0(0)    200(1)     0     0
  16  fe04340e94bdade5  0000000000000000  946e2557b1056391    200     0      0        0      0    0(0)    200(1)     0     0
  17  2ce0d21d522de162  0000000000000000  946e2557b1056391    200     0      0        0      0    0(0)    200(1)     0     0
  18  1fe9063fdef26b1c  0000000000000000  946e2557b1056391    200     0      0        0      0    0(0)    200(1)     0     0
  19  d0a4ab4f1b669f2d  0000000000000000  946e2557b1056391    200     0      0        0      0    0(0)    200(1)     0     0
  20  e1bc27af1d12b9ba  0000000000000000  946e2557b1056391    200     0      0        0      0    0(0)    200(1)     0     0
  21  8821a997f6851f66  0000000000000000  946e2557b1056391    200     0      0        0      0    0(0)    200(1)     0     0
  22  71410179b2539e3a  0000000000000000  946e2557b1056391    200     0      0        0      0    0(0)    200(1)     0     0
  23  71ff770fb88c4599  0000000000000000  946e2557b1056391    200     0      0        0      0    0(0)    200(1)     0     0
  24  80123724f8e84987  0000000000000000  946e2557b1056391    200     0      0        0      0    0(0)    200(1)     0     0
  25  cd96e004d302babc  0000000000000000  946e2557b1056391    200     0      0        0      0    0(0)    200(1)     0     0
  26  c2599b227627caaa  0000000000000000  946e2557b1056391    200     0      0        0      0    0(0)    200(1)     0     0
  27  0306bf38b8f7821f  0000000000000000  946e2557b1056391    200     0      0        0      0    0(0)    200(1)     0     0
  28  bd88cf8915012e61  0000000000000000  946e2557b1056391    200     0      0        0      0    0(0)    200(1)     0     0
  29  ebcebbc5647f0825  0000000000000000  946e2557b1056391    200     0      0        0      0    0(0)    200(1)     0     0
  30  f7764922d2efa575  0000000000000000  946e2557b1056391    200     0      0        0      0    0(0)    200(1)     0     0
  31  bcf8ee867c2dbafa  0000000000000000  946e2557b1056391    200     0      0        0      0    0(0)    200(1)     0     0
  32  d8a2f7923a5cca84  0000000000000000  946e2557b1056391    200     0      0        0      0    0(0)    200(1)     0     0
  33  3adc44bfc7094594  0000000000000000  946e2557b1056391    200     0      0        0      0    0(0)    200(1)     0     0
  34  ffdc410a3e700405  0000000000000000  946e2557b1056391    200     0      0        0      0    0(0)    200(1)     0     0
  35  e4048a88c52c9b77  0000000000000000  946e2557b1056391    200     0      0        0      0    0(0)    200(1)     0     0
  36  e087d889396992f4  0000000000000000  946e2557b1056391    200     0      0        0      0    0(0)    200(1)     0     0
  37  50dc5d19eaa9aa65  0000000000000000  946e2557b1056391    200     0      0        0      0    0(0)    200(1)     0     0
  38  8bebe4f67649acfd  0000000000000000  946e2557b1056391    200     0      0        0      0    0(0)    200(1)     0     0
  39  80e4f74efb4a0212  0000000000000000  946e2557b1056391    200     0      0        0      0    0(0)    200(1)     0     0
  40  31e2782a19d68880  0000000000000000  946e2557b1056391    200     0      0        0      0    0(0)    200(1)     0     0
  41  a595f52bd6e75186  0000000000000000  946e2557b1056391    200     0      0        0      0    0(0)    200(1)     0     0
  42  ba88f8c8b39ccd01  0000000000000000  946e2557b1056391    200     0      0        0      0    0(0)    200(1)     0     0
  43  ed108563ad09a62e  0000000000000000  946e2557b1056391    200     0      0        0      0    0(0)    200(1)     0     0
  44  058133b9463064aa  0000000000000000  946e2557b1056391    200     0      0        0      0    0(0)    200(1)     0     0
  45  ccbb0d263baae63a  6b088bb2572fe2df  0c4f691b2aca4331    200    16     16        3     12    1(0)    200(1)     0     0
  46  d5f46da4a2be5b5f  3a63888fc5376519  15ecce591616b541    200    28     28       23     92    2(0)    200(1)     0     0
  47  30b9149f350d468c  24790be72b9f64f1  aa126623b1a6d255    200    32     32       28    108    2(0)    200(1)     0     0
  48  9b1ac08249765d77  8366b64f291e382e  d7650504292a7332    200    46     46       30    118    2(0)    197(2)     0     0
  49  7298f764cb4349e5  37e097efa76c5408  0739b7e5bcef8651    200    53     53       45    178    4(0)    195(2)     0     0
  50  fe96c3665a37bb3f  49478973b3ce0caa  414af01116550cda    200    63     63       50    200    4(0)    180(2)     0     0
  51  58bf0604fd7b8ef4  39135ce601c21a67  06a9b5d5d3bd475b    200    81     81       56    219    4(0)    175(2)     0     0
  52  ee44bbbab823cbd5  23f3c5ca602e3f1d  8b635c2fd313e65b    200    82     82       71    280    4(0)    168(3)     0     0
  53  706c52fb7a8a9db3  37b29c3697c130d6  31f13ff32a9834f3    200    96     96       74    293    5(0)    155(3)     0     0
  54  4f61ca1e0780725b  ae49dd826ebef871  97ccfd2258d24973    200   116    116       77    307    6(0)    152(3)     0     0
  55  8847574ba6735234  fdecd728382c5afd  2a034514fbba8904    200   126    126       90    353    6(0)    149(4)     0     0
  56  6595df0b60d177b1  582b25ece0c59e57  b3ee5af5d4ce93a0    200   140    140       98    390    7(0)    136(4)     0     0
  57  aae244ce6d5f306e  03a7c14c84c4609a  cac57d06d42872c7    200   155    155      105    415    7(0)    129(8)     0     0
  58  e33480e1a06b7262  84fe4108478b799d  9a9a8dc6e0426809    200   170    170      119    474    7(0)    122(8)     0     0
  59  e931c000f9a2457b  699fb5a363707aa3  31458f9a5831ac7b    200   187    187      128    506    8(0)    110(8)     0     0
  60  a03d12b058adbcaa  fdbe0bbb3011d632  4745d3a7354f2984    200   209    209      139    550    8(0)    102(10)     0     0
  61  11c6e8ed076c9b27  2cb866b9b120a6e8  955242b703235cce    200   228    228      152    601    9(0)     91(10)     0     0
  62  a56b9fe9ea66f7b6  d7741d70075839b6  5c63a77dd9f36aac    200   252    252      160    631   10(0)     83(12)     0     0
  63  2f51f297a2e330b5  2eceaa142ca56120  598f1d8247a57f30    200   267    267      174    688   10(0)     75(12)     0     0
  64  c7396ac00f56d470  56c64cebda684158  ba74ed07fc8c990b    200   300    300      181    716   10(0)     62(14)     0     0
  65  2ef3b774d1c18b0f  0dd47d6250901a59  76f5dcb6e9effe00    200   339    339      192    754   11(0)     56(20)     0     0
  66  567777078ece374a  c3f82ce469afb641  99c9e8a8ecf7666c    200   372    372      205    810   11(0)     47(21)     0     0
  67  4114d7d4cdb42328  3a8c2fc80c549334  f496abc8081a874c    200   387    387      215    842   12(0)     40(22)     0     0
  68  1a08e512edd4ce76  665107baca63a044  2699326e13ffa4d6    200   432    432      220    870   12(0)     31(23)     0     0
  69  bddbc8f73fc81bfc  850ec5ecfc369e58  77ceeafc19a59bdc    200   465    465      221    876   14(0)     27(34)     0     0
  70  2ccffb5d28b50ae0  fb77493e9d5f323c  e8b69d2684d65170    200   492    492      233    911   13(0)     28(22)     0     0
  71  6268d4676895c28c  29676f5046fadc62  261bdd03f7c05df4    200   521    521      234    912   13(0)     23(30)     0     0
  72  d6e6894d6ff2f6c9  97e19a9de7d4140f  cdf7f5537806201c    200   551    551      241    942   14(0)     24(37)     0     0
  73  db073ce4faac5398  bdd99f938be9c85b  df19f7005d60413a    200   579    579      245    949   15(0)     23(42)     0     0
  74  4dfbf10649ea4a0c  b3e63ca00a6f9313  82111bd96ac7077a    200   608    608      247    958   15(0)     27(76)     0     0
  75  daf5983dcc73bef6  e8b5ca525050a71f  57786f3b91b613ae    200   631    631      251    968   16(0)     26(99)     0     0
  76  5c8766bcb62bfe41  67fee98f0b091df7  4ee62d2347268d43    200   653    653      250    966   18(0)     30(116)     0     0
  77  494eee263a4d1d08  7a0ce150ea90c9a9  954db06ba953bbf6    200   666    666      253    980   19(0)     31(118)     0     0
  78  76023336134554c7  f0192ffbb7745585  c8a17652564a2ed9    200   675    675      260   1002   19(0)     31(109)     0     0
  79  9ea855f1204ae4c9  d40549f2b41f3559  d6182fe273d47b5a    200   688    688      262   1004   19(0)     29(120)     0     0
  80  0368750decae6e1c  7e824c7f1238be9a  f4ee99ecfee244ce    200   700    700      261   1010   20(0)     30(121)     0     0
  81  70f3650d50df4d38  6f8cb58c6eb3bbe6  d9cceaa2449acfdf    200   706    706      267   1031   19(0)     33(132)     0     0
  82  1b862b884698943d  74b11ef6a67cd49f  a6e0f428ad1bde1d    200   727    727      270   1036   19(0)     35(101)     0     0
  83  030166e0f6c083ed  be298d64960fbc8e  209aff7c98443c19    200   740    740      271   1048   18(0)     31(114)     0     0
  84  faca09fddf8f1bc9  473ead65c1fc7e30  688120ba36b016da    200   748    748      271   1045   18(0)     29(116)     0     0
  85  2c80a29402f1464d  b28a4b102c9fe966  f846ab9ad9a8a25e    200   767    767      283   1084   17(0)     28(117)     0     0
  86  f22edc766dfe8167  57bab46585ecd33e  39f506a1c5f07938    200   781    781      294   1119   18(0)     27(118)     0     0
  87  89a05948049276cc  de33fb310b574e8b  b3181c277a753d35    200   798    798      295   1130   18(0)     19(177)     0     0
  88  e2d4b7196ffdc32c  1273ba438c7404e5  6aa6aa5b6e324b2d    200   817    817      299   1141   18(0)     20(126)     0     0
  89  81ec24609a2f6c15  31ed9686872d132a  886e0be8f5aebac4    200   830    830      302   1153   17(0)     18(128)     0     0
  90  ee05067b31de5b62  040a4174cac9b938  7f0c941909f014ca    200   852    852      310   1182   18(0)     21(126)     0     0
  91  7218390e790591f0  e26a1e82e531acd1  86ee22c4d4ca5f21    200   867    867      316   1196   19(0)     20(128)     0     0
  92  f15f1bf41c11ba21  da4b482d613510f8  1758b523fb3bc789    200   887    887      310   1181   20(0)     15(182)     0     0
  93  8bc8da3d864573c9  77a71ddbf809da82  0c63d1b0f1daf77b    199   893    891      319   1205   20(0)     16(182)     1     0
  94  00a7cbb905116eda  816ca7f226734779  40311e4da334dbe6    199   911    909      326   1232   21(0)     19(175)     0     0
  95  0c1c180b38bbb07f  1a099aa91056cc6b  6220dbf7e5252ee0    199   916    914      329   1245   21(0)     18(180)     0     0
  96  4d7de7a4ec0d0d03  2eeb685ff81c7e14  309847b743cf34f7    199   925    923      326   1239   21(0)     19(176)     0     0
  97  84b068679535ac8c  8991a34e4080ece0  cf1f0f31c1809e05    199   933    931      329   1238   21(0)     19(175)     0     0
  98  c40c2a7b02bc7df0  c07353f997188b8d  2a860c6d4e8bfb25    199   942    940      335   1259   21(0)     19(175)     0     0
  99  7dff41e746ffbcf5  ace6716b29b6fafd  3af8e30e68df5c21    199   949    947      338   1266   21(0)     17(177)     0     0
 100  030a3bcd88ae2414  9833d6534700102a  91d62a24c7fd80e8    199   958    956      343   1283   22(0)     13(181)     0     0
 101  f3c00b9cc7decbb9  4851ab2c675825fa  f98695e1b802534d    199   975    973      345   1287   23(0)     14(180)     0     0
 102  dd1db967aaacfaba  c1c3cb772bfd4cb3  3db46164f4d604e7    199   985    983      354   1325   25(0)     14(180)     0     0
 103  635c4cee122234b4  666421757812b40f  1498b618023b9d0e    199   988    986      363   1355   24(0)     14(179)     0     0
 104  2aeb57252b68e888  e0ee748400e26830  c9aa4616a1983cbb    199  1002   1000      366   1372   24(0)     13(179)     0     0
 105  26065c361b267326  293b5eb2fd5515ac  d2a28518be7cca51    199  1015   1013      371   1391   25(0)     14(178)     0     0
 106  a2fcb9cac86f1aae  722f97fcabbb07ae  d1405fef1336da35    199  1012   1010      368   1391   22(0)     14(179)     0     0
 107  c45657b17d25ee1e  aa9862ba683ea8af  a26eebceb9025d82    199  1022   1020      376   1421   21(0)     12(181)     0     0
 108  4f1968bbb8cfe6b3  59f654fad9ca03af  81869cc5da0f4e54    199  1037   1035      378   1429   23(0)      9(184)     0     0
 109  38a4275b9005ee15  f7db4161d2ec96d8  a53c5f16ebbc7bc5    199  1045   1043      387   1468   22(0)     12(182)     0     0
 110  dd785db38fc545c0  23f0ab24b7ffe438  dc320581b0114972    199  1051   1049      392   1483   24(0)     10(184)     0     0
 111  5cb5a0a3e0b3a70e  8d8d0f5903177129  d2d631f73745cb58    199  1059   1057      393   1482   23(0)      9(185)     0     0
 112  0dba4a3da06952c2  b75ce371b0fb9e4c  58eb852966e9cc80    199  1069   1067      390   1483   23(0)      9(185)     0     0
 113  ceca4a271be96b67  e4e97b69a8d36171  a1e2a1e8fa835410    199  1081   1079      393   1493   24(0)     10(184)     0     0
 114  4010ab196573caf3  c2f2b50ab1f25709  3c1e5945d7e073eb    199  1102   1100      396   1507   23(0)     10(184)     0     0
 115  6d32c98bc4b8d6ca  887e3ca53b77590f  c4bddf8f535bac60    199  1109   1107      400   1514   23(0)      9(185)     0     0
 116  1ca22c7051f45f05  d71414cc66cdd071  b1b2cc79001de333    199  1109   1107      403   1526   22(0)      9(185)     0     0
 117  eb92089a93145e8b  07035c57858302fa  5cb1d832d8778ea8    199  1115   1113      413   1562   23(0)      9(185)     0     0
 118  b2fde8a094cb4f1b  a6d94f069e3e9ec6  4a3da06539784678    199  1125   1123      417   1578   23(0)      5(195)     0     0
 119  717cf5e595c4cd90  32f76b93e6c4dafe  a7213c339a1766b9    199  1118   1116      420   1574   24(0)      5(195)     0     0
 120  d9e1081e6ff686af  46d2a02aec146b54  0d74b26b15e7a2c2    199  1124   1122      425   1593   25(0)      3(197)     0     0
 180  a3e03b37a504d612  7a228a107b45830f  85cb569177266a14    197  1243   1238      490   1833   23(0)      4(191)     0     0
 240  b50914f94a9f498e  a185222d8c2985f0  1610988f4731144b    195  1243   1235      494   1852   23(0)      2(191)     0     0
 300  2ea34cfeb6bd809b  b1697223150de7d8  9b30338dd4154943      0  1243      0      494   1852    0(0)      0(0)     0     0
 360  2ea34cfeb6bd809b  b1697223150de7d8  9b30338dd4154943      0  1243      0      494   1852    0(0)      0(0)     0     0
 420  2ea34cfeb6bd809b  b1697223150de7d8  9b30338dd4154943      0  1243      0      494   1852    0(0)      0(0)     0     0
 480  2ea34cfeb6bd809b  b1697223150de7d8  9b30338dd4154943      0  1243      0      494   1852    0(0)      0(0)     0     0
 540  2ea34cfeb6bd809b  b1697223150de7d8  9b30338dd4154943      0  1243      0      494   1852    0(0)      0(0)     0     0
 600  2ea34cfeb6bd809b  b1697223150de7d8  9b30338dd4154943      0  1243      0      494   1852    0(0)      0(0)     0     0
 660  2ea34cfeb6bd809b  b1697223150de7d8  9b30338dd4154943      0  1243      0      494   1852    0(0)      0(0)     0     0
 720  2ea34cfeb6bd809b  b1697223150de7d8  9b30338dd4154943      0  1243      0      494   1852    0(0)      0(0)     0     0
 780  2ea34cfeb6bd809b  b1697223150de7d8  9b30338dd4154943      0  1243      0      494   1852    0(0)      0(0)     0     0
 840  2ea34cfeb6bd809b  b1697223150de7d8  9b30338dd4154943      0  1243      0      494   1852    0(0)      0(0)     0     0
 900  2ea34cfeb6bd809b  b1697223150de7d8  9b30338dd4154943      0  1243      0      494   1852    0(0)      0(0)     0     0
 960  2ea34cfeb6bd809b  b1697223150de7d8  9b30338dd4154943      0  1243      0      494   1852    0(0)      0(0)     0     0
1020  2ea34cfeb6bd809b  b1697223150de7d8  9b30338dd4154943      0  1243      0      494   1852    0(0)      0(0)     0     0
1080  2ea34cfeb6bd809b  b1697223150de7d8  9b30338dd4154943      0  1243      0      494   1852    0(0)      0(0)     0     0
1140  2ea34cfeb6bd809b  b1697223150de7d8  9b30338dd4154943      0  1243      0      494   1852    0(0)      0(0)     0     0
1200  2ea34cfeb6bd809b  b1697223150de7d8  9b30338dd4154943      0  1243      0      494   1852    0(0)      0(0)     0     0
1260  2ea34cfeb6bd809b  b1697223150de7d8  9b30338dd4154943      0  1243      0      494   1852    0(0)      0(0)     0     0
1320  2ea34cfeb6bd809b  b1697223150de7d8  9b30338dd4154943      0  1243      0      494   1852    0(0)      0(0)     0     0
1380  2ea34cfeb6bd809b  b1697223150de7d8  9b30338dd4154943      0  1243      0      494   1852    0(0)      0(0)     0     0
1440  2ea34cfeb6bd809b  b1697223150de7d8  9b30338dd4154943      0  1243      0      494   1852    0(0)      0(0)     0     0
1500  2ea34cfeb6bd809b  b1697223150de7d8  9b30338dd4154943      0  1243      0      494   1852    0(0)      0(0)     0     0
1560  2ea34cfeb6bd809b  b1697223150de7d8  9b30338dd4154943      0  1243      0      494   1852    0(0)      0(0)     0     0
1620  2ea34cfeb6bd809b  b1697223150de7d8  9b30338dd4154943      0  1243      0      494   1852    0(0)      0(0)     0     0
1680  2ea34cfeb6bd809b  b1697223150de7d8  9b30338dd4154943      0  1243      0      494   1852    0(0)      0(0)     0     0
1740  2ea34cfeb6bd809b  b1697223150de7d8  9b30338dd4154943      0  1243      0      494   1852    0(0)      0(0)     0     0
1800  2ea34cfeb6bd809b  b1697223150de7d8  9b30338dd4154943      0  1243      0      494   1852    0(0)      0(0)     0     0
1860  2ea34cfeb6bd809b  b1697223150de7d8  9b30338dd4154943      0  1243      0      494   1852    0(0)      0(0)     0     0
1920  2ea34cfeb6bd809b  b1697223150de7d8  9b30338dd4154943      0  1243      0      494   1852    0(0)      0(0)     0     0
1980  2ea34cfeb6bd809b  b1697223150de7d8  9b30338dd4154943      0  1243      0      494   1852    0(0)      0(0)     0     0
2040  2ea34cfeb6bd809b  b1697223150de7d8  9b30338dd4154943      0  1243      0      494   1852    0(0)      0(0)     0     0
2100  2ea34cfeb6bd809b  b1697223150de7d8  9b30338dd4154943      0  1243      0      494   1852    0(0)      0(0)     0     0
2160  2ea34cfeb6bd809b  b1697223150de7d8  9b30338dd4154943      0  1243      0      494   1852    0(0)      0(0)     0     0
2220  2ea34cfeb6bd809b  b1697223150de7d8  9b30338dd4154943      0  1243      0      494   1852    0(0)      0(0)     0     0
2280  2ea34cfeb6bd809b  b1697223150de7d8  9b30338dd4154943      0  1243      0      494   1852    0(0)      0(0)     0     0
2340  2ea34cfeb6bd809b  b1697223150de7d8  9b30338dd4154943      0  1243      0      494   1852    0(0)      0(0)     0     0
2400  2ea34cfeb6bd809b  b1697223150de7d8  9b30338dd4154943      0  1243      0      494   1852    0(0)      0(0)     0     0
2460  2ea34cfeb6bd809b  b1697223150de7d8  9b30338dd4154943      0  1243      0      494   1852    0(0)      0(0)     0     0
2520  2ea34cfeb6bd809b  b1697223150de7d8  9b30338dd4154943      0  1243      0      494   1852    0(0)      0(0)     0     0
2580  2ea34cfeb6bd809b  b1697223150de7d8  9b30338dd4154943      0  1243      0      494   1852    0(0)      0(0)     0     0
2640  2ea34cfeb6bd809b  b1697223150de7d8  9b30338dd4154943      0  1243      0      494   1852    0(0)      0(0)     0     0
2700  2ea34cfeb6bd809b  b1697223150de7d8  9b30338dd4154943      0  1243      0      494   1852    0(0)      0(0)     0     0
2760  2ea34cfeb6bd809b  b1697223150de7d8  9b30338dd4154943      0  1243      0      494   1852    0(0)      0(0)     0     0
2820  2ea34cfeb6bd809b  b1697223150de7d8  9b30338dd4154943      0  1243      0      494   1852    0(0)      0(0)     0     0
2880  2ea34cfeb6bd809b  b1697223150de7d8  9b30338dd4154943      0  1243      0      494   1852    0(0)      0(0)     0     0
2940  2ea34cfeb6bd809b  b1697223150de7d8  9b30338dd4154943      0  1243      0      494   1852    0(0)      0(0)     0     0
3000  2ea34cfeb6bd809b  b1697223150de7d8  9b30338dd4154943      0  1243      0      494   1852    0(0)      0(0)     0     0
3060  2ea34cfeb6bd809b  b1697223150de7d8  9b30338dd4154943      0  1243      0      494   1852    0(0)      0(0)     0     0
3120  2ea34cfeb6bd809b  b1697223150de7d8  9b30338dd4154943      0  1243      0      494   1852    0(0)      0(0)     0     0
3180  2ea34cfeb6bd809b  b1697223150de7d8  9b30338dd4154943      0  1243      0      494   1852    0(0)      0(0)     0     0
3240  2ea34cfeb6bd809b  b1697223150de7d8  9b30338dd4154943      0  1243      0      494   1852    0(0)      0(0)     0     0
3300  2ea34cfeb6bd809b  b1697223150de7d8  9b30338dd4154943      0  1243      0      494   1852    0(0)      0(0)     0     0
3360  2ea34cfeb6bd809b  b1697223150de7d8  9b30338dd4154943      0  1243      0      494   1852    0(0)      0(0)     0     0
3420  2ea34cfeb6bd809b  b1697223150de7d8  9b30338dd4154943      0  1243      0      494   1852    0(0)      0(0)     0     0
3480  2ea34cfeb6bd809b  b1697223150de7d8  9b30338dd4154943      0  1243      0      494   1852    0(0)      0(0)     0     0
3540  2ea34cfeb6bd809b  b1697223150de7d8  9b30338dd4154943      0  1243      0      494   1852    0(0)      0(0)     0     0
3600  2ea34cfeb6bd809b  b1697223150de7d8  9b30338dd4154943      0  1243      0      494   1852    0(0)      0(0)     0     0
threads 1: 0.357 ms/tick, saturations 0, floating-point sentinel clean; per-tick hashes (reference)
threads 8: 0.228 ms/tick, saturations 0, floating-point sentinel clean; per-tick hashes identical
solve: every dynamic body asleep from tick 245; deepest point -0.173039 m (tick 60, bodies 91 116), at rest (the 60 ticks before every body sleeps, or the last 60) -0.00929189 m (tick 195, bodies 48 202); at most 317 dispatches a tick
rest: after tick 3600, over every touching pair (sleeping ones too): deepest point -0.00734472 m (bodies 15 40), 494 touching pairs
toy V4 pile200: run hash 9e2864e791271229, final bodies 2ea34cfeb6bd809b manifolds b1697223150de7d8 stages 9b30338dd4154943, threads agree, saturations 0 (twin: gcc 13.3.0, aarch64, contraction off)
