toy pile200, dialect D, 3600 ticks, threads 1 8; gravity 10, sleep on, contact recycling on
twin: gcc 13.3.0, aarch64, contraction off
layout sizes C/twin: Hull 112/112 HullFace 40/40 BodyState 112/112 BodyPose 56/56 BodyMass 144/144 Aabb 32/32 Params 344/344 Hash2 8/8 V3 24/24 Pair 24/24 Manifold 632/632 SatAxis 88/88 NarrowDiag 128/128 Constraint 840/840
scene pile200 (seed 1): 205 bodies (5 static), 203 hulls (40 irregular chunks, 16 redrawn), largest hull 14 vertices 9 faces 42 half-edges; mass 5.309 to 55.65 kg; quantisation range errors 0
  hull 0 (box 12 x 1 x 12 m): volume 144 (8abc 144), Ixx/density 1740 (V(b^2+c^2)/3 1740), Ixy -0
traj /home/consulear/lpf-m11/lab/gpu/results/spark-gb10/toy/sanity_D.pile200-s1.traj: 3601 records of 205 bodies, every 1 ticks
tick  bodies-hash       manifolds-hash    stages-hash       awake pairs active touching points colours(ovf) islands(largest) slept woken
   1  24cce29beb4a6590  0321131d87d9c9a7  3f01c69ff9767d9d    200     1      1        0      0    1(0)    200(1)     0     0
   2  2b02a454870e2245  9c8fc407c25ac3c4  4f7b7497340a0071    200     1      1        0      0    1(0)    200(1)     0     0
   3  02add0f2ce39bbc5  9c8fc407c25ac3c4  4f7b7497340a0071    200     1      1        0      0    1(0)    200(1)     0     0
   4  ebbc83245a3773a5  9c8fc407c25ac3c4  4f7b7497340a0071    200     1      1        0      0    1(0)    200(1)     0     0
   5  1b62c260a86dbc38  9c8fc407c25ac3c4  4f7b7497340a0071    200     1      1        0      0    1(0)    200(1)     0     0
   6  0be52e70d3a0186c  9c8fc407c25ac3c4  4f7b7497340a0071    200     1      1        0      0    1(0)    200(1)     0     0
   7  d62859c5b886aabd  9c8fc407c25ac3c4  4f7b7497340a0071    200     1      1        0      0    1(0)    200(1)     0     0
   8  5fb05ed5c20a3eaf  9c8fc407c25ac3c4  4f7b7497340a0071    200     1      1        0      0    1(0)    200(1)     0     0
   9  d19584d847197cda  9c8fc407c25ac3c4  4f7b7497340a0071    200     1      1        0      0    1(0)    200(1)     0     0
  10  1923e52d0db5ac45  9c8fc407c25ac3c4  4f7b7497340a0071    200     1      1        0      0    1(0)    200(1)     0     0
  11  2453447361fddff2  9c8fc407c25ac3c4  4f7b7497340a0071    200     1      1        0      0    1(0)    200(1)     0     0
  12  a81a1248df82087e  9c8fc407c25ac3c4  4f7b7497340a0071    200     1      1        0      0    1(0)    200(1)     0     0
  13  95f6888b47c4e380  9c8fc407c25ac3c4  4f7b7497340a0071    200     1      1        0      0    1(0)    200(1)     0     0
  14  47c47e4d34345bc5  9c8fc407c25ac3c4  4f7b7497340a0071    200     1      1        0      0    1(0)    200(1)     0     0
  15  68e78688d01c0e27  9c8fc407c25ac3c4  4f7b7497340a0071    200     1      1        0      0    1(0)    200(1)     0     0
  16  3b9af960df24c0b6  9c8fc407c25ac3c4  4f7b7497340a0071    200     1      1        0      0    1(0)    200(1)     0     0
  17  d7b0fb1ac1e28c2b  9c8fc407c25ac3c4  4f7b7497340a0071    200     1      1        0      0    1(0)    200(1)     0     0
  18  7eb3aa212f9c00d6  9c8fc407c25ac3c4  4f7b7497340a0071    200     1      1        0      0    1(0)    200(1)     0     0
  19  7fd204d2d8d9af27  9c8fc407c25ac3c4  4f7b7497340a0071    200     1      1        0      0    1(0)    200(1)     0     0
  20  35991cb0d4b30f13  9c8fc407c25ac3c4  4f7b7497340a0071    200     1      1        0      0    1(0)    200(1)     0     0
  21  7a19a149b04cf6f8  9c8fc407c25ac3c4  4f7b7497340a0071    200     1      1        0      0    1(0)    200(1)     0     0
  22  0848fb5ff8ddeee8  9c8fc407c25ac3c4  4f7b7497340a0071    200     1      1        0      0    1(0)    200(1)     0     0
  23  1fd764eecd84ebb2  9c8fc407c25ac3c4  4f7b7497340a0071    200     1      1        0      0    1(0)    200(1)     0     0
  24  efef475a56908a73  9c8fc407c25ac3c4  4f7b7497340a0071    200     1      1        0      0    1(0)    200(1)     0     0
  25  3d60bcadccb36979  9c8fc407c25ac3c4  4f7b7497340a0071    200     1      1        0      0    1(0)    200(1)     0     0
  26  b0ce92d330baee95  0aa8852df7432c30  4f7b7497340a0071    200     1      1        0      0    1(0)    200(1)     0     0
  27  9821c8d3b1debd37  0321131d87d9c9a7  4f7b7497340a0071    200     1      1        0      0    1(0)    200(1)     0     0
  28  3fd2ccebc97bb75e  0aa8852df7432c30  4f7b7497340a0071    200     1      1        0      0    1(0)    200(1)     0     0
  29  c59559fb35144035  0321131d87d9c9a7  4f7b7497340a0071    200     1      1        0      0    1(0)    200(1)     0     0
  30  c77dee3b3b8b6ca4  0aa8852df7432c30  4f7b7497340a0071    200     1      1        0      0    1(0)    200(1)     0     0
  31  894a9a7191be1251  0321131d87d9c9a7  4f7b7497340a0071    200     1      1        0      0    1(0)    200(1)     0     0
  32  3b43c596e2782c69  0aa8852df7432c30  4f7b7497340a0071    200     1      1        0      0    1(0)    200(1)     0     0
  33  43688120be25d509  0321131d87d9c9a7  4f7b7497340a0071    200     1      1        0      0    1(0)    200(1)     0     0
  34  fb3c65989ed667ed  0aa8852df7432c30  4f7b7497340a0071    200     1      1        0      0    1(0)    200(1)     0     0
  35  17fb58c349d935f7  0321131d87d9c9a7  4f7b7497340a0071    200     1      1        0      0    1(0)    200(1)     0     0
  36  2a01ed2ef48a73e3  0aa8852df7432c30  4f7b7497340a0071    200     1      1        0      0    1(0)    200(1)     0     0
  37  39076406e657da9f  0321131d87d9c9a7  4f7b7497340a0071    200     1      1        0      0    1(0)    200(1)     0     0
  38  5b27b696598848d6  0aa8852df7432c30  4f7b7497340a0071    200     1      1        0      0    1(0)    200(1)     0     0
  39  403e20ef65fd6b49  0321131d87d9c9a7  4f7b7497340a0071    200     1      1        0      0    1(0)    200(1)     0     0
  40  b9c045b2b8a07dc9  0aa8852df7432c30  4f7b7497340a0071    200     1      1        0      0    1(0)    200(1)     0     0
  41  3e748108f15afc1a  0321131d87d9c9a7  4f7b7497340a0071    200     1      1        0      0    1(0)    200(1)     0     0
  42  275785c2a2c9cbb2  0aa8852df7432c30  4f7b7497340a0071    200     1      1        0      0    1(0)    200(1)     0     0
  43  dc515cf8ad9238f5  0321131d87d9c9a7  4f7b7497340a0071    200     1      1        0      0    1(0)    200(1)     0     0
  44  7fe46a9170ca614a  0aa8852df7432c30  4f7b7497340a0071    200     1      1        0      0    1(0)    200(1)     0     0
  45  76273564d72d2927  1be86e2cdc923917  af0e726fd15c6697    200    24     24        0      0    2(0)    200(1)     0     0
  46  5d09345d1121ca5e  8b4fbb4f098422c8  b18c120be6f7ce73    200    26     26       23     92    2(0)    200(1)     0     0
  47  bf0a76a25e94fea9  268b332b685146f0  f6f65912b9b919a4    200    35     35       25    100    2(0)    200(1)     0     0
  48  3042d79c3e97ce50  ce3e4add16bf5857  0b9dfa8dfc92359c    200    46     46       33    128    2(0)    200(1)     0     0
  49  30f8e481b55a7720  0ee5c3106dbc7f04  d4436054da027abe    200    52     52       47    184    3(0)    190(2)     0     0
  50  3a96b4da4c750920  e8010813697cdb35  6a895f6c1fa6ff09    200    62     62       47    186    3(0)    177(2)     0     0
  51  480f4eb6c5058f3e  17b223a65843d481  7f609ba3085a0994    200    75     75       54    214    3(0)    177(3)     0     0
  52  73adffe12aa0b27f  d4c456b4da6ade1f  868cc6effddbbebb    200    80     80       67    264    4(0)    170(3)     0     0
  53  57000e30bea003c3  cc4b91a810eacaa8  af80ab0aafe46f17    200    91     91       70    277    4(0)    157(3)     0     0
  54  be0e06527aff6cf0  2abb795238889d92  2d47df5a56f0e711    200   106    106       82    319    4(0)    152(4)     0     0
  55  f2a846348bd1fca9  12f0952a3bd91214  457362ad3e17a234    200   120    120       93    363    5(0)    142(4)     0     0
  56  a3e02727131de00d  5e0c57df4e06080c  95b0ed8e7fb102c5    200   135    135      103    407    6(0)    133(4)     0     0
  57  ff1c8a8857167b46  56f63e91ec1d23d4  e70551e52d63f40b    200   151    151      113    449    6(0)    125(5)     0     0
  58  da5da733710d6f0c  bc46914ca1651365  8015b084522a92d9    200   172    172      120    472    8(0)    115(5)     0     0
  59  3986ab9fb7f2228a  2a5f45a5fed38292  d483438855c0c75e    200   197    197      126    501    9(0)    106(6)     0     0
  60  de4c0b82635bcfda  897ecd0a252797c4  f278687425ba18fa    200   228    228      137    540   10(0)    102(6)     0     0
  61  363b0d78a3ad556c  3791388e8d24e1d3  d06faea831505959    200   259    259      148    586   10(0)     92(6)     0     0
  62  0a60a0486d49f4e6  b863e6c923c2bd82  0926e5ad1995c9f9    200   292    292      162    637   10(0)     85(10)     0     0
  63  18bf146639dfef5b  6c0609563f4fc03c  e88352126df48d88    200   323    323      165    646   11(0)     75(12)     0     0
  64  c2e184dd06e72a34  dd6828a7a374318e  73c93dda338fb774    200   359    359      178    702   11(0)     72(15)     0     0
  65  d660d8c81ad76603  eb1a60a347c2711a  4b20413eaa0b512f    200   400    400      195    767   12(0)     59(19)     0     0
  66  c22cb8f176f6a49b  d03ebb0956b90106  2e36654a15cbd4e0    200   429    429      209    821   13(0)     52(20)     0     0
  67  0fdeb4893343b3d5  11a69538083ba055  bb2e9609f2b71980    200   484    484      215    839   15(0)     44(25)     0     0
  68  1e7eb7ac0941ccae  b46036aef1419289  d42782f6a85e3ae1    200   526    526      226    880   14(0)     38(23)     0     0
  69  3d7889ef8ed5c26a  910f63ac24d53dfb  e9f3b9cb4b151689    200   550    550      233    898   14(0)     31(38)     0     0
  70  d07c550549ce571e  27d09f52e8b193f5  600caa2347429996    200   603    603      235    911   14(0)     30(44)     0     0
  71  f11637d40894b1c1  a35031c06113145e  c4fa23166e8ac288    200   654    654      251    983   15(0)     32(32)     0     0
  72  ce5b3c20a6bb1486  c1f4d038c3bfbf15  b01fa60c81718ff7    200   683    683      265   1033   17(0)     24(45)     0     0
  73  ade9ffe81b7ca99c  7356722270fa7d8f  0f13bc462b5b3e9e    200   709    709      275   1069   17(0)     18(65)     0     0
  74  1e469fe31e54cea1  6c5ef800666558b7  d660782cb87db58b    200   743    743      278   1069   18(0)     18(86)     0     0
  75  961e273292ef2156  088cc9ffa77bc67f  0a65361420be4622    200   755    755      272   1053   16(0)     18(175)     0     0
  76  4c55b0be5cf5fdd2  43cf47773fa09911  2e8930e9ca638bd3    200   763    763      274   1065   16(0)     26(143)     0     0
  77  dd237be0cdaa677b  d548a00d2c65f244  54b2ae7ee86c745b    200   761    761      278   1078   16(0)     27(161)     0     0
  78  0a9d957bf2607e62  c76a03bd2fdc05b6  5a8e978e09cb963c    200   764    764      276   1051   16(0)     23(171)     0     0
  79  6f633655377bdd3f  12ac8fdde061911a  546e7d3cf923c369    200   773    773      277   1050   16(0)     29(157)     0     0
  80  d3117a0db37917ed  a4b8acc8a997a3e5  ad706ee7e75426d5    200   776    776      282   1069   16(0)     30(156)     0     0
  81  dfc4291413888239  adbd44dee9d9c95b  7c14b778bb89c068    200   783    783      292   1107   15(0)     29(164)     0     0
  82  452592ac1d4780bc  c980959026ec1218  70e7a5b9500f345a    200   792    792      291   1112   16(0)     27(95)     0     0
  83  667906b10171a14b  40201370d3495344  6777a5dd5610c616    200   795    795      293   1113   16(0)     28(95)     0     0
  84  e8f86a74ba93b59d  baf806e97dc026b5  09620315269e6e70    200   806    806      294   1118   16(0)     26(170)     0     0
  85  e986ea5227bc1236  956c954c1d9e014b  5f4303fa32ec6e18    200   822    822      298   1126   16(0)     29(144)     0     0
  86  4f50efcf4af513e0  225aa502da3bab1a  50d54a7df7bca918    200   825    825      303   1145   17(0)     31(145)     0     0
  87  60dc676538fc3a52  6b017607a69ba511  8c02708bb90cff34    200   835    835      308   1167   17(0)     32(161)     0     0
  88  bfd420c1b577a148  030ce3406b410a35  60def74b9b6942a1    200   843    843      318   1202   17(0)     32(162)     0     0
  89  1954d71e9a12cc8f  4819a520f95f0a04  07c0e263436fa2b3    200   866    866      325   1232   17(0)     30(164)     0     0
  90  8be119ac2bcbd320  f23e79df6ecc805f  bb8f52880df80c52    200   868    868      330   1254   17(0)     26(167)     0     0
  91  275186f5db9001f5  6d83d6c71a6ca82d  bd2ef5b3e12db052    200   877    877      334   1270   17(0)     24(170)     0     0
  92  b078477b9e2e44d0  8781d6314599b3f5  25482572ffdc50c3    200   880    880      347   1316   18(0)     22(172)     0     0
  93  0955bfd960523bd2  5855fc8f275e4c77  faa049b507042d83    200   877    877      349   1322   18(0)     21(173)     0     0
  94  6fe16e3b6b681842  efa1911c71942fb6  0eb58ddc1ec9787b    200   894    894      350   1319   18(0)     20(174)     0     0
  95  3d8708d4609492db  f640dc5afa143a2f  0869cd54fc9363ea    200   906    906      355   1346   18(0)     20(176)     0     0
  96  5445049736e4222f  8bf33f225d9418e6  68e8a02840312e87    200   918    918      355   1352   19(0)     20(175)     0     0
  97  7a9fe7e1029e8b0e  7de6422c8e62db7a  1de1fb0d1cf1cfe8    200   931    931      360   1375   19(0)     17(179)     0     0
  98  722dac0f681ec055  d7afc530c330adc2  3cc084e7cc4c108b    200   939    939      356   1365   19(0)     15(180)     0     0
  99  909b6eb154b94dcf  650b60b5c04a2f82  e7f60bb51b1d84fc    200   958    958      363   1385   19(0)     20(175)     0     0
 100  fbcbf1ff71d3dcff  e84d1c2db3019519  2b362ae89e3ecf9f    200   964    964      369   1405   19(0)     19(178)     0     0
 101  da06fc9db89edbb6  0b7edc25ec266bca  c3a8c49f0a08aa0a    200   980    980      378   1439   19(0)     21(173)     0     0
 102  7d0f4104da76205f  bee5be0f466dfa5b  148bedfb593ad58c    200   992    992      386   1474   20(0)     16(180)     0     0
 103  dcf52061764d58a4  ec1a144c84c1edc7  23bb843fa5bc0081    200  1003   1003      391   1487   21(0)     14(182)     0     0
 104  3d7552c2c3107f2b  3b0921125e740a5d  07396f3ae8c64f4e    200  1008   1008      395   1498   20(0)     12(185)     0     0
 105  457abf186e16cba1  67b3bc6dd809225a  5e373eb89e7ca1de    200  1012   1012      400   1522   20(0)     12(186)     0     0
 106  c5a94f846f9de1c0  304a65a6f94e39d1  9c4cf245d03b1ca5    200  1012   1012      408   1548   20(0)     10(188)     0     0
 107  7ba3cce23ee772f3  c12ff865482251e0  739daa17d1f229e5    200  1031   1031      408   1543   20(0)      9(189)     0     0
 108  70b6f33e306fc8ff  22811b15d25e8ed8  752b2ff5cbce5898    200  1039   1039      411   1559   21(0)      7(192)     0     0
 109  d85979e2a7554358  647aa167511aa10f  7733166127d58880    200  1056   1056      411   1565   21(0)      9(190)     0     0
 110  1905b2957111744e  751ac3698226aac4  51e3c925129810c0    200  1067   1067      421   1606   22(0)     10(189)     0     0
 111  11a5c8a16c49215a  b65a279c2551ec6a  821b09e848f1f004    200  1077   1077      422   1606   23(0)      6(194)     0     0
 112  533d09b2aa3d1a31  93e414d21ed4913e  de601528e508fabd    200  1085   1085      424   1609   23(0)      7(193)     0     0
 113  a33ac26c8b251447  d49d478baf9d0ae4  a8c1e42cd7ff03a0    199  1094   1092      431   1630   23(0)      7(192)     1     0
 114  2b02b9f657aee178  ed08049ae9acbf25  94b0377ae12984af    199  1105   1103      433   1633   23(0)      5(194)     0     0
 115  ff1f6fb1bb2cb915  4f8fced97c38427c  1e756107d8ec9438    199  1112   1110      437   1652   23(0)      6(193)     0     0
 116  ee4b1a296c998b2a  9ee4294cfacf77ff  983a3de943add0e8    199  1109   1107      439   1665   23(0)      6(193)     0     0
 117  c7c6d4c6eb14699e  3e0804b3629eef35  c60f67589096b6aa    198  1120   1117      444   1690   23(0)      5(193)     1     0
 118  ac56989cc6c8a6e4  448f65f3e4034243  8bc96dfca2ed0931    198  1130   1127      451   1716   23(0)      5(193)     0     0
 119  b758c0b414ce0a3e  ad6c6f7ba0d59dc2  9768abc1c83c12b5    198  1134   1131      456   1728   23(0)      5(193)     0     0
 120  5d234316fbad3794  c816b5dadfffee97  db7c215a28afff8d    198  1143   1140      452   1714   24(0)      5(193)     0     0
 180  c33887603888856d  d3476d9fc34d422c  e51cb884e2de4fd4    197  1181   1175      497   1878   23(0)      1(197)     0     0
 240  911c58ac97cac9df  4a5a2cfcf26bf208  7ccf84ce3d23d208    197  1194   1188      500   1887   23(0)      1(197)     0     0
 300  179f77212fe952a5  1686731b3d77f36c  5ab18f01016c37fa    197  1236   1230      513   1940   24(0)      1(197)     0     0
 360  7e2d5a92cd875b60  eb215f7c3d1ed94d  950b154137a1a586      0  1236      0      512   1936    0(0)      0(0)     0     0
 420  7e2d5a92cd875b60  eb215f7c3d1ed94d  950b154137a1a586      0  1236      0      512   1936    0(0)      0(0)     0     0
 480  7e2d5a92cd875b60  eb215f7c3d1ed94d  950b154137a1a586      0  1236      0      512   1936    0(0)      0(0)     0     0
 540  7e2d5a92cd875b60  eb215f7c3d1ed94d  950b154137a1a586      0  1236      0      512   1936    0(0)      0(0)     0     0
 600  7e2d5a92cd875b60  eb215f7c3d1ed94d  950b154137a1a586      0  1236      0      512   1936    0(0)      0(0)     0     0
 660  7e2d5a92cd875b60  eb215f7c3d1ed94d  950b154137a1a586      0  1236      0      512   1936    0(0)      0(0)     0     0
 720  7e2d5a92cd875b60  eb215f7c3d1ed94d  950b154137a1a586      0  1236      0      512   1936    0(0)      0(0)     0     0
 780  7e2d5a92cd875b60  eb215f7c3d1ed94d  950b154137a1a586      0  1236      0      512   1936    0(0)      0(0)     0     0
 840  7e2d5a92cd875b60  eb215f7c3d1ed94d  950b154137a1a586      0  1236      0      512   1936    0(0)      0(0)     0     0
 900  7e2d5a92cd875b60  eb215f7c3d1ed94d  950b154137a1a586      0  1236      0      512   1936    0(0)      0(0)     0     0
 960  7e2d5a92cd875b60  eb215f7c3d1ed94d  950b154137a1a586      0  1236      0      512   1936    0(0)      0(0)     0     0
1020  7e2d5a92cd875b60  eb215f7c3d1ed94d  950b154137a1a586      0  1236      0      512   1936    0(0)      0(0)     0     0
1080  7e2d5a92cd875b60  eb215f7c3d1ed94d  950b154137a1a586      0  1236      0      512   1936    0(0)      0(0)     0     0
1140  7e2d5a92cd875b60  eb215f7c3d1ed94d  950b154137a1a586      0  1236      0      512   1936    0(0)      0(0)     0     0
1200  7e2d5a92cd875b60  eb215f7c3d1ed94d  950b154137a1a586      0  1236      0      512   1936    0(0)      0(0)     0     0
1260  7e2d5a92cd875b60  eb215f7c3d1ed94d  950b154137a1a586      0  1236      0      512   1936    0(0)      0(0)     0     0
1320  7e2d5a92cd875b60  eb215f7c3d1ed94d  950b154137a1a586      0  1236      0      512   1936    0(0)      0(0)     0     0
1380  7e2d5a92cd875b60  eb215f7c3d1ed94d  950b154137a1a586      0  1236      0      512   1936    0(0)      0(0)     0     0
1440  7e2d5a92cd875b60  eb215f7c3d1ed94d  950b154137a1a586      0  1236      0      512   1936    0(0)      0(0)     0     0
1500  7e2d5a92cd875b60  eb215f7c3d1ed94d  950b154137a1a586      0  1236      0      512   1936    0(0)      0(0)     0     0
1560  7e2d5a92cd875b60  eb215f7c3d1ed94d  950b154137a1a586      0  1236      0      512   1936    0(0)      0(0)     0     0
1620  7e2d5a92cd875b60  eb215f7c3d1ed94d  950b154137a1a586      0  1236      0      512   1936    0(0)      0(0)     0     0
1680  7e2d5a92cd875b60  eb215f7c3d1ed94d  950b154137a1a586      0  1236      0      512   1936    0(0)      0(0)     0     0
1740  7e2d5a92cd875b60  eb215f7c3d1ed94d  950b154137a1a586      0  1236      0      512   1936    0(0)      0(0)     0     0
1800  7e2d5a92cd875b60  eb215f7c3d1ed94d  950b154137a1a586      0  1236      0      512   1936    0(0)      0(0)     0     0
1860  7e2d5a92cd875b60  eb215f7c3d1ed94d  950b154137a1a586      0  1236      0      512   1936    0(0)      0(0)     0     0
1920  7e2d5a92cd875b60  eb215f7c3d1ed94d  950b154137a1a586      0  1236      0      512   1936    0(0)      0(0)     0     0
1980  7e2d5a92cd875b60  eb215f7c3d1ed94d  950b154137a1a586      0  1236      0      512   1936    0(0)      0(0)     0     0
2040  7e2d5a92cd875b60  eb215f7c3d1ed94d  950b154137a1a586      0  1236      0      512   1936    0(0)      0(0)     0     0
2100  7e2d5a92cd875b60  eb215f7c3d1ed94d  950b154137a1a586      0  1236      0      512   1936    0(0)      0(0)     0     0
2160  7e2d5a92cd875b60  eb215f7c3d1ed94d  950b154137a1a586      0  1236      0      512   1936    0(0)      0(0)     0     0
2220  7e2d5a92cd875b60  eb215f7c3d1ed94d  950b154137a1a586      0  1236      0      512   1936    0(0)      0(0)     0     0
2280  7e2d5a92cd875b60  eb215f7c3d1ed94d  950b154137a1a586      0  1236      0      512   1936    0(0)      0(0)     0     0
2340  7e2d5a92cd875b60  eb215f7c3d1ed94d  950b154137a1a586      0  1236      0      512   1936    0(0)      0(0)     0     0
2400  7e2d5a92cd875b60  eb215f7c3d1ed94d  950b154137a1a586      0  1236      0      512   1936    0(0)      0(0)     0     0
2460  7e2d5a92cd875b60  eb215f7c3d1ed94d  950b154137a1a586      0  1236      0      512   1936    0(0)      0(0)     0     0
2520  7e2d5a92cd875b60  eb215f7c3d1ed94d  950b154137a1a586      0  1236      0      512   1936    0(0)      0(0)     0     0
2580  7e2d5a92cd875b60  eb215f7c3d1ed94d  950b154137a1a586      0  1236      0      512   1936    0(0)      0(0)     0     0
2640  7e2d5a92cd875b60  eb215f7c3d1ed94d  950b154137a1a586      0  1236      0      512   1936    0(0)      0(0)     0     0
2700  7e2d5a92cd875b60  eb215f7c3d1ed94d  950b154137a1a586      0  1236      0      512   1936    0(0)      0(0)     0     0
2760  7e2d5a92cd875b60  eb215f7c3d1ed94d  950b154137a1a586      0  1236      0      512   1936    0(0)      0(0)     0     0
2820  7e2d5a92cd875b60  eb215f7c3d1ed94d  950b154137a1a586      0  1236      0      512   1936    0(0)      0(0)     0     0
2880  7e2d5a92cd875b60  eb215f7c3d1ed94d  950b154137a1a586      0  1236      0      512   1936    0(0)      0(0)     0     0
2940  7e2d5a92cd875b60  eb215f7c3d1ed94d  950b154137a1a586      0  1236      0      512   1936    0(0)      0(0)     0     0
3000  7e2d5a92cd875b60  eb215f7c3d1ed94d  950b154137a1a586      0  1236      0      512   1936    0(0)      0(0)     0     0
3060  7e2d5a92cd875b60  eb215f7c3d1ed94d  950b154137a1a586      0  1236      0      512   1936    0(0)      0(0)     0     0
3120  7e2d5a92cd875b60  eb215f7c3d1ed94d  950b154137a1a586      0  1236      0      512   1936    0(0)      0(0)     0     0
3180  7e2d5a92cd875b60  eb215f7c3d1ed94d  950b154137a1a586      0  1236      0      512   1936    0(0)      0(0)     0     0
3240  7e2d5a92cd875b60  eb215f7c3d1ed94d  950b154137a1a586      0  1236      0      512   1936    0(0)      0(0)     0     0
3300  7e2d5a92cd875b60  eb215f7c3d1ed94d  950b154137a1a586      0  1236      0      512   1936    0(0)      0(0)     0     0
3360  7e2d5a92cd875b60  eb215f7c3d1ed94d  950b154137a1a586      0  1236      0      512   1936    0(0)      0(0)     0     0
3420  7e2d5a92cd875b60  eb215f7c3d1ed94d  950b154137a1a586      0  1236      0      512   1936    0(0)      0(0)     0     0
3480  7e2d5a92cd875b60  eb215f7c3d1ed94d  950b154137a1a586      0  1236      0      512   1936    0(0)      0(0)     0     0
3540  7e2d5a92cd875b60  eb215f7c3d1ed94d  950b154137a1a586      0  1236      0      512   1936    0(0)      0(0)     0     0
3600  7e2d5a92cd875b60  eb215f7c3d1ed94d  950b154137a1a586      0  1236      0      512   1936    0(0)      0(0)     0     0
threads 1: 0.570 ms/tick, saturations 0, floating-point sentinel clean; per-tick hashes (reference)
threads 8: 0.275 ms/tick, saturations 0, floating-point sentinel clean; per-tick hashes identical
solve: every dynamic body asleep from tick 332; deepest point -0.168567 m (tick 65, bodies 172 197), at rest (the 60 ticks before every body sleeps, or the last 60) -0.0107529 m (tick 272, bodies 4 197); at most 305 dispatches a tick
rest: after tick 3600, over every touching pair (sleeping ones too): deepest point -0.0065771 m (bodies 24 74), 512 touching pairs
toy D pile200: run hash be7985ad3d537f50, final bodies 7e2d5a92cd875b60 manifolds eb215f7c3d1ed94d stages 950b154137a1a586, threads agree, saturations 0 (twin: gcc 13.3.0, aarch64, contraction off)
