toy pile200, dialect F, 3600 ticks, threads 1 8; gravity 10, sleep on, contact recycling on
twin: gcc 13.3.0, aarch64, contraction off
layout sizes C/twin: Hull 68/68 HullFace 24/24 BodyState 60/60 BodyPose 28/28 BodyMass 80/80 Aabb 32/32 Params 184/184 Hash2 8/8 V3 12/12 Pair 24/24 Manifold 348/348 SatAxis 72/72 NarrowDiag 64/64 Constraint 460/460
scene pile200 (seed 6): 205 bodies (5 static), 203 hulls (40 irregular chunks, 30 redrawn), largest hull 14 vertices 9 faces 42 half-edges; mass 6.773 to 49.39 kg; quantisation range errors 0
  hull 0 (box 12 x 1 x 12 m): volume 144 (8abc 144), Ixx/density 1740 (V(b^2+c^2)/3 1740), Ixy -0
traj /home/consulear/lpf-m11/lab/gpu/results/spark-gb10/toy/sanity_F.pile200-s6.traj: 3601 records of 205 bodies, every 1 ticks
tick  bodies-hash       manifolds-hash    stages-hash       awake pairs active touching points colours(ovf) islands(largest) slept woken
   1  3c66970239cb20db  0000000000000000  946e2557b1056391    200     0      0        0      0    0(0)    200(1)     0     0
   2  27c0e7c028f1e634  0000000000000000  946e2557b1056391    200     0      0        0      0    0(0)    200(1)     0     0
   3  84438d449527a5ee  0000000000000000  946e2557b1056391    200     0      0        0      0    0(0)    200(1)     0     0
   4  5da1ae264dabb713  0000000000000000  946e2557b1056391    200     0      0        0      0    0(0)    200(1)     0     0
   5  0081d219f22624b6  0000000000000000  946e2557b1056391    200     0      0        0      0    0(0)    200(1)     0     0
   6  7c3ab630fddfa592  0000000000000000  946e2557b1056391    200     0      0        0      0    0(0)    200(1)     0     0
   7  971e10f490241433  0000000000000000  946e2557b1056391    200     0      0        0      0    0(0)    200(1)     0     0
   8  af778f425be578c5  0000000000000000  946e2557b1056391    200     0      0        0      0    0(0)    200(1)     0     0
   9  6883b0791841fdfc  0000000000000000  946e2557b1056391    200     0      0        0      0    0(0)    200(1)     0     0
  10  89e70d0f2aa4ebcf  0000000000000000  946e2557b1056391    200     0      0        0      0    0(0)    200(1)     0     0
  11  5c75c0688deba52c  0000000000000000  946e2557b1056391    200     0      0        0      0    0(0)    200(1)     0     0
  12  e17b0040a9d08f83  0000000000000000  946e2557b1056391    200     0      0        0      0    0(0)    200(1)     0     0
  13  3d978bf964a6c2cb  0000000000000000  946e2557b1056391    200     0      0        0      0    0(0)    200(1)     0     0
  14  36513fed1c84abd2  0000000000000000  946e2557b1056391    200     0      0        0      0    0(0)    200(1)     0     0
  15  a85811349c166be4  0000000000000000  946e2557b1056391    200     0      0        0      0    0(0)    200(1)     0     0
  16  685b2c0f565feb57  0000000000000000  946e2557b1056391    200     0      0        0      0    0(0)    200(1)     0     0
  17  5077435ad967c7fe  0000000000000000  946e2557b1056391    200     0      0        0      0    0(0)    200(1)     0     0
  18  874bba2aaa2fcf71  0000000000000000  946e2557b1056391    200     0      0        0      0    0(0)    200(1)     0     0
  19  052d287af817d9f9  0000000000000000  946e2557b1056391    200     0      0        0      0    0(0)    200(1)     0     0
  20  487cab7fab0c0dea  0000000000000000  946e2557b1056391    200     0      0        0      0    0(0)    200(1)     0     0
  21  937522f2427e01df  0000000000000000  946e2557b1056391    200     0      0        0      0    0(0)    200(1)     0     0
  22  da21ebca2b5c3283  0000000000000000  946e2557b1056391    200     0      0        0      0    0(0)    200(1)     0     0
  23  bbdb1d7d0b4dfe0e  0000000000000000  946e2557b1056391    200     0      0        0      0    0(0)    200(1)     0     0
  24  118a672cbab48dc3  0000000000000000  946e2557b1056391    200     0      0        0      0    0(0)    200(1)     0     0
  25  319afc7c9eab88ed  0000000000000000  946e2557b1056391    200     0      0        0      0    0(0)    200(1)     0     0
  26  ec50b30a68f609ea  0000000000000000  946e2557b1056391    200     0      0        0      0    0(0)    200(1)     0     0
  27  23af6aefbee92e12  0000000000000000  946e2557b1056391    200     0      0        0      0    0(0)    200(1)     0     0
  28  cd41dadf9c689ea1  0000000000000000  946e2557b1056391    200     0      0        0      0    0(0)    200(1)     0     0
  29  bd1b2e033cabc84c  0000000000000000  946e2557b1056391    200     0      0        0      0    0(0)    200(1)     0     0
  30  efe904c9d190ac67  0000000000000000  946e2557b1056391    200     0      0        0      0    0(0)    200(1)     0     0
  31  44ffc99b5d3122c1  0000000000000000  946e2557b1056391    200     0      0        0      0    0(0)    200(1)     0     0
  32  31676badd70cd0a0  0000000000000000  946e2557b1056391    200     0      0        0      0    0(0)    200(1)     0     0
  33  bba53c6aa70f3be0  0000000000000000  946e2557b1056391    200     0      0        0      0    0(0)    200(1)     0     0
  34  62e1352b6298ebc0  0000000000000000  946e2557b1056391    200     0      0        0      0    0(0)    200(1)     0     0
  35  2c2e5f587cd71e71  0000000000000000  946e2557b1056391    200     0      0        0      0    0(0)    200(1)     0     0
  36  e7f2752e8ae88041  0000000000000000  946e2557b1056391    200     0      0        0      0    0(0)    200(1)     0     0
  37  3240c40fda509f22  0000000000000000  946e2557b1056391    200     0      0        0      0    0(0)    200(1)     0     0
  38  6ab52a3a3c623945  0000000000000000  946e2557b1056391    200     0      0        0      0    0(0)    200(1)     0     0
  39  5b353ee934591c50  0000000000000000  946e2557b1056391    200     0      0        0      0    0(0)    200(1)     0     0
  40  ea628b538c32e477  0000000000000000  946e2557b1056391    200     0      0        0      0    0(0)    200(1)     0     0
  41  73e35a8cdec092be  0000000000000000  946e2557b1056391    200     0      0        0      0    0(0)    200(1)     0     0
  42  1f917f077ee88923  0000000000000000  946e2557b1056391    200     0      0        0      0    0(0)    200(1)     0     0
  43  9de9eff009691877  0000000000000000  946e2557b1056391    200     0      0        0      0    0(0)    200(1)     0     0
  44  64beed83a29f4e2b  0000000000000000  946e2557b1056391    200     0      0        0      0    0(0)    200(1)     0     0
  45  ef8a3da719822f63  6d959f6043a148a2  8df6602fa9e08fbe    200    17     17        1      4    1(0)    200(1)     0     0
  46  b37347a3fa10ad30  e54c381e2febb718  c19cf2e7d18f4f98    200    25     25       22     88    1(0)    200(1)     0     0
  47  ef8ab60003c4857d  b679ff851ded4e0d  24de125d4de69634    200    29     29       24     96    3(0)    200(1)     0     0
  48  cce4da9c0ccc54c0  3204e96bb631756d  cbb0fa104baef2f9    200    44     44       30    119    4(0)    200(1)     0     0
  49  f9912c869e232e59  ec4ac243c9111134  2735d9ec930adafa    200    53     53       44    172    4(0)    194(2)     0     0
  50  892a30bfd9bafe87  b4e78f0642c2c818  d0a689a8962c8685    200    63     63       50    198    4(0)    181(2)     0     0
  51  9556e85822636d88  148a2177d3d70535  70edd63a50d02b6d    200    76     76       54    210    4(0)    175(4)     0     0
  52  9f135d8097d5aba9  0d9b44e9b4ed1dc0  99192f5fe1ee9c78    200    89     89       66    257    4(0)    169(4)     0     0
  53  98a1bec350757818  8bca9535b2e28ccc  5958a63ed9b49455    200    94     94       77    302    5(0)    158(3)     0     0
  54  f13ded3b88298203  4a591e1b953fb892  1df1cff717002800    200   114    114       81    323    6(0)    149(4)     0     0
  55  8edfbc93a94e37ea  b658f3998b76dfc2  10e22ee29aea36f0    200   127    127       95    378    6(0)    145(4)     0     0
  56  b36d67b90d67d91f  3c68da757cfb1139  a11414eeb1883627    200   141    141      105    416    6(0)    133(5)     0     0
  57  53f81d459f784849  2b3b1b3ce7d16e0b  52b42f8eec0a61f2    200   164    164      111    436    7(0)    125(8)     0     0
  58  2c9c323bcdb9bfd7  38de9081cb8b0684  c7ba866a595a003d    200   181    181      122    485    7(0)    117(9)     0     0
  59  fc10baf4518f9dae  d35b4ce5e4d98053  32686afdf2204dc3    200   204    204      132    515    8(0)    107(9)     0     0
  60  885782b2fabcf2ed  560fda5628f6f11c  4f4d3d1cf60758cb    200   225    225      144    562    9(0)     99(10)     0     0
  61  8542ddf5fbefd287  a2d3374fc74d579a  7d743d8235e44f58    200   248    248      153    599   11(0)     89(11)     0     0
  62  a7c2ddc840ae102e  afaec3f124bf970c  b1ec876405e12290    200   279    279      159    624   11(0)     79(12)     0     0
  63  31f271bc8ff7368a  07ded5db70223c31  b64aa6e5ed9de0c9    200   305    305      169    663   12(0)     74(12)     0     0
  64  ee718dba8c3d1a4d  578dd565f5e1d7dd  715873b2b8b6bf89    200   331    331      184    717   12(0)     63(20)     0     0
  65  9337efe3333b9284  bdfb29d1767c03d3  45eb101fca111e41    200   354    354      196    760   12(0)     52(21)     0     0
  66  abd62a84c8f9a48c  65d930f8d4521c83  f9168fb6c6fe1ffa    200   384    384      210    817   13(0)     42(21)     0     0
  67  b9dd13ae3f544f93  cffff7e98cdbc826  b5562e75b7737142    200   414    414      210    822   15(0)     29(27)     0     0
  68  a21217ceda81ebdf  df123ce12da2106f  544c44d7efbcfd41    200   445    445      216    839   15(0)     31(27)     0     0
  69  db3ee207760f1a4b  bd5aea56347d57be  7132d8d30c29e21f    200   476    476      219    856   14(0)     28(30)     0     0
  70  a8d0364ef19fc79a  3be81978a4728f84  76c40322154aab0f    200   505    505      225    879   16(0)     27(49)     0     0
  71  d7f889f47302163d  5bd7189edd7fb8c3  9af9434cfa871587    200   531    531      230    901   17(0)     22(65)     0     0
  72  0880b23f971270e8  162a8e4c673333cc  08edff797a317fac    200   554    554      228    896   17(0)     24(40)     0     0
  73  90081472729e00a0  409aadd754eca9b5  173c47ea4499e0b0    200   587    587      232    914   17(0)     29(34)     0     0
  74  38dc1457df0f38a7  a634188744353b4e  452edfa2dbecfa5a    200   606    606      231    903   17(0)     26(68)     0     0
  75  4e66985d042c117a  fc136e5b0f2fbe63  44c0e770398ff2a6    200   634    634      229    894   17(0)     31(66)     0     0
  76  6eadabe241ec972c  d6c5127cdef2705b  b695eb4609ab22a2    200   648    648      226    881   18(0)     32(104)     0     0
  77  4ad9f62a04748cf6  c357800eefa732e1  9157b18256788da7    200   661    661      230    893   18(0)     35(103)     0     0
  78  4ed69b8bd844c188  e68f8ff6707ffb35  d81ed503c05182df    200   665    665      244    938   17(0)     36(78)     0     0
  79  475b586cc57a6003  37d91fc207ccc6c7  71aa6797284f6072    200   676    676      248    955   16(0)     29(125)     0     0
  80  75111a14af995ee2  3e48d44dabee36b6  95cc1c543aebea2a    200   690    690      250    962   17(0)     30(89)     0     0
  81  ac53ec993c7bb3f8  89f0ea989cab5bbe  1b16b422c7b58663    200   710    710      242    940   18(0)     28(130)     0     0
  82  5124976582f74881  c416fc2d0b9e267d  842cab1c368af875    200   728    728      243    940   17(0)     33(128)     0     0
  83  0538cbfc458a2bc2  a999290a99a2e260  8e17053e5337bc98    200   752    752      240    923   18(0)     34(127)     0     0
  84  c649eff9897163cb  4d588f4690215524  9529e480240e8dcb    200   777    777      245    951   17(0)     38(136)     0     0
  85  c7e98d1b7dac389d  d8283e03a3afe873  b0a2a60f0235dc65    200   786    786      251    982   17(0)     34(139)     0     0
  86  2fbac34a20e34254  736c305326a35b9a  bf92a8ed66de7595    200   798    798      264   1027   18(0)     33(130)     0     0
  87  1f7e4d6df2b3d803  471b14dfcf2dd292  d53aa464f4021789    200   811    811      276   1071   17(0)     32(124)     0     0
  88  aedefd2024d52abe  9d0f51f545d78057  1b88d2ddcf969201    200   812    812      283   1099   18(0)     27(145)     0     0
  89  21b29f94732998f2  30ff294b77b8ee1a  0bf2a0346af0b64a    200   825    825      290   1127   19(0)     24(155)     0     0
  90  1fa459dbfcf73584  0b44d09ef1f3e6e9  3d147d064d3bafed    200   838    838      291   1126   18(0)     23(157)     0     0
  91  863911bde9604bfa  14a278c9f9d9eba9  f583de61be434ab6    200   846    846      294   1144   19(0)     24(153)     0     0
  92  d71c35d1900c2544  4d2e1d5bcc9fb6f1  0bcb364e56812d4d    200   866    866      298   1158   19(0)     22(158)     0     0
  93  d3fc7c35d0461158  61fca583e8f876c0  a345890cafc253d4    200   868    868      295   1151   19(0)     23(157)     0     0
  94  5ca7ba2c8cfe6fda  c81f91688f205849  64c9e82716b5590a    200   889    889      303   1173   20(0)     27(154)     0     0
  95  8170886926b99cd9  83e3fe4cb75a69bd  54f9f70c174c910f    200   901    901      301   1170   20(0)     24(157)     0     0
  96  89e4efe877a07d20  daa2c0578c4cad55  bfefc021f21651c6    200   908    908      301   1177   19(0)     25(156)     0     0
  97  b1495a616579777d  2ab2ab0e9992b674  0de467bda95521d3    200   909    909      301   1169   19(0)     25(156)     0     0
  98  245311cb5749c96c  8fcd4a4b6be317af  3ae264728ccfd9be    200   913    913      302   1177   19(0)     25(162)     0     0
  99  36c03f9d03e4519c  9182653ab84c3505  42a921e22574adf8    200   924    924      309   1198   19(0)     24(161)     0     0
 100  d09f69dd55b2f986  3b1c98c814d8a71a  f462716bd778bf91    200   944    944      319   1226   20(0)     24(153)     0     0
 101  0761871b126596ff  966e2c6fbc857c69  d030a6d6a6142482    200   960    960      327   1258   19(0)     21(157)     0     0
 102  f3205ad9311bd899  f9fb205ab28dcd99  076c9f72b950ae1f    200   964    964      334   1278   19(0)     19(161)     0     0
 103  6ad528842e43a69a  985301f8e9146e9b  cba8bf2d4503e769    200   962    962      340   1302   20(0)     18(161)     0     0
 104  59895cbee5d09228  7e36b5b022b0c051  44fac8edfa5bf422    200   960    960      338   1294   19(0)     15(162)     0     0
 105  d8b13e9f692dd647  7a66156dba119686  fd4a43b2ddbdc3db    200   967    967      334   1278   19(0)     13(164)     0     0
 106  a0aab00806c2b8d4  8673eeba1bb18c10  fd2e978fdd5ac36b    200   978    978      333   1270   20(0)     13(162)     0     0
 107  1b048e82cea638d0  d7a18ebf28d0c6ce  ff6511b2265de93f    200   997    997      330   1258   20(0)     15(178)     0     0
 108  31325787fafe85d9  48cca931962c054a  37cab3aa2504b1e5    200  1000   1000      339   1291   21(0)     17(174)     0     0
 109  cc948a3c5c043143  2521e434fd02592e  00f00dbad1441f94    200  1005   1005      349   1333   21(0)     14(179)     0     0
 110  33a2cf3e545895bf  1047041d2cdb2508  c7ebdc5a6eb985b1    200  1016   1016      348   1336   21(0)     10(186)     0     0
 111  a295f0e5a1f7853b  9a3dd097b2ec5d7f  15e6a8067417ab46    200  1017   1017      355   1367   21(0)     10(185)     0     0
 112  33b8ef30a63e1835  249cce53709540eb  99c5e9975e740f8f    200  1034   1034      360   1394   21(0)      8(187)     0     0
 113  3b493e8ccc8891d2  e9e57b6d06fae983  83d4dc1eeb053c34    200  1037   1037      361   1401   21(0)      7(187)     0     0
 114  8f3ca7475e91341d  87661c85c4617b9c  47d770ed65604416    200  1031   1031      367   1425   20(0)      8(185)     0     0
 115  9d0d945d5989a08d  93d9dfb4d33aed0d  0e847d6f6552dc47    200  1046   1046      369   1430   20(0)      7(186)     0     0
 116  b4cadcdeec7f4c97  343570f49be325d5  3e64ed683613fbf6    200  1058   1058      368   1431   21(0)      7(188)     0     0
 117  c2a0c07f370e2f39  dc61f1bb3a44b6b2  bd142c08d126c90f    200  1061   1061      364   1412   22(0)      7(193)     0     0
 118  856e9db8744435e6  7e84b5b368b28a6c  b33f237b3f617859    200  1064   1064      363   1405   22(0)      8(192)     0     0
 119  cb2b598872f2b9ab  d0abc157ababd1a5  98e6d1aae8d3c8f4    200  1060   1060      360   1387   22(0)     10(190)     0     0
 120  fe9a4a056a94f6f3  608183f7aedd6a1b  cf0aca6f2e190a02    200  1064   1064      362   1398   21(0)     10(190)     0     0
 180  a0da9879555fb801  952c921e19a957a4  5466801104020fd2    197  1169   1165      429   1651   22(0)      4(194)     0     0
 240  635da7f11363aad6  bdb8928ecfb39e8a  389a700ecce5200c    197  1166   1161      449   1718   22(0)      2(195)     0     0
 300  df496db5176181c7  e91eb6e24dc8aec4  3884d16ece9de4b2      0  1166      0      449   1718    0(0)      0(0)     0     0
 360  df496db5176181c7  e91eb6e24dc8aec4  3884d16ece9de4b2      0  1166      0      449   1718    0(0)      0(0)     0     0
 420  df496db5176181c7  e91eb6e24dc8aec4  3884d16ece9de4b2      0  1166      0      449   1718    0(0)      0(0)     0     0
 480  df496db5176181c7  e91eb6e24dc8aec4  3884d16ece9de4b2      0  1166      0      449   1718    0(0)      0(0)     0     0
 540  df496db5176181c7  e91eb6e24dc8aec4  3884d16ece9de4b2      0  1166      0      449   1718    0(0)      0(0)     0     0
 600  df496db5176181c7  e91eb6e24dc8aec4  3884d16ece9de4b2      0  1166      0      449   1718    0(0)      0(0)     0     0
 660  df496db5176181c7  e91eb6e24dc8aec4  3884d16ece9de4b2      0  1166      0      449   1718    0(0)      0(0)     0     0
 720  df496db5176181c7  e91eb6e24dc8aec4  3884d16ece9de4b2      0  1166      0      449   1718    0(0)      0(0)     0     0
 780  df496db5176181c7  e91eb6e24dc8aec4  3884d16ece9de4b2      0  1166      0      449   1718    0(0)      0(0)     0     0
 840  df496db5176181c7  e91eb6e24dc8aec4  3884d16ece9de4b2      0  1166      0      449   1718    0(0)      0(0)     0     0
 900  df496db5176181c7  e91eb6e24dc8aec4  3884d16ece9de4b2      0  1166      0      449   1718    0(0)      0(0)     0     0
 960  df496db5176181c7  e91eb6e24dc8aec4  3884d16ece9de4b2      0  1166      0      449   1718    0(0)      0(0)     0     0
1020  df496db5176181c7  e91eb6e24dc8aec4  3884d16ece9de4b2      0  1166      0      449   1718    0(0)      0(0)     0     0
1080  df496db5176181c7  e91eb6e24dc8aec4  3884d16ece9de4b2      0  1166      0      449   1718    0(0)      0(0)     0     0
1140  df496db5176181c7  e91eb6e24dc8aec4  3884d16ece9de4b2      0  1166      0      449   1718    0(0)      0(0)     0     0
1200  df496db5176181c7  e91eb6e24dc8aec4  3884d16ece9de4b2      0  1166      0      449   1718    0(0)      0(0)     0     0
1260  df496db5176181c7  e91eb6e24dc8aec4  3884d16ece9de4b2      0  1166      0      449   1718    0(0)      0(0)     0     0
1320  df496db5176181c7  e91eb6e24dc8aec4  3884d16ece9de4b2      0  1166      0      449   1718    0(0)      0(0)     0     0
1380  df496db5176181c7  e91eb6e24dc8aec4  3884d16ece9de4b2      0  1166      0      449   1718    0(0)      0(0)     0     0
1440  df496db5176181c7  e91eb6e24dc8aec4  3884d16ece9de4b2      0  1166      0      449   1718    0(0)      0(0)     0     0
1500  df496db5176181c7  e91eb6e24dc8aec4  3884d16ece9de4b2      0  1166      0      449   1718    0(0)      0(0)     0     0
1560  df496db5176181c7  e91eb6e24dc8aec4  3884d16ece9de4b2      0  1166      0      449   1718    0(0)      0(0)     0     0
1620  df496db5176181c7  e91eb6e24dc8aec4  3884d16ece9de4b2      0  1166      0      449   1718    0(0)      0(0)     0     0
1680  df496db5176181c7  e91eb6e24dc8aec4  3884d16ece9de4b2      0  1166      0      449   1718    0(0)      0(0)     0     0
1740  df496db5176181c7  e91eb6e24dc8aec4  3884d16ece9de4b2      0  1166      0      449   1718    0(0)      0(0)     0     0
1800  df496db5176181c7  e91eb6e24dc8aec4  3884d16ece9de4b2      0  1166      0      449   1718    0(0)      0(0)     0     0
1860  df496db5176181c7  e91eb6e24dc8aec4  3884d16ece9de4b2      0  1166      0      449   1718    0(0)      0(0)     0     0
1920  df496db5176181c7  e91eb6e24dc8aec4  3884d16ece9de4b2      0  1166      0      449   1718    0(0)      0(0)     0     0
1980  df496db5176181c7  e91eb6e24dc8aec4  3884d16ece9de4b2      0  1166      0      449   1718    0(0)      0(0)     0     0
2040  df496db5176181c7  e91eb6e24dc8aec4  3884d16ece9de4b2      0  1166      0      449   1718    0(0)      0(0)     0     0
2100  df496db5176181c7  e91eb6e24dc8aec4  3884d16ece9de4b2      0  1166      0      449   1718    0(0)      0(0)     0     0
2160  df496db5176181c7  e91eb6e24dc8aec4  3884d16ece9de4b2      0  1166      0      449   1718    0(0)      0(0)     0     0
2220  df496db5176181c7  e91eb6e24dc8aec4  3884d16ece9de4b2      0  1166      0      449   1718    0(0)      0(0)     0     0
2280  df496db5176181c7  e91eb6e24dc8aec4  3884d16ece9de4b2      0  1166      0      449   1718    0(0)      0(0)     0     0
2340  df496db5176181c7  e91eb6e24dc8aec4  3884d16ece9de4b2      0  1166      0      449   1718    0(0)      0(0)     0     0
2400  df496db5176181c7  e91eb6e24dc8aec4  3884d16ece9de4b2      0  1166      0      449   1718    0(0)      0(0)     0     0
2460  df496db5176181c7  e91eb6e24dc8aec4  3884d16ece9de4b2      0  1166      0      449   1718    0(0)      0(0)     0     0
2520  df496db5176181c7  e91eb6e24dc8aec4  3884d16ece9de4b2      0  1166      0      449   1718    0(0)      0(0)     0     0
2580  df496db5176181c7  e91eb6e24dc8aec4  3884d16ece9de4b2      0  1166      0      449   1718    0(0)      0(0)     0     0
2640  df496db5176181c7  e91eb6e24dc8aec4  3884d16ece9de4b2      0  1166      0      449   1718    0(0)      0(0)     0     0
2700  df496db5176181c7  e91eb6e24dc8aec4  3884d16ece9de4b2      0  1166      0      449   1718    0(0)      0(0)     0     0
2760  df496db5176181c7  e91eb6e24dc8aec4  3884d16ece9de4b2      0  1166      0      449   1718    0(0)      0(0)     0     0
2820  df496db5176181c7  e91eb6e24dc8aec4  3884d16ece9de4b2      0  1166      0      449   1718    0(0)      0(0)     0     0
2880  df496db5176181c7  e91eb6e24dc8aec4  3884d16ece9de4b2      0  1166      0      449   1718    0(0)      0(0)     0     0
2940  df496db5176181c7  e91eb6e24dc8aec4  3884d16ece9de4b2      0  1166      0      449   1718    0(0)      0(0)     0     0
3000  df496db5176181c7  e91eb6e24dc8aec4  3884d16ece9de4b2      0  1166      0      449   1718    0(0)      0(0)     0     0
3060  df496db5176181c7  e91eb6e24dc8aec4  3884d16ece9de4b2      0  1166      0      449   1718    0(0)      0(0)     0     0
3120  df496db5176181c7  e91eb6e24dc8aec4  3884d16ece9de4b2      0  1166      0      449   1718    0(0)      0(0)     0     0
3180  df496db5176181c7  e91eb6e24dc8aec4  3884d16ece9de4b2      0  1166      0      449   1718    0(0)      0(0)     0     0
3240  df496db5176181c7  e91eb6e24dc8aec4  3884d16ece9de4b2      0  1166      0      449   1718    0(0)      0(0)     0     0
3300  df496db5176181c7  e91eb6e24dc8aec4  3884d16ece9de4b2      0  1166      0      449   1718    0(0)      0(0)     0     0
3360  df496db5176181c7  e91eb6e24dc8aec4  3884d16ece9de4b2      0  1166      0      449   1718    0(0)      0(0)     0     0
3420  df496db5176181c7  e91eb6e24dc8aec4  3884d16ece9de4b2      0  1166      0      449   1718    0(0)      0(0)     0     0
3480  df496db5176181c7  e91eb6e24dc8aec4  3884d16ece9de4b2      0  1166      0      449   1718    0(0)      0(0)     0     0
3540  df496db5176181c7  e91eb6e24dc8aec4  3884d16ece9de4b2      0  1166      0      449   1718    0(0)      0(0)     0     0
3600  df496db5176181c7  e91eb6e24dc8aec4  3884d16ece9de4b2      0  1166      0      449   1718    0(0)      0(0)     0     0
threads 1: 0.400 ms/tick, saturations 0, floating-point sentinel clean; per-tick hashes (reference)
threads 8: 0.239 ms/tick, saturations 0, floating-point sentinel clean; per-tick hashes identical
solve: every dynamic body asleep from tick 273; deepest point -0.18141 m (tick 63, bodies 136 161), at rest (the 60 ticks before every body sleeps, or the last 60) -0.00958116 m (tick 215, bodies 80 111); at most 293 dispatches a tick
rest: after tick 3600, over every touching pair (sleeping ones too): deepest point -0.00674293 m (bodies 24 174), 449 touching pairs
toy F pile200: run hash 2ba12d510a2d9ab5, final bodies df496db5176181c7 manifolds e91eb6e24dc8aec4 stages 3884d16ece9de4b2, threads agree, saturations 0 (twin: gcc 13.3.0, aarch64, contraction off)
