toy pile200, dialect V4, 3600 ticks, threads 1 8; gravity 10, sleep on, contact recycling on
twin: gcc 13.3.0, aarch64, contraction off
layout sizes C/twin: Hull 68/68 HullFace 24/24 BodyState 60/60 BodyPose 40/40 BodyMass 80/80 Aabb 32/32 Params 184/184 Hash2 8/8 V3 12/12 Pair 24/24 Manifold 348/348 SatAxis 72/72 NarrowDiag 64/64 Constraint 460/460
scene pile200 (seed 4): 205 bodies (5 static), 203 hulls (40 irregular chunks, 26 redrawn), largest hull 14 vertices 9 faces 42 half-edges; mass 5.02 to 51.19 kg; quantisation range errors 0
  hull 0 (box 12 x 1 x 12 m): volume 144 (8abc 144), Ixx/density 1740 (V(b^2+c^2)/3 1740), Ixy -0
traj /home/consulear/lpf-m11/lab/gpu/results/spark-gb10/toy/sanity_V4.pile200-s4.traj: 3601 records of 205 bodies, every 1 ticks
tick  bodies-hash       manifolds-hash    stages-hash       awake pairs active touching points colours(ovf) islands(largest) slept woken
   1  940c7fedd13ab291  0000000000000000  946e2557b1056391    200     0      0        0      0    0(0)    200(1)     0     0
   2  b5d0abb0bfa4266a  0000000000000000  946e2557b1056391    200     0      0        0      0    0(0)    200(1)     0     0
   3  11d28a3081fd42a9  0000000000000000  946e2557b1056391    200     0      0        0      0    0(0)    200(1)     0     0
   4  1ff2a665f2038a91  0000000000000000  946e2557b1056391    200     0      0        0      0    0(0)    200(1)     0     0
   5  9150627ebc04b75b  0000000000000000  946e2557b1056391    200     0      0        0      0    0(0)    200(1)     0     0
   6  650c4e0e11fc28fc  0000000000000000  946e2557b1056391    200     0      0        0      0    0(0)    200(1)     0     0
   7  0ac328b1dc178092  0000000000000000  946e2557b1056391    200     0      0        0      0    0(0)    200(1)     0     0
   8  bc0153db7bf8ae6c  0000000000000000  946e2557b1056391    200     0      0        0      0    0(0)    200(1)     0     0
   9  4986e5dbe6175541  0000000000000000  946e2557b1056391    200     0      0        0      0    0(0)    200(1)     0     0
  10  397e882c75610111  0000000000000000  946e2557b1056391    200     0      0        0      0    0(0)    200(1)     0     0
  11  55b80c6be72fb74d  0000000000000000  946e2557b1056391    200     0      0        0      0    0(0)    200(1)     0     0
  12  307295fabfb0bdfd  0000000000000000  946e2557b1056391    200     0      0        0      0    0(0)    200(1)     0     0
  13  550c7d2f21db49d1  0000000000000000  946e2557b1056391    200     0      0        0      0    0(0)    200(1)     0     0
  14  61a5d75c619ca2c0  0000000000000000  946e2557b1056391    200     0      0        0      0    0(0)    200(1)     0     0
  15  b3a666f3a8bedac9  0000000000000000  946e2557b1056391    200     0      0        0      0    0(0)    200(1)     0     0
  16  395d07d8c601e7aa  0000000000000000  946e2557b1056391    200     0      0        0      0    0(0)    200(1)     0     0
  17  83bb1187740bb527  0000000000000000  946e2557b1056391    200     0      0        0      0    0(0)    200(1)     0     0
  18  bc53d6680455f777  0000000000000000  946e2557b1056391    200     0      0        0      0    0(0)    200(1)     0     0
  19  230b4a4abcc22743  0000000000000000  946e2557b1056391    200     0      0        0      0    0(0)    200(1)     0     0
  20  c5e77d353c09d9de  0000000000000000  946e2557b1056391    200     0      0        0      0    0(0)    200(1)     0     0
  21  aab7556ddf879142  0000000000000000  946e2557b1056391    200     0      0        0      0    0(0)    200(1)     0     0
  22  724c0d7924dcf9dd  0000000000000000  946e2557b1056391    200     0      0        0      0    0(0)    200(1)     0     0
  23  1cba94d7608670c3  0000000000000000  946e2557b1056391    200     0      0        0      0    0(0)    200(1)     0     0
  24  2816831487de24dc  0000000000000000  946e2557b1056391    200     0      0        0      0    0(0)    200(1)     0     0
  25  c304e84fe15537e7  0000000000000000  946e2557b1056391    200     0      0        0      0    0(0)    200(1)     0     0
  26  f4811a8424591f19  0000000000000000  946e2557b1056391    200     0      0        0      0    0(0)    200(1)     0     0
  27  64f2f059077d8b9a  0000000000000000  946e2557b1056391    200     0      0        0      0    0(0)    200(1)     0     0
  28  b6656655e8577099  0000000000000000  946e2557b1056391    200     0      0        0      0    0(0)    200(1)     0     0
  29  605273715f7552cb  0000000000000000  946e2557b1056391    200     0      0        0      0    0(0)    200(1)     0     0
  30  ee76f889ea2079d6  0000000000000000  946e2557b1056391    200     0      0        0      0    0(0)    200(1)     0     0
  31  6739a4961d775909  0000000000000000  946e2557b1056391    200     0      0        0      0    0(0)    200(1)     0     0
  32  182b9dbd5b8221be  0000000000000000  946e2557b1056391    200     0      0        0      0    0(0)    200(1)     0     0
  33  9c854d64ea3d5185  0000000000000000  946e2557b1056391    200     0      0        0      0    0(0)    200(1)     0     0
  34  cb3b5b75a19d4be8  0000000000000000  946e2557b1056391    200     0      0        0      0    0(0)    200(1)     0     0
  35  1e741aeac8fb9f76  0000000000000000  946e2557b1056391    200     0      0        0      0    0(0)    200(1)     0     0
  36  d99ee2e07c54ed17  0000000000000000  946e2557b1056391    200     0      0        0      0    0(0)    200(1)     0     0
  37  555939c99d082f80  0000000000000000  946e2557b1056391    200     0      0        0      0    0(0)    200(1)     0     0
  38  47bf47503dedb986  0000000000000000  946e2557b1056391    200     0      0        0      0    0(0)    200(1)     0     0
  39  8a68468423ed510d  0000000000000000  946e2557b1056391    200     0      0        0      0    0(0)    200(1)     0     0
  40  42ea443812c234d1  0000000000000000  946e2557b1056391    200     0      0        0      0    0(0)    200(1)     0     0
  41  4ef81529bdb72f4c  0000000000000000  946e2557b1056391    200     0      0        0      0    0(0)    200(1)     0     0
  42  f97afa287a890662  0000000000000000  946e2557b1056391    200     0      0        0      0    0(0)    200(1)     0     0
  43  65ec7f6157b186f9  0000000000000000  946e2557b1056391    200     0      0        0      0    0(0)    200(1)     0     0
  44  7b7583e42e1e8b14  0000000000000000  946e2557b1056391    200     0      0        0      0    0(0)    200(1)     0     0
  45  ea1e602a7818ae9d  b141b90592af1279  3d67a93ae07e6c72    200    23     23        1      4    1(0)    200(1)     0     0
  46  68c45cc5df0118ff  2c800337889bcd48  b8c2ee09d3b1b982    200    26     26       24     96    2(0)    200(1)     0     0
  47  97f2d32d0437208e  5f38698ddee930cf  7ca10d81d706e841    200    33     33       26    104    2(0)    200(1)     0     0
  48  cf2b946b89fd79b9  dc6d12ee953fe88b  780620c938d53706    200    51     51       32    127    3(0)    199(2)     0     0
  49  66a7a105c6a865ac  fd4a7f97c863da36  0fb831335c3dfc6b    200    56     56       46    183    3(0)    193(2)     0     0
  50  4742718d9d0c2903  23b10456715296e3  422509d3eb2378be    200    65     65       52    207    3(0)    177(2)     0     0
  51  4d953ebd2c2f0026  fb4ee644d40f1312  105c5419cc6e5c89    200    82     82       59    232    5(0)    171(3)     0     0
  52  778e186693f2ee7b  7700eb8ea223e884  401f57e4d6b3635e    200    95     95       70    278    5(0)    164(3)     0     0
  53  aa4f075e935e8e94  5bbcdd6490ff6f65  ba3cac8aebc58688    200   103    103       80    318    5(0)    155(3)     0     0
  54  e91332fc40200640  80def2a028b328e4  2f6672439d0b12c9    200   117    117       86    340    6(0)    146(6)     0     0
  55  54aeab200d1778fc  269bb463c6ce2ba8  6590a5c16b6c42bf    200   136    136       93    370    6(0)    140(6)     0     0
  56  afe67a01e939fb7b  f6214e8aa97e6f9f  9b7dfde9b6c681c7    200   149    149      108    423    6(0)    132(8)     0     0
  57  e527544c01bd244e  8ee5932e5c301ad2  dcda4c5486ebc0e8    200   169    169      116    456    7(0)    119(9)     0     0
  58  233a39c211d267d1  c109709e41659d89  c23b915bafea8128    200   198    198      128    503    8(0)    112(10)     0     0
  59  5cf6e0a5886e313a  827fc33bf0479fe0  3ae7bb123e2d2972    200   220    220      142    565   11(0)    103(11)     0     0
  60  b333cf7d2f28dc91  7d2c15ab86e8dba9  1e39bbd8c53e9234    200   254    254      145    573   12(0)     90(12)     0     0
  61  7ff32b5e6c1f677d  a1dcf3747f678b28  4425dd0d7165b88b    200   297    297      158    630   12(0)     87(11)     0     0
  62  012486c435738200  ca8859b1c4a79ce3  6aaf6575ed22eb33    200   339    339      169    665   11(0)     75(15)     0     0
  63  761326d19a47db4d  32c046d9fe58cf40  c44ec7cced8d3b0c    200   364    364      183    719   12(0)     68(22)     0     0
  64  61c432bb9fc13031  f63802066b708dad  d9c1b1a438afab98    200   401    401      197    771   13(0)     60(30)     0     0
  65  c29727efa4a83bdb  f0053a64eda0980c  cc94fcaccfcea404    200   445    445      206    802   15(0)     43(35)     0     0
  66  b4957ab77f574cd3  0b78b62639f21e1b  0d8100bbad467b6c    200   493    493      213    836   16(0)     41(34)     0     0
  67  79c975ec353ea459  7745cfa90b8e8070  0b2d5a8893f42c50    200   523    523      224    874   16(0)     34(35)     0     0
  68  9431e7f89e4d0656  5ea053b0a25f18f0  c468b153e29d2dc8    200   581    581      225    885   18(0)     23(58)     0     0
  69  92e82a596ee4b488  da8ce60b80d85ad7  e3b6673aab97e3b2    200   628    628      234    911   18(0)     24(59)     0     0
  70  c0b0a0a8fabefdf9  9ed029534aad329a  46b7cc5345bfdaef    200   668    668      232    898   18(0)     23(55)     0     0
  71  ccf6f034bb79fd73  bffe4cc13aa5e823  0860986ce4fcff66    200   707    707      239    934   19(0)     25(65)     0     0
  72  75d2b923d181b1d6  324fd852986f5231  df9c700a160a37c5    200   733    733      249    960   18(0)     28(65)     0     0
  73  d94bd128928316ae  b0982073544291a2  d791cfb92ad32b52    200   765    765      252    981   18(0)     27(80)     0     0
  74  7d2fc543f6504f08  aca52a4780a25b10  1329632eb7113b79    200   792    792      255    987   17(0)     27(122)     0     0
  75  5501f062c73360ae  a662c1c5f0ab6c10  d9399bc45045f6d0    200   826    826      259    988   17(0)     25(126)     0     0
  76  c462a5549d3e8d6f  b42199bfc52a92cf  80c7310f3e7fdf1d    200   838    838      276   1047   19(0)     21(134)     0     0
  77  d99feb9f1cbedcb7  4c2f2f91490b7742  e166b7fa7a1c499f    200   857    857      295   1106   19(0)     21(139)     0     0
  78  434f501a51d026e5  5ccda4cc674a1f81  9517587617620511    200   876    876      297   1120   19(0)     16(183)     0     0
  79  3c396954e2878ae6  6d4af6dbb90e4fa6  34bab04ba4f18644    200   905    905      300   1124   21(0)     16(185)     0     0
  80  bb7e09c9a16ec098  0883cad02f6389f5  e3cccb8582a4bc15    200   915    915      300   1143   22(0)     17(184)     0     0
  81  345afd7c91ee9b4d  69bb0321694fdc9d  08ebbe9354d7f7cf    200   926    926      304   1165   21(0)     19(181)     0     0
  82  9a8f242e29ba047b  ccb92a38f5954156  365cb639bc7cbe58    200   930    930      316   1206   21(0)     21(179)     0     0
  83  36c26b85a0d6c03a  0d833ab9f642c9a3  0c28b2a3530170e8    200   929    929      323   1233   21(0)     21(178)     0     0
  84  e0510ebee235f2a7  35a4b2b39303417c  6f06160f92a21c89    200   944    944      324   1244   22(0)     21(178)     0     0
  85  a3456f06d5cda164  c53a0aec5a923059  1094b99d33217fea    200   949    949      326   1251   21(0)     21(179)     0     0
  86  9b4f6a7eb55c9ccc  19625ac277f9d358  1215044f65ec1e3a    200   959    959      328   1256   22(0)     21(178)     0     0
  87  f8eb9bfab1508b3e  803c43c0fd23c49f  282dd26c743e70d8    200   974    974      330   1262   21(0)     20(180)     0     0
  88  ab4e68214f144a27  85fd707f9f79b0e4  ac25f3d4df6978e7    200   971    971      334   1267   21(0)     20(180)     0     0
  89  611a2aebab08f050  b4bc9eb63487bde8  0ce2613cbdd22296    200   977    977      339   1282   20(0)     21(173)     0     0
  90  807efa545f31d627  fc86befa5eedbb28  720e0a05e4563a8d    200   990    990      343   1294   20(0)     20(174)     0     0
  91  146352a3bb3b6d1f  0bbe4bbd82bdde38  0efbcbbcdb8e7cb4    200  1002   1002      351   1336   20(0)     20(174)     0     0
  92  d3293c3e59ba1eec  3aea473d8d8860a7  7ec6056bc5989486    200  1012   1012      350   1344   20(0)     18(176)     0     0
  93  1420cc370e05e35f  bda315b8318e92ea  c9061233d2b76482    200  1018   1018      357   1368   20(0)     20(174)     0     0
  94  6f26d2fcc97d5133  fecc61c3a63147fa  037711e699987eea    200  1027   1027      368   1402   20(0)     20(174)     0     0
  95  ab48a12a00443cbe  6d2dd97c6735a9c1  1fa192a09c3c895f    200  1031   1031      374   1422   20(0)     17(177)     0     0
  96  dfb2b442786c1b1c  d12fbb9eb05d2bc7  4b8bf3f1c4d6fb26    200  1037   1037      375   1431   21(0)     14(180)     0     0
  97  c4502f50fc73eb6b  84f5aa6608101469  5fd84c9fc7e26c60    200  1035   1035      384   1464   21(0)     14(180)     0     0
  98  08aae2055abb4955  dc466ab1c8bab153  cafaca6474bd317f    200  1044   1044      382   1456   20(0)     13(187)     0     0
  99  b2d33a45d8e53cc6  1783bf171ac6c99f  5272eb91ee0ff0f3    200  1047   1047      386   1469   21(0)     15(186)     0     0
 100  635c0188abb1d151  8f5df0001e7b00d4  f28ea4825ca2988b    200  1048   1048      389   1485   21(0)     17(184)     0     0
 101  60d5f5717557baec  d9bfcae99bad41dd  48e34092e27aa077    200  1069   1069      395   1508   21(0)     17(183)     0     0
 102  0d3a71f37435ad35  92913254f772beca  66f9c35a044731da    200  1070   1070      399   1524   21(0)     17(183)     0     0
 103  9f55d27004d53280  3d57d9ff015459ad  7e3e7e1fa9c2eff7    200  1077   1077      397   1513   21(0)     16(184)     0     0
 104  cc806cc446abb61d  b3e7ddd4d0fcdcf3  d29fc5b0d47a47cd    200  1092   1092      399   1517   21(0)     12(188)     0     0
 105  86377b579f673df8  117920111878e9a2  7b3c4731d9bb401f    200  1104   1104      400   1515   21(0)     12(188)     0     0
 106  2ec0353dd619262c  2700902c54e179b3  9bb888d22b1e4ae0    200  1115   1115      405   1536   21(0)     12(188)     0     0
 107  16e17e8efefddda5  23557c26da507da7  ecbb738bcb9a968e    200  1125   1125      406   1539   21(0)     11(190)     0     0
 108  a9ad927dfb1d5133  4d671b40b44b717b  2d5d1d621d8f6188    200  1124   1124      409   1548   22(0)     11(190)     0     0
 109  ce21a1d3af63309b  d415ea44b3cb40d4  43913e91c7baf2fa    200  1138   1138      413   1565   21(0)     10(191)     0     0
 110  947b7a136b96bf78  caf31bea92fbd2e0  8e7642352880c312    200  1144   1144      411   1563   21(0)      7(194)     0     0
 111  edb1b510db3fb994  5e6042f94520f02f  17863e991a020bd1    200  1145   1145      427   1625   21(0)      7(194)     0     0
 112  8e5c874558db7c8c  d7b30dbfa538fa71  d4a68b5a3c60328a    200  1148   1148      436   1657   21(0)      7(194)     0     0
 113  5dfa2309801a3f29  53487a232592b1dd  297a0f7d64e47c08    200  1150   1150      433   1635   21(0)      7(194)     0     0
 114  4ae5d3ce1a86bd75  1a2e86c4ac44398c  09526cf35edddeaf    200  1161   1161      435   1646   21(0)      6(195)     0     0
 115  f848bb5e80c27cd7  bb3a0f0743034891  94df0130fd8257e8    200  1168   1168      438   1656   21(0)      7(194)     0     0
 116  2aa7e43b9d28aaa1  bdf0817c4427b1a4  11a454de4071ab53    200  1173   1173      438   1653   21(0)      7(192)     0     0
 117  d2e85d98194ceb7f  8f01f107a03a0775  6870edd8a7534b1c    200  1172   1172      438   1655   21(0)      7(192)     0     0
 118  9c2109d6e1d35be1  a2953b6205067037  976c664185524142    200  1177   1177      436   1650   21(0)      6(193)     0     0
 119  7645995837539249  0d4fc2ab636d4488  95de936da713e31f    200  1178   1178      434   1645   21(0)      8(190)     0     0
 120  4d28a2a2642f1a79  1db4a97fda81614a  55478b4ddf83f64d    200  1190   1190      439   1664   21(0)      7(192)     0     0
 180  42cee041297cb845  2e3da193969d7a81  cb29ed50bd3c295f    193  1242   1229      467   1781   21(0)      1(193)     0     0
 240  aebc2febc42b7e06  1a847b59611da805  8488ea683153056f      0  1245      0      469   1789    0(0)      0(0)     0     0
 300  aebc2febc42b7e06  1a847b59611da805  8488ea683153056f      0  1245      0      469   1789    0(0)      0(0)     0     0
 360  aebc2febc42b7e06  1a847b59611da805  8488ea683153056f      0  1245      0      469   1789    0(0)      0(0)     0     0
 420  aebc2febc42b7e06  1a847b59611da805  8488ea683153056f      0  1245      0      469   1789    0(0)      0(0)     0     0
 480  aebc2febc42b7e06  1a847b59611da805  8488ea683153056f      0  1245      0      469   1789    0(0)      0(0)     0     0
 540  aebc2febc42b7e06  1a847b59611da805  8488ea683153056f      0  1245      0      469   1789    0(0)      0(0)     0     0
 600  aebc2febc42b7e06  1a847b59611da805  8488ea683153056f      0  1245      0      469   1789    0(0)      0(0)     0     0
 660  aebc2febc42b7e06  1a847b59611da805  8488ea683153056f      0  1245      0      469   1789    0(0)      0(0)     0     0
 720  aebc2febc42b7e06  1a847b59611da805  8488ea683153056f      0  1245      0      469   1789    0(0)      0(0)     0     0
 780  aebc2febc42b7e06  1a847b59611da805  8488ea683153056f      0  1245      0      469   1789    0(0)      0(0)     0     0
 840  aebc2febc42b7e06  1a847b59611da805  8488ea683153056f      0  1245      0      469   1789    0(0)      0(0)     0     0
 900  aebc2febc42b7e06  1a847b59611da805  8488ea683153056f      0  1245      0      469   1789    0(0)      0(0)     0     0
 960  aebc2febc42b7e06  1a847b59611da805  8488ea683153056f      0  1245      0      469   1789    0(0)      0(0)     0     0
1020  aebc2febc42b7e06  1a847b59611da805  8488ea683153056f      0  1245      0      469   1789    0(0)      0(0)     0     0
1080  aebc2febc42b7e06  1a847b59611da805  8488ea683153056f      0  1245      0      469   1789    0(0)      0(0)     0     0
1140  aebc2febc42b7e06  1a847b59611da805  8488ea683153056f      0  1245      0      469   1789    0(0)      0(0)     0     0
1200  aebc2febc42b7e06  1a847b59611da805  8488ea683153056f      0  1245      0      469   1789    0(0)      0(0)     0     0
1260  aebc2febc42b7e06  1a847b59611da805  8488ea683153056f      0  1245      0      469   1789    0(0)      0(0)     0     0
1320  aebc2febc42b7e06  1a847b59611da805  8488ea683153056f      0  1245      0      469   1789    0(0)      0(0)     0     0
1380  aebc2febc42b7e06  1a847b59611da805  8488ea683153056f      0  1245      0      469   1789    0(0)      0(0)     0     0
1440  aebc2febc42b7e06  1a847b59611da805  8488ea683153056f      0  1245      0      469   1789    0(0)      0(0)     0     0
1500  aebc2febc42b7e06  1a847b59611da805  8488ea683153056f      0  1245      0      469   1789    0(0)      0(0)     0     0
1560  aebc2febc42b7e06  1a847b59611da805  8488ea683153056f      0  1245      0      469   1789    0(0)      0(0)     0     0
1620  aebc2febc42b7e06  1a847b59611da805  8488ea683153056f      0  1245      0      469   1789    0(0)      0(0)     0     0
1680  aebc2febc42b7e06  1a847b59611da805  8488ea683153056f      0  1245      0      469   1789    0(0)      0(0)     0     0
1740  aebc2febc42b7e06  1a847b59611da805  8488ea683153056f      0  1245      0      469   1789    0(0)      0(0)     0     0
1800  aebc2febc42b7e06  1a847b59611da805  8488ea683153056f      0  1245      0      469   1789    0(0)      0(0)     0     0
1860  aebc2febc42b7e06  1a847b59611da805  8488ea683153056f      0  1245      0      469   1789    0(0)      0(0)     0     0
1920  aebc2febc42b7e06  1a847b59611da805  8488ea683153056f      0  1245      0      469   1789    0(0)      0(0)     0     0
1980  aebc2febc42b7e06  1a847b59611da805  8488ea683153056f      0  1245      0      469   1789    0(0)      0(0)     0     0
2040  aebc2febc42b7e06  1a847b59611da805  8488ea683153056f      0  1245      0      469   1789    0(0)      0(0)     0     0
2100  aebc2febc42b7e06  1a847b59611da805  8488ea683153056f      0  1245      0      469   1789    0(0)      0(0)     0     0
2160  aebc2febc42b7e06  1a847b59611da805  8488ea683153056f      0  1245      0      469   1789    0(0)      0(0)     0     0
2220  aebc2febc42b7e06  1a847b59611da805  8488ea683153056f      0  1245      0      469   1789    0(0)      0(0)     0     0
2280  aebc2febc42b7e06  1a847b59611da805  8488ea683153056f      0  1245      0      469   1789    0(0)      0(0)     0     0
2340  aebc2febc42b7e06  1a847b59611da805  8488ea683153056f      0  1245      0      469   1789    0(0)      0(0)     0     0
2400  aebc2febc42b7e06  1a847b59611da805  8488ea683153056f      0  1245      0      469   1789    0(0)      0(0)     0     0
2460  aebc2febc42b7e06  1a847b59611da805  8488ea683153056f      0  1245      0      469   1789    0(0)      0(0)     0     0
2520  aebc2febc42b7e06  1a847b59611da805  8488ea683153056f      0  1245      0      469   1789    0(0)      0(0)     0     0
2580  aebc2febc42b7e06  1a847b59611da805  8488ea683153056f      0  1245      0      469   1789    0(0)      0(0)     0     0
2640  aebc2febc42b7e06  1a847b59611da805  8488ea683153056f      0  1245      0      469   1789    0(0)      0(0)     0     0
2700  aebc2febc42b7e06  1a847b59611da805  8488ea683153056f      0  1245      0      469   1789    0(0)      0(0)     0     0
2760  aebc2febc42b7e06  1a847b59611da805  8488ea683153056f      0  1245      0      469   1789    0(0)      0(0)     0     0
2820  aebc2febc42b7e06  1a847b59611da805  8488ea683153056f      0  1245      0      469   1789    0(0)      0(0)     0     0
2880  aebc2febc42b7e06  1a847b59611da805  8488ea683153056f      0  1245      0      469   1789    0(0)      0(0)     0     0
2940  aebc2febc42b7e06  1a847b59611da805  8488ea683153056f      0  1245      0      469   1789    0(0)      0(0)     0     0
3000  aebc2febc42b7e06  1a847b59611da805  8488ea683153056f      0  1245      0      469   1789    0(0)      0(0)     0     0
3060  aebc2febc42b7e06  1a847b59611da805  8488ea683153056f      0  1245      0      469   1789    0(0)      0(0)     0     0
3120  aebc2febc42b7e06  1a847b59611da805  8488ea683153056f      0  1245      0      469   1789    0(0)      0(0)     0     0
3180  aebc2febc42b7e06  1a847b59611da805  8488ea683153056f      0  1245      0      469   1789    0(0)      0(0)     0     0
3240  aebc2febc42b7e06  1a847b59611da805  8488ea683153056f      0  1245      0      469   1789    0(0)      0(0)     0     0
3300  aebc2febc42b7e06  1a847b59611da805  8488ea683153056f      0  1245      0      469   1789    0(0)      0(0)     0     0
3360  aebc2febc42b7e06  1a847b59611da805  8488ea683153056f      0  1245      0      469   1789    0(0)      0(0)     0     0
3420  aebc2febc42b7e06  1a847b59611da805  8488ea683153056f      0  1245      0      469   1789    0(0)      0(0)     0     0
3480  aebc2febc42b7e06  1a847b59611da805  8488ea683153056f      0  1245      0      469   1789    0(0)      0(0)     0     0
3540  aebc2febc42b7e06  1a847b59611da805  8488ea683153056f      0  1245      0      469   1789    0(0)      0(0)     0     0
3600  aebc2febc42b7e06  1a847b59611da805  8488ea683153056f      0  1245      0      469   1789    0(0)      0(0)     0     0
threads 1: 0.354 ms/tick, saturations 0, floating-point sentinel clean; per-tick hashes (reference)
threads 8: 0.224 ms/tick, saturations 0, floating-point sentinel clean; per-tick hashes identical
solve: every dynamic body asleep from tick 231; deepest point -0.18368 m (tick 62, bodies 111 136), at rest (the 60 ticks before every body sleeps, or the last 60) -0.0107503 m (tick 193, bodies 17 42); at most 292 dispatches a tick
rest: after tick 3600, over every touching pair (sleeping ones too): deepest point -0.0107386 m (bodies 17 42), 469 touching pairs
toy V4 pile200: run hash 50b3056b9573fd65, final bodies aebc2febc42b7e06 manifolds 1a847b59611da805 stages 8488ea683153056f, threads agree, saturations 0 (twin: gcc 13.3.0, aarch64, contraction off)
