toy pile200, dialect D, 3600 ticks, threads 1 8; gravity 10, sleep on, contact recycling on
twin: gcc 13.3.0, aarch64, contraction off
layout sizes C/twin: Hull 112/112 HullFace 40/40 BodyState 112/112 BodyPose 56/56 BodyMass 144/144 Aabb 32/32 Params 344/344 Hash2 8/8 V3 24/24 Pair 24/24 Manifold 632/632 SatAxis 88/88 NarrowDiag 128/128 Constraint 840/840
scene pile200 (seed 6): 205 bodies (5 static), 203 hulls (40 irregular chunks, 30 redrawn), largest hull 14 vertices 9 faces 42 half-edges; mass 6.773 to 49.39 kg; quantisation range errors 0
  hull 0 (box 12 x 1 x 12 m): volume 144 (8abc 144), Ixx/density 1740 (V(b^2+c^2)/3 1740), Ixy -0
traj /home/consulear/lpf-m11/lab/gpu/results/spark-gb10/toy/sanity_D.pile200-s6.traj: 3601 records of 205 bodies, every 1 ticks
tick  bodies-hash       manifolds-hash    stages-hash       awake pairs active touching points colours(ovf) islands(largest) slept woken
   1  ff0276463d7ac225  0000000000000000  946e2557b1056391    200     0      0        0      0    0(0)    200(1)     0     0
   2  0e9a2388524702ab  0000000000000000  946e2557b1056391    200     0      0        0      0    0(0)    200(1)     0     0
   3  5d38c969400921a8  0000000000000000  946e2557b1056391    200     0      0        0      0    0(0)    200(1)     0     0
   4  c0bc637ba036de85  0000000000000000  946e2557b1056391    200     0      0        0      0    0(0)    200(1)     0     0
   5  c1445fca59e05462  0000000000000000  946e2557b1056391    200     0      0        0      0    0(0)    200(1)     0     0
   6  f91ce31b6497065a  0000000000000000  946e2557b1056391    200     0      0        0      0    0(0)    200(1)     0     0
   7  f7a2856ee6739f4f  0000000000000000  946e2557b1056391    200     0      0        0      0    0(0)    200(1)     0     0
   8  8d0cdaa95e96042d  0000000000000000  946e2557b1056391    200     0      0        0      0    0(0)    200(1)     0     0
   9  ff45f95d05f40486  0000000000000000  946e2557b1056391    200     0      0        0      0    0(0)    200(1)     0     0
  10  838a4f8851f031bc  0000000000000000  946e2557b1056391    200     0      0        0      0    0(0)    200(1)     0     0
  11  6046e025a385e74b  0000000000000000  946e2557b1056391    200     0      0        0      0    0(0)    200(1)     0     0
  12  6f6dfe798ab6efdf  0000000000000000  946e2557b1056391    200     0      0        0      0    0(0)    200(1)     0     0
  13  ce8b2adf8069d16f  0000000000000000  946e2557b1056391    200     0      0        0      0    0(0)    200(1)     0     0
  14  443f7e99ed0fb658  0000000000000000  946e2557b1056391    200     0      0        0      0    0(0)    200(1)     0     0
  15  7009c3e9e0c75d81  0000000000000000  946e2557b1056391    200     0      0        0      0    0(0)    200(1)     0     0
  16  4c0c139432b57560  0000000000000000  946e2557b1056391    200     0      0        0      0    0(0)    200(1)     0     0
  17  e1c296fdffbc047c  0000000000000000  946e2557b1056391    200     0      0        0      0    0(0)    200(1)     0     0
  18  2f5743fe05777296  0000000000000000  946e2557b1056391    200     0      0        0      0    0(0)    200(1)     0     0
  19  9e6ff09fd71b9ae3  0000000000000000  946e2557b1056391    200     0      0        0      0    0(0)    200(1)     0     0
  20  f84c83aecd2b2ca7  0000000000000000  946e2557b1056391    200     0      0        0      0    0(0)    200(1)     0     0
  21  6a45765926ce0dd0  0000000000000000  946e2557b1056391    200     0      0        0      0    0(0)    200(1)     0     0
  22  5ffdba55d39752d4  0000000000000000  946e2557b1056391    200     0      0        0      0    0(0)    200(1)     0     0
  23  f99f8e009ef718c2  0000000000000000  946e2557b1056391    200     0      0        0      0    0(0)    200(1)     0     0
  24  2a156ffab30907ad  0000000000000000  946e2557b1056391    200     0      0        0      0    0(0)    200(1)     0     0
  25  4406de9c52eae18c  0000000000000000  946e2557b1056391    200     0      0        0      0    0(0)    200(1)     0     0
  26  beacc4431b5e4931  0000000000000000  946e2557b1056391    200     0      0        0      0    0(0)    200(1)     0     0
  27  67aff4e84ac456e8  0000000000000000  946e2557b1056391    200     0      0        0      0    0(0)    200(1)     0     0
  28  aee8f60d31db6ff1  0000000000000000  946e2557b1056391    200     0      0        0      0    0(0)    200(1)     0     0
  29  4b238a81758c08f1  0000000000000000  946e2557b1056391    200     0      0        0      0    0(0)    200(1)     0     0
  30  0399657969d48a6a  0000000000000000  946e2557b1056391    200     0      0        0      0    0(0)    200(1)     0     0
  31  b9a532ad46c1ce8a  0000000000000000  946e2557b1056391    200     0      0        0      0    0(0)    200(1)     0     0
  32  4cfca377601d3d51  0000000000000000  946e2557b1056391    200     0      0        0      0    0(0)    200(1)     0     0
  33  c5ceb5d30dcc4301  0000000000000000  946e2557b1056391    200     0      0        0      0    0(0)    200(1)     0     0
  34  39445bed9b375c45  0000000000000000  946e2557b1056391    200     0      0        0      0    0(0)    200(1)     0     0
  35  60d440d51be6a1cc  0000000000000000  946e2557b1056391    200     0      0        0      0    0(0)    200(1)     0     0
  36  075ebe0562c534f1  0000000000000000  946e2557b1056391    200     0      0        0      0    0(0)    200(1)     0     0
  37  91ecf13f73bde7ac  0000000000000000  946e2557b1056391    200     0      0        0      0    0(0)    200(1)     0     0
  38  c0a139aba98980ee  0000000000000000  946e2557b1056391    200     0      0        0      0    0(0)    200(1)     0     0
  39  4a16935222eb8acb  0000000000000000  946e2557b1056391    200     0      0        0      0    0(0)    200(1)     0     0
  40  62b62223ec9f4936  0000000000000000  946e2557b1056391    200     0      0        0      0    0(0)    200(1)     0     0
  41  9fd26f5951f2fe6b  0000000000000000  946e2557b1056391    200     0      0        0      0    0(0)    200(1)     0     0
  42  0452e9e55d532828  0000000000000000  946e2557b1056391    200     0      0        0      0    0(0)    200(1)     0     0
  43  aad40e57fa27b549  0000000000000000  946e2557b1056391    200     0      0        0      0    0(0)    200(1)     0     0
  44  c587e89c758558ee  0000000000000000  946e2557b1056391    200     0      0        0      0    0(0)    200(1)     0     0
  45  1d61fd6eb7f02abc  c86a37999af9ad86  8df6602fa9e08fbe    200    17     17        1      4    1(0)    200(1)     0     0
  46  69be09bcefddd0ee  3eb42112d416c28a  c19cf2e7d18f4f98    200    25     25       22     88    1(0)    200(1)     0     0
  47  0d3772a3b9582f74  dd03dcd35b9731be  24de125d4de69634    200    29     29       24     96    3(0)    200(1)     0     0
  48  af5f28ab7c681b97  4d9801e7cf3dc8e5  cbb0fa104baef2f9    200    44     44       30    119    4(0)    200(1)     0     0
  49  29f8a9b612348216  a22a9166159cca47  2735d9ec930adafa    200    53     53       44    172    4(0)    194(2)     0     0
  50  5e3dfe4ca23d7f0c  1e12f19b487f925e  d0a689a8962c8685    200    63     63       50    198    4(0)    181(2)     0     0
  51  f60021c16eeee522  4143f6b47c549cbc  70edd63a50d02b6d    200    76     76       54    210    4(0)    175(4)     0     0
  52  975dfd652b9e5d3b  ec9127a46032c404  99192f5fe1ee9c78    200    89     89       66    257    4(0)    169(4)     0     0
  53  e36c1005a70f60f7  8f543afd77b01646  5958a63ed9b49455    200    94     94       77    302    5(0)    158(3)     0     0
  54  5ec03fa6ea9d9cad  e1da034604d9e2a6  1df1cff717002800    200   114    114       81    323    6(0)    149(4)     0     0
  55  6fbeb7a655a4472d  07b47852db946916  10e22ee29aea36f0    200   127    127       95    378    6(0)    145(4)     0     0
  56  d98152032f52db84  165582a9f9d427e6  a11414eeb1883627    200   141    141      105    416    6(0)    133(5)     0     0
  57  d83f20648c8290ad  459b480a4a435dcc  52b42f8eec0a61f2    200   164    164      111    436    7(0)    125(8)     0     0
  58  3a053ae433f46ebc  f2a857e62cf1ddb5  c7ba866a595a003d    200   181    181      122    485    7(0)    117(9)     0     0
  59  52cee0f8a6b35d3c  85730702ca2edf00  32686afdf2204dc3    200   204    204      132    515    8(0)    107(9)     0     0
  60  be3fdc67df5cdbaa  51fab954ae141c42  4f4d3d1cf60758cb    200   225    225      144    562    9(0)     99(10)     0     0
  61  afe71036bebcc679  d512f6f974d3e8e2  7d743d8235e44f58    200   248    248      153    599   11(0)     89(11)     0     0
  62  d821abe0b840c6ca  aafd6de323be05fa  b1ec876405e12290    200   279    279      158    623   11(0)     79(12)     0     0
  63  e36a485637f1b828  a85da6d43c4b5620  ac87e38604437369    200   305    305      169    662   12(0)     75(12)     0     0
  64  87227417f7c277e8  34a55072838f91b3  715873b2b8b6bf89    200   331    331      183    713   12(0)     63(20)     0     0
  65  61c32e5d8b0bfd28  1d1c2f8bac697a04  814275e8edb59146    200   354    354      195    760   12(0)     53(21)     0     0
  66  04565311fecb7c44  d72b9f77b4acc363  ddd0aeefba8e4251    200   385    385      210    821   13(0)     43(21)     0     0
  67  27e888afc536e20a  3818a7c8b044461a  95eef7bb6712438d    200   414    414      209    823   15(0)     29(27)     0     0
  68  d4e8c7677f3b92c8  fb9188f16e5c63cf  31a4af0df77bcee1    200   445    445      216    847   15(0)     31(27)     0     0
  69  7ee187d60e190c06  9278284aca12b25b  f41bc15f74d63556    200   475    475      219    861   14(0)     27(38)     0     0
  70  a6d03fca763e137b  18662fd2fb07eaf0  5a6b5403d423f33e    200   506    506      225    890   16(0)     26(53)     0     0
  71  b8804aa70f42f614  95391ebb0624e8e8  f0a16de4ebc9ea67    200   528    528      233    922   17(0)     23(58)     0     0
  72  fe6315c66acffd7a  0d2d16016a34c05a  2583c0a5da33cb58    200   558    558      234    917   17(0)     22(40)     0     0
  73  66046f38da70f7ff  404ffbd8ccb0a528  fce15b8fe1d3b0a2    200   585    585      231    912   17(0)     27(40)     0     0
  74  2ef86967cd67280b  a97e0aecca1c226e  0de03e8e18bd323d    200   615    615      230    901   18(0)     26(65)     0     0
  75  830dcf4239601c82  daa77f0355323f41  79eef68c71c63648    200   632    632      224    881   18(0)     32(64)     0     0
  76  19fbf660cbb7c56c  baf29e8a4c18dca2  24a6abbccdf31aa8    200   647    647      221    875   18(0)     35(101)     0     0
  77  eb5a88d80218dd53  3db3563bd45732c8  67e4d90918482f85    200   666    666      224    882   18(0)     38(125)     0     0
  78  8012d4b6d16f6770  8d4fc9e43ee8f437  0a9ce845f32eba51    200   684    684      237    928   18(0)     41(97)     0     0
  79  eb5d087264524053  a59dfdaba8234318  9ea323a0d498a1d5    200   694    694      244    954   18(0)     33(109)     0     0
  80  b22a66a9a4f3869b  37943eb8ac30e445  538206fd7bd0123c    200   708    708      248    957   18(0)     30(117)     0     0
  81  301db5b3924e3e63  1cef606161b1d9a8  44ce136c2bbf21f4    200   721    721      242    940   17(0)     26(120)     0     0
  82  b0ffdf9b68110a67  db0363da5f9a6b9a  3ef1d8298fae4748    200   748    748      243    933   18(0)     29(120)     0     0
  83  d725782e8e8fb3ac  ca96e57c84ce79d0  94e49e4b608336c0    200   766    766      245    947   18(0)     32(119)     0     0
  84  bf7701c5a25e855c  a06319956ae64451  f8269e36d5c9be03    200   802    802      256    994   17(0)     33(148)     0     0
  85  d464d9f0201a1c6a  9e3f45ec620f8dbb  2878c48009e1285d    200   804    804      261   1007   17(0)     27(156)     0     0
  86  e70d17e4bfece7f7  4efc1a9f0fc5f499  b4d2f2965c2d66c1    200   802    802      266   1023   19(0)     29(121)     0     0
  87  4660058dfa15e478  b43f240becb0b605  9243121df77b49b5    200   814    814      276   1055   19(0)     27(156)     0     0
  88  a160b3537bae9274  6a62b4092c59c849  dde1ead7b5a90166    200   822    822      283   1091   19(0)     26(157)     0     0
  89  94ede7caf2cb0952  8cc4f00012eb1cfc  ebd3144c51b5260c    200   815    815      293   1128   19(0)     25(150)     0     0
  90  1bc08d6a18dad942  47c5ef77e83b839f  f4561f4c3ba41fa3    200   847    847      306   1174   18(0)     22(160)     0     0
  91  92995aaf221c08c2  b7e4b50a66feded3  8e4f634ec3885331    200   856    856      304   1165   18(0)     22(151)     0     0
  92  2560312b5f447286  e395c6edef2784b0  4114b3d995e251b5    200   866    866      306   1180   20(0)     24(149)     0     0
  93  9409740c17c7764a  073d62bd1c5e2727  827b05abcb68630f    200   875    875      311   1192   21(0)     22(160)     0     0
  94  f12f835ebf1e5265  e21f85e1d2d52535  1dd49860bf4d18af    200   884    884      311   1191   21(0)     24(158)     0     0
  95  f662fe4eedd7dba9  abe490b660b8d334  a38388b87fb4d502    200   881    881      316   1211   21(0)     26(156)     0     0
  96  1b4a41c280af3861  0bfdef42a325bf05  40b304cfbd00959c    200   889    889      320   1217   20(0)     26(145)     0     0
  97  7fde1c9b9afaee26  de407084a9217d02  9ce6d1ab53ad80b3    200   891    891      323   1231   20(0)     23(159)     0     0
  98  44c869ac64c70056  09c8979b68324187  488440778014aca7    200   902    902      329   1246   20(0)     21(161)     0     0
  99  6eb3204ce6e5a12b  18ec25979d34f59f  5b4f7feb9bb15049    200   902    902      336   1284   20(0)     19(155)     0     0
 100  7d10fad4875a3fe7  135c3aca94cff800  884d1011893dffd2    200   916    916      334   1271   22(0)     18(157)     0     0
 101  75d6af51ecdcbca2  bfc5ca908e52ac77  03949c75f2ebf15b    200   922    922      329   1260   21(0)     17(151)     0     0
 102  69ee3402019ed9b4  8e8c5886ce756020  4efed3ee31c4986d    200   932    932      338   1295   20(0)     16(165)     0     0
 103  743dce0608130886  435ae12cf38b3cdb  06b01c5c39da7d8b    200   937    937      339   1299   20(0)     13(167)     0     0
 104  e33b5c833ec5abd5  8d035a17044a3588  8a2dd5c9292c7719    200   947    947      348   1326   20(0)     15(182)     0     0
 105  a72755e048c36064  6c320e6da4b8a43c  84273cc67ba1427c    200   956    956      352   1340   21(0)     11(186)     0     0
 106  a1f2b473da8f5051  629d964c24e3068a  78a1a8599cd90bdf    200   964    964      352   1339   21(0)     10(187)     0     0
 107  7a6fae5bae7b70da  61a071ea6b7b84b8  6980b84c2cb6d1a1    200   969    969      355   1357   21(0)      9(188)     0     0
 108  a5b938d8976a36fe  81659103a0b02794  b042a13a96b568be    200   975    975      357   1370   20(0)     10(188)     0     0
 109  33afbcc5bffefe55  29000b425ed2262f  18b03dd9874af186    200   972    972      359   1380   19(0)      9(189)     0     0
 110  80c68d4f9328f9bc  0a5a2237e895c03c  23da233e3b0e324d    200   974    974      355   1364   19(0)      8(190)     0     0
 111  fbec914dc81eeb74  561a4aa531fd94ef  ae8356531d8db039    200   975    975      361   1384   20(0)      9(189)     0     0
 112  4717c6dd5573a360  c89020a4ef9f32fd  a9bde63af34702a3    200   981    981      361   1387   20(0)      8(189)     0     0
 113  78fc35f442c091d3  955b1039ba8330c8  2f845ebd4a32a561    200   987    987      363   1382   20(0)      8(189)     0     0
 114  f96315533aa26fb0  cbc7f51a542d4465  db90ebffc9bfc53d    200   995    995      362   1380   21(0)      9(187)     0     0
 115  3211529e1068660a  2f829595c322d2cd  01acc94c5123f344    200  1003   1003      362   1379   20(0)     11(185)     0     0
 116  b2d07682772c64bc  76bf087c02e70f49  28e932c467c6ff35    200  1013   1013      360   1377   20(0)     12(183)     0     0
 117  5e61e95d45a3997a  6605f3682c4825ff  e9e8f6e1c197b058    200  1014   1014      363   1389   20(0)     12(182)     0     0
 118  ed4ab79efabef319  5f23b9c92594fc38  070af7e883fb50b2    200  1016   1016      364   1395   20(0)     11(182)     0     0
 119  abb86dd2803af975  e4c64ce222d3aa07  9116996a599d325a    200  1013   1013      368   1410   20(0)     12(180)     0     0
 120  7406f408e1ba409a  d0c9bdc4de1063db  69fcfccd2eb6e137    200  1019   1019      368   1408   20(0)     12(183)     0     0
 180  27396baaab401aee  3289ac81eb2d1665  b4a7d58d70a1a1fd    196  1166   1156      457   1735   22(0)      2(195)     0     0
 240  fc347885fd85eda6  6040189afda14a34  8f19ebaaee151c98    197  1168   1161      467   1762   22(0)      2(194)     0     0
 300  4b8eb67b7acb6da8  ecd6f3f00042c2b0  b33cb80e7584ea88      0  1168      0      467   1762    0(0)      0(0)     0     0
 360  4b8eb67b7acb6da8  ecd6f3f00042c2b0  b33cb80e7584ea88      0  1168      0      467   1762    0(0)      0(0)     0     0
 420  4b8eb67b7acb6da8  ecd6f3f00042c2b0  b33cb80e7584ea88      0  1168      0      467   1762    0(0)      0(0)     0     0
 480  4b8eb67b7acb6da8  ecd6f3f00042c2b0  b33cb80e7584ea88      0  1168      0      467   1762    0(0)      0(0)     0     0
 540  4b8eb67b7acb6da8  ecd6f3f00042c2b0  b33cb80e7584ea88      0  1168      0      467   1762    0(0)      0(0)     0     0
 600  4b8eb67b7acb6da8  ecd6f3f00042c2b0  b33cb80e7584ea88      0  1168      0      467   1762    0(0)      0(0)     0     0
 660  4b8eb67b7acb6da8  ecd6f3f00042c2b0  b33cb80e7584ea88      0  1168      0      467   1762    0(0)      0(0)     0     0
 720  4b8eb67b7acb6da8  ecd6f3f00042c2b0  b33cb80e7584ea88      0  1168      0      467   1762    0(0)      0(0)     0     0
 780  4b8eb67b7acb6da8  ecd6f3f00042c2b0  b33cb80e7584ea88      0  1168      0      467   1762    0(0)      0(0)     0     0
 840  4b8eb67b7acb6da8  ecd6f3f00042c2b0  b33cb80e7584ea88      0  1168      0      467   1762    0(0)      0(0)     0     0
 900  4b8eb67b7acb6da8  ecd6f3f00042c2b0  b33cb80e7584ea88      0  1168      0      467   1762    0(0)      0(0)     0     0
 960  4b8eb67b7acb6da8  ecd6f3f00042c2b0  b33cb80e7584ea88      0  1168      0      467   1762    0(0)      0(0)     0     0
1020  4b8eb67b7acb6da8  ecd6f3f00042c2b0  b33cb80e7584ea88      0  1168      0      467   1762    0(0)      0(0)     0     0
1080  4b8eb67b7acb6da8  ecd6f3f00042c2b0  b33cb80e7584ea88      0  1168      0      467   1762    0(0)      0(0)     0     0
1140  4b8eb67b7acb6da8  ecd6f3f00042c2b0  b33cb80e7584ea88      0  1168      0      467   1762    0(0)      0(0)     0     0
1200  4b8eb67b7acb6da8  ecd6f3f00042c2b0  b33cb80e7584ea88      0  1168      0      467   1762    0(0)      0(0)     0     0
1260  4b8eb67b7acb6da8  ecd6f3f00042c2b0  b33cb80e7584ea88      0  1168      0      467   1762    0(0)      0(0)     0     0
1320  4b8eb67b7acb6da8  ecd6f3f00042c2b0  b33cb80e7584ea88      0  1168      0      467   1762    0(0)      0(0)     0     0
1380  4b8eb67b7acb6da8  ecd6f3f00042c2b0  b33cb80e7584ea88      0  1168      0      467   1762    0(0)      0(0)     0     0
1440  4b8eb67b7acb6da8  ecd6f3f00042c2b0  b33cb80e7584ea88      0  1168      0      467   1762    0(0)      0(0)     0     0
1500  4b8eb67b7acb6da8  ecd6f3f00042c2b0  b33cb80e7584ea88      0  1168      0      467   1762    0(0)      0(0)     0     0
1560  4b8eb67b7acb6da8  ecd6f3f00042c2b0  b33cb80e7584ea88      0  1168      0      467   1762    0(0)      0(0)     0     0
1620  4b8eb67b7acb6da8  ecd6f3f00042c2b0  b33cb80e7584ea88      0  1168      0      467   1762    0(0)      0(0)     0     0
1680  4b8eb67b7acb6da8  ecd6f3f00042c2b0  b33cb80e7584ea88      0  1168      0      467   1762    0(0)      0(0)     0     0
1740  4b8eb67b7acb6da8  ecd6f3f00042c2b0  b33cb80e7584ea88      0  1168      0      467   1762    0(0)      0(0)     0     0
1800  4b8eb67b7acb6da8  ecd6f3f00042c2b0  b33cb80e7584ea88      0  1168      0      467   1762    0(0)      0(0)     0     0
1860  4b8eb67b7acb6da8  ecd6f3f00042c2b0  b33cb80e7584ea88      0  1168      0      467   1762    0(0)      0(0)     0     0
1920  4b8eb67b7acb6da8  ecd6f3f00042c2b0  b33cb80e7584ea88      0  1168      0      467   1762    0(0)      0(0)     0     0
1980  4b8eb67b7acb6da8  ecd6f3f00042c2b0  b33cb80e7584ea88      0  1168      0      467   1762    0(0)      0(0)     0     0
2040  4b8eb67b7acb6da8  ecd6f3f00042c2b0  b33cb80e7584ea88      0  1168      0      467   1762    0(0)      0(0)     0     0
2100  4b8eb67b7acb6da8  ecd6f3f00042c2b0  b33cb80e7584ea88      0  1168      0      467   1762    0(0)      0(0)     0     0
2160  4b8eb67b7acb6da8  ecd6f3f00042c2b0  b33cb80e7584ea88      0  1168      0      467   1762    0(0)      0(0)     0     0
2220  4b8eb67b7acb6da8  ecd6f3f00042c2b0  b33cb80e7584ea88      0  1168      0      467   1762    0(0)      0(0)     0     0
2280  4b8eb67b7acb6da8  ecd6f3f00042c2b0  b33cb80e7584ea88      0  1168      0      467   1762    0(0)      0(0)     0     0
2340  4b8eb67b7acb6da8  ecd6f3f00042c2b0  b33cb80e7584ea88      0  1168      0      467   1762    0(0)      0(0)     0     0
2400  4b8eb67b7acb6da8  ecd6f3f00042c2b0  b33cb80e7584ea88      0  1168      0      467   1762    0(0)      0(0)     0     0
2460  4b8eb67b7acb6da8  ecd6f3f00042c2b0  b33cb80e7584ea88      0  1168      0      467   1762    0(0)      0(0)     0     0
2520  4b8eb67b7acb6da8  ecd6f3f00042c2b0  b33cb80e7584ea88      0  1168      0      467   1762    0(0)      0(0)     0     0
2580  4b8eb67b7acb6da8  ecd6f3f00042c2b0  b33cb80e7584ea88      0  1168      0      467   1762    0(0)      0(0)     0     0
2640  4b8eb67b7acb6da8  ecd6f3f00042c2b0  b33cb80e7584ea88      0  1168      0      467   1762    0(0)      0(0)     0     0
2700  4b8eb67b7acb6da8  ecd6f3f00042c2b0  b33cb80e7584ea88      0  1168      0      467   1762    0(0)      0(0)     0     0
2760  4b8eb67b7acb6da8  ecd6f3f00042c2b0  b33cb80e7584ea88      0  1168      0      467   1762    0(0)      0(0)     0     0
2820  4b8eb67b7acb6da8  ecd6f3f00042c2b0  b33cb80e7584ea88      0  1168      0      467   1762    0(0)      0(0)     0     0
2880  4b8eb67b7acb6da8  ecd6f3f00042c2b0  b33cb80e7584ea88      0  1168      0      467   1762    0(0)      0(0)     0     0
2940  4b8eb67b7acb6da8  ecd6f3f00042c2b0  b33cb80e7584ea88      0  1168      0      467   1762    0(0)      0(0)     0     0
3000  4b8eb67b7acb6da8  ecd6f3f00042c2b0  b33cb80e7584ea88      0  1168      0      467   1762    0(0)      0(0)     0     0
3060  4b8eb67b7acb6da8  ecd6f3f00042c2b0  b33cb80e7584ea88      0  1168      0      467   1762    0(0)      0(0)     0     0
3120  4b8eb67b7acb6da8  ecd6f3f00042c2b0  b33cb80e7584ea88      0  1168      0      467   1762    0(0)      0(0)     0     0
3180  4b8eb67b7acb6da8  ecd6f3f00042c2b0  b33cb80e7584ea88      0  1168      0      467   1762    0(0)      0(0)     0     0
3240  4b8eb67b7acb6da8  ecd6f3f00042c2b0  b33cb80e7584ea88      0  1168      0      467   1762    0(0)      0(0)     0     0
3300  4b8eb67b7acb6da8  ecd6f3f00042c2b0  b33cb80e7584ea88      0  1168      0      467   1762    0(0)      0(0)     0     0
3360  4b8eb67b7acb6da8  ecd6f3f00042c2b0  b33cb80e7584ea88      0  1168      0      467   1762    0(0)      0(0)     0     0
3420  4b8eb67b7acb6da8  ecd6f3f00042c2b0  b33cb80e7584ea88      0  1168      0      467   1762    0(0)      0(0)     0     0
3480  4b8eb67b7acb6da8  ecd6f3f00042c2b0  b33cb80e7584ea88      0  1168      0      467   1762    0(0)      0(0)     0     0
3540  4b8eb67b7acb6da8  ecd6f3f00042c2b0  b33cb80e7584ea88      0  1168      0      467   1762    0(0)      0(0)     0     0
3600  4b8eb67b7acb6da8  ecd6f3f00042c2b0  b33cb80e7584ea88      0  1168      0      467   1762    0(0)      0(0)     0     0
threads 1: 0.509 ms/tick, saturations 0, floating-point sentinel clean; per-tick hashes (reference)
threads 8: 0.247 ms/tick, saturations 0, floating-point sentinel clean; per-tick hashes identical
solve: every dynamic body asleep from tick 273; deepest point -0.181355 m (tick 63, bodies 136 161), at rest (the 60 ticks before every body sleeps, or the last 60) -0.0169789 m (tick 225, bodies 22 47); at most 305 dispatches a tick
rest: after tick 3600, over every touching pair (sleeping ones too): deepest point -0.0169723 m (bodies 22 47), 467 touching pairs
toy D pile200: run hash 2e14bb558da7d251, final bodies 4b8eb67b7acb6da8 manifolds ecd6f3f00042c2b0 stages b33cb80e7584ea88, threads agree, saturations 0 (twin: gcc 13.3.0, aarch64, contraction off)
