toy pile200, dialect V4, 3600 ticks, threads 1 8; gravity 10, sleep on, contact recycling on
twin: gcc 13.3.0, aarch64, contraction off
layout sizes C/twin: Hull 68/68 HullFace 24/24 BodyState 60/60 BodyPose 40/40 BodyMass 80/80 Aabb 32/32 Params 184/184 Hash2 8/8 V3 12/12 Pair 24/24 Manifold 348/348 SatAxis 72/72 NarrowDiag 64/64 Constraint 460/460
scene pile200 (seed 3): 205 bodies (5 static), 203 hulls (40 irregular chunks, 15 redrawn), largest hull 14 vertices 9 faces 42 half-edges; mass 4.415 to 55.66 kg; quantisation range errors 0
  hull 0 (box 12 x 1 x 12 m): volume 144 (8abc 144), Ixx/density 1740 (V(b^2+c^2)/3 1740), Ixy -0
traj /home/consulear/lpf-m11/lab/gpu/results/spark-gb10/toy/sanity_V4.pile200-s3.traj: 3601 records of 205 bodies, every 1 ticks
tick  bodies-hash       manifolds-hash    stages-hash       awake pairs active touching points colours(ovf) islands(largest) slept woken
   1  e26402a375049ec9  9dd3b5ab22169822  d37ccdf1dd0946f7    200     1      1        0      0    1(0)    200(1)     0     0
   2  e3fb0feca2ae90c7  fada67091ab33552  73068704d936a44b    200     1      1        0      0    1(0)    200(1)     0     0
   3  29f66d46a886a871  fada67091ab33552  73068704d936a44b    200     1      1        0      0    1(0)    200(1)     0     0
   4  17da5a88c2531009  fada67091ab33552  73068704d936a44b    200     1      1        0      0    1(0)    200(1)     0     0
   5  974177f5f0231400  fada67091ab33552  73068704d936a44b    200     1      1        0      0    1(0)    200(1)     0     0
   6  54f70a5ce5eb1ffe  fada67091ab33552  73068704d936a44b    200     1      1        0      0    1(0)    200(1)     0     0
   7  5bbe1dc499247cf4  fada67091ab33552  73068704d936a44b    200     1      1        0      0    1(0)    200(1)     0     0
   8  59b93abc712b67ee  fada67091ab33552  73068704d936a44b    200     1      1        0      0    1(0)    200(1)     0     0
   9  3e2c17040417db0d  fada67091ab33552  73068704d936a44b    200     1      1        0      0    1(0)    200(1)     0     0
  10  ff7d03d392cb9ff6  fada67091ab33552  73068704d936a44b    200     1      1        0      0    1(0)    200(1)     0     0
  11  9a21c63ff7bccce2  fada67091ab33552  73068704d936a44b    200     1      1        0      0    1(0)    200(1)     0     0
  12  0dbdf7789218141b  fada67091ab33552  73068704d936a44b    200     1      1        0      0    1(0)    200(1)     0     0
  13  142f7b9f53569152  fada67091ab33552  73068704d936a44b    200     1      1        0      0    1(0)    200(1)     0     0
  14  aad1bacb55ad88d0  fada67091ab33552  73068704d936a44b    200     1      1        0      0    1(0)    200(1)     0     0
  15  f6f7632668fbb0ab  fada67091ab33552  73068704d936a44b    200     1      1        0      0    1(0)    200(1)     0     0
  16  678337752663773d  fada67091ab33552  73068704d936a44b    200     1      1        0      0    1(0)    200(1)     0     0
  17  e533078b7b7fe415  fada67091ab33552  73068704d936a44b    200     1      1        0      0    1(0)    200(1)     0     0
  18  55839a76cb2b9ad2  fada67091ab33552  73068704d936a44b    200     1      1        0      0    1(0)    200(1)     0     0
  19  c3f1c81f7c00e932  9dd3b5ab22169822  73068704d936a44b    200     1      1        0      0    1(0)    200(1)     0     0
  20  c6d26e9b04c90818  9dd3b5ab22169822  73068704d936a44b    200     1      1        0      0    1(0)    200(1)     0     0
  21  9ce1f3eac0716891  9dd3b5ab22169822  73068704d936a44b    200     1      1        0      0    1(0)    200(1)     0     0
  22  36ea5a225cc71f6c  9dd3b5ab22169822  73068704d936a44b    200     1      1        0      0    1(0)    200(1)     0     0
  23  041e4d766d107608  9dd3b5ab22169822  73068704d936a44b    200     1      1        0      0    1(0)    200(1)     0     0
  24  c8da213c15260517  9dd3b5ab22169822  73068704d936a44b    200     1      1        0      0    1(0)    200(1)     0     0
  25  74db9f170ee09ad5  9dd3b5ab22169822  73068704d936a44b    200     1      1        0      0    1(0)    200(1)     0     0
  26  2ff99ed1aedd1353  9dd3b5ab22169822  73068704d936a44b    200     1      1        0      0    1(0)    200(1)     0     0
  27  0b4fd15959528311  9dd3b5ab22169822  73068704d936a44b    200     1      1        0      0    1(0)    200(1)     0     0
  28  484a1a791a33dc94  9dd3b5ab22169822  73068704d936a44b    200     1      1        0      0    1(0)    200(1)     0     0
  29  dca01a658b4fb7cd  9dd3b5ab22169822  73068704d936a44b    200     1      1        0      0    1(0)    200(1)     0     0
  30  e1245b74c297137c  9dd3b5ab22169822  73068704d936a44b    200     1      1        0      0    1(0)    200(1)     0     0
  31  1dbe7386dcb037d0  9dd3b5ab22169822  73068704d936a44b    200     1      1        0      0    1(0)    200(1)     0     0
  32  db458466d5a0fa74  9dd3b5ab22169822  73068704d936a44b    200     1      1        0      0    1(0)    200(1)     0     0
  33  72eb6b971c0a5e66  9dd3b5ab22169822  73068704d936a44b    200     1      1        0      0    1(0)    200(1)     0     0
  34  08ceab8cca5055ce  9dd3b5ab22169822  73068704d936a44b    200     1      1        0      0    1(0)    200(1)     0     0
  35  51dcc36021d3b661  9dd3b5ab22169822  73068704d936a44b    200     1      1        0      0    1(0)    200(1)     0     0
  36  a41195162d33f919  9dd3b5ab22169822  73068704d936a44b    200     1      1        0      0    1(0)    200(1)     0     0
  37  ec2f010f400d157c  9dd3b5ab22169822  73068704d936a44b    200     1      1        0      0    1(0)    200(1)     0     0
  38  c3b74f1129ffe228  9dd3b5ab22169822  73068704d936a44b    200     1      1        0      0    1(0)    200(1)     0     0
  39  592901f387865e08  9dd3b5ab22169822  73068704d936a44b    200     1      1        0      0    1(0)    200(1)     0     0
  40  3df3b26df670a44d  9dd3b5ab22169822  73068704d936a44b    200     1      1        0      0    1(0)    200(1)     0     0
  41  4e934173101bf8d1  9dd3b5ab22169822  73068704d936a44b    200     1      1        0      0    1(0)    200(1)     0     0
  42  31edd8641b10b29d  9dd3b5ab22169822  73068704d936a44b    200     1      1        0      0    1(0)    200(1)     0     0
  43  712bd0ded6e60c84  9dd3b5ab22169822  73068704d936a44b    200     1      1        0      0    1(0)    200(1)     0     0
  44  b5e542c7c2d9c447  99418191717734f4  e138e6f06bd47af0    200     3      3        0      0    1(0)    200(1)     0     0
  45  e9905b51a283a67c  c5c672259b5d086d  d7d53cefd3631100    200    18     18        2      8    1(0)    200(1)     0     0
  46  9263bbe2fc7214b0  372d3557631aeb93  a287eaf14da04b07    200    26     26       25     99    1(0)    200(1)     0     0
  47  264849b51b4de815  8df26af14a836625  47e53f44fc764963    200    32     32       24     96    2(0)    200(1)     0     0
  48  f9d75fff96b3cc9a  c30be0a439657939  f4ad3c7c74cd3b18    200    48     48       27    105    3(0)    200(1)     0     0
  49  726bd0cf8603fd89  9eef5e8cb8c6580a  4f6f3f20544501b5    200    57     57       43    165    4(0)    194(2)     0     0
  50  332be3c65b6a95ce  60c35895d9d19fbc  09fc191554995586    200    65     65       49    192    4(0)    180(2)     0     0
  51  b9ce92c97f1ef071  68d0e3acc73e5c99  29076742f808e486    200    81     81       54    210    5(0)    173(3)     0     0
  52  023d9be29576171e  640a80d386e4a46a  4de369a7377a321a    200    91     91       67    262    5(0)    170(3)     0     0
  53  4e379ebcb800c1dd  55a944d4165aa352  942990bcc176893c    200   106    106       74    292    6(0)    160(4)     0     0
  54  1c90e64a1368957a  caedcd0ee8fafff4  4f6fd3b6e74a3494    200   125    125       84    332    9(0)    152(4)     0     0
  55  e59bb092431b8c06  521c678a0a38b14f  11ed0020c47a732d    200   139    139       94    371    9(0)    146(4)     0     0
  56  11e4a1e3dd399d6c  1c1e66c30316f81e  2e79a9072aa4453a    200   153    153       99    391    9(0)    138(5)     0     0
  57  166f8d45b5930d25  93e38102b53dc308  9ce83ddffbdb928c    200   181    181      112    442   11(0)    131(5)     0     0
  58  c8a18e05998224cd  da5594c91a498dad  eab68ef9df233850    200   204    204      122    481   11(0)    120(9)     0     0
  59  23adb4dd5b2a6340  3cea8d4e4318330d  d672dd0699fa5cdb    200   216    216      129    502   10(0)    112(11)     0     0
  60  630903251efa8322  538de548ced7a9d7  50e410b35ad61d08    200   233    233      142    556    9(0)    106(11)     0     0
  61  17522cc6cd8bb270  b7a996fbde916f21  377fdf0a1bd3fa16    200   261    261      146    573    9(0)     94(12)     0     0
  62  af2aa00c15d03cdf  343c60cfeaeda386  92f87504c5760197    200   291    291      162    635   10(0)     88(12)     0     0
  63  787e61197616271e  2d71267dc48597e4  3befbb1c2a78743a    200   335    335      172    670   14(0)     74(18)     0     0
  64  77f9889512352f3d  64f62a9af2bf9a64  1db660acaada27c6    200   377    377      179    701   13(0)     66(14)     0     0
  65  38c81e15ace8c99c  b2dec35a7be0b75e  321d528aec3d8601    200   424    424      191    755   14(0)     59(14)     0     0
  66  75f0ec18273e35d2  66059509d1112afc  77166647f565fd9c    200   464    464      212    831   15(0)     49(15)     0     0
  67  b9152584a02e6d1b  37c8bf3467582c86  cd2e28b4dc8820f4    200   514    514      213    833   14(0)     35(24)     0     0
  68  f622a6f74f2503da  a46181e17425653c  52b47ea2422c5858    200   559    559      214    831   16(0)     35(27)     0     0
  69  e0c9a792ca8b1e7e  e17468848fb983fc  0dc51eaeefadea5a    200   605    605      228    884   18(0)     34(31)     0     0
  70  90c8d880bc32a852  39414708bcc9fa87  a7dcf1dec3ccdb7a    200   626    626      237    925   18(0)     26(59)     0     0
  71  53b440af43c780cb  862e43f19e28f609  a5bad2d884d0cd16    200   652    652      249    973   16(0)     25(70)     0     0
  72  4283d9402ba6cfb8  ae9dbe28de56c1a3  7006878a77cdaf4b    200   692    692      248    967   17(0)     24(70)     0     0
  73  3ed3d2b373416cc9  0c803b8c4a7d6843  3c37984ae77656e6    200   717    717      256    987   17(0)     23(41)     0     0
  74  c1d9dda8fdf61947  39983783103e8ff0  ec5c19a3d20a05d0    200   733    733      260   1007   17(0)     21(48)     0     0
  75  915a6d2e34c3da7e  60609956f700fb75  c8146ba045cb3bf6    200   752    752      263   1029   18(0)     24(106)     0     0
  76  5a51e5278da63cf0  12ff4d14c780136b  60970ca125b4b63a    200   758    758      257   1006   18(0)     25(130)     0     0
  77  416623b79a2e21f6  1d05f20687810c8b  226eddc76956d716    200   776    776      265   1039   18(0)     28(147)     0     0
  78  4f1afaf40acec793  817617ab9108f2de  176faf3162bb8559    200   787    787      269   1052   20(0)     30(80)     0     0
  79  29430acc7b9baadb  cfda701530d6adbd  eb97afdda80c96a1    200   800    800      271   1054   19(0)     26(158)     0     0
  80  b27aad9e08075669  daf5fc7dbb24d814  a28dd2792e895d73    200   805    805      278   1077   19(0)     25(83)     0     0
  81  221507674a289ee0  82e31ce5c4a09bc3  c6088c38f1f7e4df    200   816    816      296   1136   18(0)     22(92)     0     0
  82  0520774506d32268  86710caa4900532c  65b98d71103b66e6    200   825    825      310   1192   19(0)     22(170)     0     0
  83  4db191f8caceeb65  56afe16733384520  64e2b5e6e5c4bff7    200   841    841      313   1207   20(0)     20(171)     0     0
  84  72c3c08cc386e5b6  876a689aa705b8ca  f2f3a2c619c73525    200   842    842      322   1235   20(0)     21(171)     0     0
  85  4ac4ba462006f65c  aaa243de6de4b3da  f49232f53867bff9    200   842    842      328   1258   20(0)     19(170)     0     0
  86  ddef498ecea2383a  d7953fd81dd41186  8f476380b02a9dbf    200   852    852      319   1229   21(0)     22(168)     0     0
  87  dd4687a0e05d2fc0  48bd2f6e08572101  a0211631d3dde712    200   863    863      322   1240   22(0)     23(155)     0     0
  88  316efd0c37fdf726  dec0795af2f9ff59  ed8836770cca6317    200   868    868      328   1249   22(0)     22(156)     0     0
  89  4bf786222fff3e40  d5421cfd32c0b682  c96433357149b239    200   888    888      330   1254   21(0)     17(172)     0     0
  90  6511c311550ea734  e71f395dc2958d66  375b456f6dc53059    200   892    892      338   1288   22(0)     16(174)     0     0
  91  b57326123b28657f  c784287cc9b1ef25  11d3da69f3749e8f    200   903    903      341   1301   22(0)     16(184)     0     0
  92  86c7a4b3f03728f0  07e159da011c5c13  8b08d4553cac14e1    200   911    911      339   1297   21(0)     16(184)     0     0
  93  ff332dcfbc21f184  08c2af6d24bf0fd8  33efaeb617714667    200   925    925      340   1308   21(0)     15(185)     0     0
  94  b5ac8f5a99e647b2  753e9c22e730a96e  34b4c65eef5df7d3    200   931    931      346   1326   21(0)     15(185)     0     0
  95  65041b10f11c64e4  03943c928ff6067f  21bf6f258053e913    200   941    941      349   1335   20(0)     14(186)     0     0
  96  3ce6220d26f09865  722f28f746b740ac  896a085fec561316    200   955    955      355   1353   20(0)     14(186)     0     0
  97  b4f214c67ba37254  f3864fb5e2ecf7df  f8fc3261610c43bd    200   966    966      359   1362   20(0)     12(188)     0     0
  98  816283d1b6732f0b  7ccfc99b758c2e84  ef15f3f9755d3b2f    200   982    982      366   1383   20(0)     10(190)     0     0
  99  6c0e43f7380e0658  61fe6709e3ad0805  1bc48359a088a68c    200   986    986      372   1416   20(0)     10(191)     0     0
 100  fb4304c8a4345fa6  842ae3ab68c103d9  adbd00115f42581a    200   990    990      367   1407   20(0)     10(191)     0     0
 101  cb9299a27ecc6f47  688039f521fce295  32104f08facc7cbb    200   991    991      373   1427   21(0)     12(189)     0     0
 102  e596d66621f32d55  cc628d3235767a13  5d28c49d7b2da542    200   999    999      371   1416   21(0)     12(189)     0     0
 103  8d03e8eaa8e4b615  2f306d98e9676b59  2b7929ca64773f14    200  1005   1005      370   1409   21(0)     14(186)     0     0
 104  253fcb2888a9f22e  952bce2c2b223045  f4b7687121fa2899    200  1006   1006      376   1427   20(0)     11(190)     0     0
 105  23636db1c12dfd78  1a2cc466ce1c5427  e4e92b375d75a97e    200  1021   1021      381   1453   20(0)     10(191)     0     0
 106  e8559763c0618790  8b885685c53caeba  1fc2d00a877cac1b    200  1022   1022      381   1457   20(0)     10(191)     0     0
 107  9e8a031bcf1ae021  665d25ef4272418b  824652cd3f0e15c7    200  1024   1024      383   1455   21(0)      9(192)     0     0
 108  adc3fc147173fecd  be8d4735cc3b1de8  f5e13292c05105af    200  1026   1026      382   1448   21(0)      7(194)     0     0
 109  553aef9d3bd360c1  c11b31aac733a88d  836b7d81e6c2eb0e    200  1030   1030      387   1472   21(0)      8(193)     0     0
 110  886165df858c7647  5d1df63aead588ef  1f1987233fb08c15    200  1043   1043      391   1485   21(0)      8(193)     0     0
 111  a990ee7be55fbe18  1c8b811426881420  2262f082d25a007a    199  1040   1038      396   1509   20(0)      6(194)     1     0
 112  8617e3951bb7e780  d4704f4f58c4bd7d  e3450421b90dfc79    200  1048   1048      401   1531   21(0)      6(195)     0     1
 113  0e5df33172dd3e28  dc1064409ee8b6de  7879549bb05e506b    200  1058   1058      404   1545   21(0)      5(196)     0     0
 114  2f50c6f1dbe60c60  a7b249c383db57e5  eeaa4cb867213f3f    200  1065   1065      408   1558   21(0)      5(196)     0     0
 115  c26241ac7c3534b3  8a23763f528b7829  fc619742a969c01a    200  1070   1070      412   1568   21(0)      3(198)     0     0
 116  b000147ed8d605c0  af59f9dafbbd0f0e  1153090aa0ddca72    200  1069   1069      415   1578   21(0)      2(199)     0     0
 117  3ab7e94f0743f99f  9a84828d6297ba04  6ffed3749d3e09d7    200  1067   1067      420   1600   21(0)      4(197)     0     0
 118  7673015ce3dcc510  8a1e889025be34c4  097bf8d74025fd60    200  1066   1066      419   1602   21(0)      3(198)     0     0
 119  fd71ffab8bfcca4f  7e85ca95f657a735  e6dd42a7ad9c448b    200  1077   1077      417   1591   22(0)      3(198)     0     0
 120  083c0ce70fd1d297  d39da39406915c6b  2ffc90ce101a2dfa    200  1076   1076      419   1597   22(0)      3(198)     0     0
 180  9ff84402e4900887  148882365e18d371  75bdf09389afe732    198  1186   1182      478   1812   22(0)      2(197)     0     0
 240  9bb55825787582f1  cdb566d230bcc2bd  abd1515c4bce36c4    198  1219   1216      485   1842   23(0)      1(198)     0     0
 300  e089814bece2a183  f6f1e48746e6a940  013c19c6ee83aef5    198  1220   1217      489   1857   23(0)      1(198)     0     0
 360  14667a0821db65b8  9389acfc5322101d  5c9b5449f601a388      0  1220      0      489   1857    0(0)      0(0)     0     0
 420  14667a0821db65b8  9389acfc5322101d  5c9b5449f601a388      0  1220      0      489   1857    0(0)      0(0)     0     0
 480  14667a0821db65b8  9389acfc5322101d  5c9b5449f601a388      0  1220      0      489   1857    0(0)      0(0)     0     0
 540  14667a0821db65b8  9389acfc5322101d  5c9b5449f601a388      0  1220      0      489   1857    0(0)      0(0)     0     0
 600  14667a0821db65b8  9389acfc5322101d  5c9b5449f601a388      0  1220      0      489   1857    0(0)      0(0)     0     0
 660  14667a0821db65b8  9389acfc5322101d  5c9b5449f601a388      0  1220      0      489   1857    0(0)      0(0)     0     0
 720  14667a0821db65b8  9389acfc5322101d  5c9b5449f601a388      0  1220      0      489   1857    0(0)      0(0)     0     0
 780  14667a0821db65b8  9389acfc5322101d  5c9b5449f601a388      0  1220      0      489   1857    0(0)      0(0)     0     0
 840  14667a0821db65b8  9389acfc5322101d  5c9b5449f601a388      0  1220      0      489   1857    0(0)      0(0)     0     0
 900  14667a0821db65b8  9389acfc5322101d  5c9b5449f601a388      0  1220      0      489   1857    0(0)      0(0)     0     0
 960  14667a0821db65b8  9389acfc5322101d  5c9b5449f601a388      0  1220      0      489   1857    0(0)      0(0)     0     0
1020  14667a0821db65b8  9389acfc5322101d  5c9b5449f601a388      0  1220      0      489   1857    0(0)      0(0)     0     0
1080  14667a0821db65b8  9389acfc5322101d  5c9b5449f601a388      0  1220      0      489   1857    0(0)      0(0)     0     0
1140  14667a0821db65b8  9389acfc5322101d  5c9b5449f601a388      0  1220      0      489   1857    0(0)      0(0)     0     0
1200  14667a0821db65b8  9389acfc5322101d  5c9b5449f601a388      0  1220      0      489   1857    0(0)      0(0)     0     0
1260  14667a0821db65b8  9389acfc5322101d  5c9b5449f601a388      0  1220      0      489   1857    0(0)      0(0)     0     0
1320  14667a0821db65b8  9389acfc5322101d  5c9b5449f601a388      0  1220      0      489   1857    0(0)      0(0)     0     0
1380  14667a0821db65b8  9389acfc5322101d  5c9b5449f601a388      0  1220      0      489   1857    0(0)      0(0)     0     0
1440  14667a0821db65b8  9389acfc5322101d  5c9b5449f601a388      0  1220      0      489   1857    0(0)      0(0)     0     0
1500  14667a0821db65b8  9389acfc5322101d  5c9b5449f601a388      0  1220      0      489   1857    0(0)      0(0)     0     0
1560  14667a0821db65b8  9389acfc5322101d  5c9b5449f601a388      0  1220      0      489   1857    0(0)      0(0)     0     0
1620  14667a0821db65b8  9389acfc5322101d  5c9b5449f601a388      0  1220      0      489   1857    0(0)      0(0)     0     0
1680  14667a0821db65b8  9389acfc5322101d  5c9b5449f601a388      0  1220      0      489   1857    0(0)      0(0)     0     0
1740  14667a0821db65b8  9389acfc5322101d  5c9b5449f601a388      0  1220      0      489   1857    0(0)      0(0)     0     0
1800  14667a0821db65b8  9389acfc5322101d  5c9b5449f601a388      0  1220      0      489   1857    0(0)      0(0)     0     0
1860  14667a0821db65b8  9389acfc5322101d  5c9b5449f601a388      0  1220      0      489   1857    0(0)      0(0)     0     0
1920  14667a0821db65b8  9389acfc5322101d  5c9b5449f601a388      0  1220      0      489   1857    0(0)      0(0)     0     0
1980  14667a0821db65b8  9389acfc5322101d  5c9b5449f601a388      0  1220      0      489   1857    0(0)      0(0)     0     0
2040  14667a0821db65b8  9389acfc5322101d  5c9b5449f601a388      0  1220      0      489   1857    0(0)      0(0)     0     0
2100  14667a0821db65b8  9389acfc5322101d  5c9b5449f601a388      0  1220      0      489   1857    0(0)      0(0)     0     0
2160  14667a0821db65b8  9389acfc5322101d  5c9b5449f601a388      0  1220      0      489   1857    0(0)      0(0)     0     0
2220  14667a0821db65b8  9389acfc5322101d  5c9b5449f601a388      0  1220      0      489   1857    0(0)      0(0)     0     0
2280  14667a0821db65b8  9389acfc5322101d  5c9b5449f601a388      0  1220      0      489   1857    0(0)      0(0)     0     0
2340  14667a0821db65b8  9389acfc5322101d  5c9b5449f601a388      0  1220      0      489   1857    0(0)      0(0)     0     0
2400  14667a0821db65b8  9389acfc5322101d  5c9b5449f601a388      0  1220      0      489   1857    0(0)      0(0)     0     0
2460  14667a0821db65b8  9389acfc5322101d  5c9b5449f601a388      0  1220      0      489   1857    0(0)      0(0)     0     0
2520  14667a0821db65b8  9389acfc5322101d  5c9b5449f601a388      0  1220      0      489   1857    0(0)      0(0)     0     0
2580  14667a0821db65b8  9389acfc5322101d  5c9b5449f601a388      0  1220      0      489   1857    0(0)      0(0)     0     0
2640  14667a0821db65b8  9389acfc5322101d  5c9b5449f601a388      0  1220      0      489   1857    0(0)      0(0)     0     0
2700  14667a0821db65b8  9389acfc5322101d  5c9b5449f601a388      0  1220      0      489   1857    0(0)      0(0)     0     0
2760  14667a0821db65b8  9389acfc5322101d  5c9b5449f601a388      0  1220      0      489   1857    0(0)      0(0)     0     0
2820  14667a0821db65b8  9389acfc5322101d  5c9b5449f601a388      0  1220      0      489   1857    0(0)      0(0)     0     0
2880  14667a0821db65b8  9389acfc5322101d  5c9b5449f601a388      0  1220      0      489   1857    0(0)      0(0)     0     0
2940  14667a0821db65b8  9389acfc5322101d  5c9b5449f601a388      0  1220      0      489   1857    0(0)      0(0)     0     0
3000  14667a0821db65b8  9389acfc5322101d  5c9b5449f601a388      0  1220      0      489   1857    0(0)      0(0)     0     0
3060  14667a0821db65b8  9389acfc5322101d  5c9b5449f601a388      0  1220      0      489   1857    0(0)      0(0)     0     0
3120  14667a0821db65b8  9389acfc5322101d  5c9b5449f601a388      0  1220      0      489   1857    0(0)      0(0)     0     0
3180  14667a0821db65b8  9389acfc5322101d  5c9b5449f601a388      0  1220      0      489   1857    0(0)      0(0)     0     0
3240  14667a0821db65b8  9389acfc5322101d  5c9b5449f601a388      0  1220      0      489   1857    0(0)      0(0)     0     0
3300  14667a0821db65b8  9389acfc5322101d  5c9b5449f601a388      0  1220      0      489   1857    0(0)      0(0)     0     0
3360  14667a0821db65b8  9389acfc5322101d  5c9b5449f601a388      0  1220      0      489   1857    0(0)      0(0)     0     0
3420  14667a0821db65b8  9389acfc5322101d  5c9b5449f601a388      0  1220      0      489   1857    0(0)      0(0)     0     0
3480  14667a0821db65b8  9389acfc5322101d  5c9b5449f601a388      0  1220      0      489   1857    0(0)      0(0)     0     0
3540  14667a0821db65b8  9389acfc5322101d  5c9b5449f601a388      0  1220      0      489   1857    0(0)      0(0)     0     0
3600  14667a0821db65b8  9389acfc5322101d  5c9b5449f601a388      0  1220      0      489   1857    0(0)      0(0)     0     0
threads 1: 0.394 ms/tick, saturations 0, floating-point sentinel clean; per-tick hashes (reference)
threads 8: 0.261 ms/tick, saturations 0, floating-point sentinel clean; per-tick hashes identical
solve: every dynamic body asleep from tick 328; deepest point -0.175446 m (tick 63, bodies 124 149), at rest (the 60 ticks before every body sleeps, or the last 60) -0.00861764 m (tick 289, bodies 16 41); at most 304 dispatches a tick
rest: after tick 3600, over every touching pair (sleeping ones too): deepest point -0.00854659 m (bodies 16 41), 489 touching pairs
toy V4 pile200: run hash 63da34a066b27a3e, final bodies 14667a0821db65b8 manifolds 9389acfc5322101d stages 5c9b5449f601a388, threads agree, saturations 0 (twin: gcc 13.3.0, aarch64, contraction off)
