toy pile200, dialect F, 3600 ticks, threads 1 8; gravity 10, sleep on, contact recycling on
twin: gcc 13.3.0, aarch64, contraction off
layout sizes C/twin: Hull 68/68 HullFace 24/24 BodyState 60/60 BodyPose 28/28 BodyMass 80/80 Aabb 32/32 Params 184/184 Hash2 8/8 V3 12/12 Pair 24/24 Manifold 348/348 SatAxis 72/72 NarrowDiag 64/64 Constraint 460/460
scene pile200 (seed 7): 205 bodies (5 static), 203 hulls (40 irregular chunks, 24 redrawn), largest hull 14 vertices 9 faces 42 half-edges; mass 7.387 to 54.95 kg; quantisation range errors 0
  hull 0 (box 12 x 1 x 12 m): volume 144 (8abc 144), Ixx/density 1740 (V(b^2+c^2)/3 1740), Ixy -0
traj /home/consulear/lpf-m11/lab/gpu/results/spark-gb10/toy/sanity_F.pile200-s7.traj: 3601 records of 205 bodies, every 1 ticks
tick  bodies-hash       manifolds-hash    stages-hash       awake pairs active touching points colours(ovf) islands(largest) slept woken
   1  d26e0bc6c7708109  0000000000000000  946e2557b1056391    200     0      0        0      0    0(0)    200(1)     0     0
   2  c03e3547a74f06e0  0000000000000000  946e2557b1056391    200     0      0        0      0    0(0)    200(1)     0     0
   3  a2c79e83a752bd52  0000000000000000  946e2557b1056391    200     0      0        0      0    0(0)    200(1)     0     0
   4  6e5f4cccb3e5c5ae  0000000000000000  946e2557b1056391    200     0      0        0      0    0(0)    200(1)     0     0
   5  f18ccffc8b0fc36b  0000000000000000  946e2557b1056391    200     0      0        0      0    0(0)    200(1)     0     0
   6  1671ce0a374b0365  0000000000000000  946e2557b1056391    200     0      0        0      0    0(0)    200(1)     0     0
   7  a676f428733e3f7c  0000000000000000  946e2557b1056391    200     0      0        0      0    0(0)    200(1)     0     0
   8  0a3e9376b4c1faa1  0000000000000000  946e2557b1056391    200     0      0        0      0    0(0)    200(1)     0     0
   9  c06c42ade6857ac9  0000000000000000  946e2557b1056391    200     0      0        0      0    0(0)    200(1)     0     0
  10  4df6cca5864ee3e5  0000000000000000  946e2557b1056391    200     0      0        0      0    0(0)    200(1)     0     0
  11  f3fe9057b1ed3820  0000000000000000  946e2557b1056391    200     0      0        0      0    0(0)    200(1)     0     0
  12  5c69f6fc3963abed  0000000000000000  946e2557b1056391    200     0      0        0      0    0(0)    200(1)     0     0
  13  ba42c548bacd1ddc  0000000000000000  946e2557b1056391    200     0      0        0      0    0(0)    200(1)     0     0
  14  f12ced29791d4567  0000000000000000  946e2557b1056391    200     0      0        0      0    0(0)    200(1)     0     0
  15  e10564d559213414  0000000000000000  946e2557b1056391    200     0      0        0      0    0(0)    200(1)     0     0
  16  68960c083102c837  0000000000000000  946e2557b1056391    200     0      0        0      0    0(0)    200(1)     0     0
  17  4ea328ef6dce74a7  0000000000000000  946e2557b1056391    200     0      0        0      0    0(0)    200(1)     0     0
  18  4dfbc5329eae7e5d  0000000000000000  946e2557b1056391    200     0      0        0      0    0(0)    200(1)     0     0
  19  fcf625bbe7d9b34d  0000000000000000  946e2557b1056391    200     0      0        0      0    0(0)    200(1)     0     0
  20  c04d1faf5a1d54a6  0000000000000000  946e2557b1056391    200     0      0        0      0    0(0)    200(1)     0     0
  21  ba71d488228fdfc1  0000000000000000  946e2557b1056391    200     0      0        0      0    0(0)    200(1)     0     0
  22  026a35bbf1048f8b  0000000000000000  946e2557b1056391    200     0      0        0      0    0(0)    200(1)     0     0
  23  8e3ee15ff72782c6  0000000000000000  946e2557b1056391    200     0      0        0      0    0(0)    200(1)     0     0
  24  3ce32512fc2be1e8  0000000000000000  946e2557b1056391    200     0      0        0      0    0(0)    200(1)     0     0
  25  ba0bb7e51a3e8765  0000000000000000  946e2557b1056391    200     0      0        0      0    0(0)    200(1)     0     0
  26  2a17ca195984215c  0000000000000000  946e2557b1056391    200     0      0        0      0    0(0)    200(1)     0     0
  27  53c405f2a4927047  0000000000000000  946e2557b1056391    200     0      0        0      0    0(0)    200(1)     0     0
  28  b881d8bb3e345d10  0000000000000000  946e2557b1056391    200     0      0        0      0    0(0)    200(1)     0     0
  29  e568c9e012df81e5  0000000000000000  946e2557b1056391    200     0      0        0      0    0(0)    200(1)     0     0
  30  477e0617e40debe5  0000000000000000  946e2557b1056391    200     0      0        0      0    0(0)    200(1)     0     0
  31  7a45c2c7f099bf88  0000000000000000  946e2557b1056391    200     0      0        0      0    0(0)    200(1)     0     0
  32  1151dabaaefb0ae6  0000000000000000  946e2557b1056391    200     0      0        0      0    0(0)    200(1)     0     0
  33  c2c4820cac2013f7  0000000000000000  946e2557b1056391    200     0      0        0      0    0(0)    200(1)     0     0
  34  4c5864a3a0fe8d08  0000000000000000  946e2557b1056391    200     0      0        0      0    0(0)    200(1)     0     0
  35  0ffaba9d8fa6522d  0000000000000000  946e2557b1056391    200     0      0        0      0    0(0)    200(1)     0     0
  36  3512f14432d235dc  0000000000000000  946e2557b1056391    200     0      0        0      0    0(0)    200(1)     0     0
  37  00594b5493648f94  0000000000000000  946e2557b1056391    200     0      0        0      0    0(0)    200(1)     0     0
  38  b0c1c6cb37fcb380  0000000000000000  946e2557b1056391    200     0      0        0      0    0(0)    200(1)     0     0
  39  97f33767561fe816  0000000000000000  946e2557b1056391    200     0      0        0      0    0(0)    200(1)     0     0
  40  1800ef31695a3958  0000000000000000  946e2557b1056391    200     0      0        0      0    0(0)    200(1)     0     0
  41  de0344a261b4a643  0000000000000000  946e2557b1056391    200     0      0        0      0    0(0)    200(1)     0     0
  42  e9319cbeed74b3f8  0000000000000000  946e2557b1056391    200     0      0        0      0    0(0)    200(1)     0     0
  43  ad7edeb8017d91f2  0000000000000000  946e2557b1056391    200     0      0        0      0    0(0)    200(1)     0     0
  44  1a77c5917f6d0a1d  0000000000000000  946e2557b1056391    200     0      0        0      0    0(0)    200(1)     0     0
  45  1088f60af05b6922  b046d21bb8d6c619  1dd03a8f299bb08d    200    18     18        2      8    1(0)    200(1)     0     0
  46  4ce1baa20d6ff9a3  6640056e1545c9d9  4a23590da5abb981    200    27     27       24     96    2(0)    200(1)     0     0
  47  d77e904dee7a12dd  8c0ea2c47f35ee3e  4f1570a06cfc0663    200    31     31       27    108    2(0)    200(1)     0     0
  48  b0438371dc715819  f6f30603a543e7ce  2d274474e9aefc8c    200    46     46       32    128    3(0)    198(2)     0     0
  49  d67741f22e661502  3b2ba2af3cd9f4c2  8404b408acbbe756    200    58     58       44    175    4(0)    193(2)     0     0
  50  436fbdee6643df1b  4cba920eb57d9648  e08978e36051836a    200    65     65       52    207    4(0)    180(2)     0     0
  51  a4c8e5d03d3a805c  a8d044c74d9c7245  f15524abac6eb916    200    77     77       59    231    5(0)    173(4)     0     0
  52  0eae2395845e6938  1c27804a65f0208e  6dac72a1511605c5    200    89     89       64    251    5(0)    165(4)     0     0
  53  b2460d4a0dfc04cc  44b7dcde3b9842b6  7a918580a5f6619d    200    98     98       76    299    5(0)    158(5)     0     0
  54  bda87b9f5b656ef2  e88b7edaa8ab7f58  6f77cd944b42b5f4    200   112    112       83    331    6(0)    147(6)     0     0
  55  f9fba92295d3ff00  a6283bfb3adc47cf  58bdf7b75f28654a    200   127    127       89    353    6(0)    140(6)     0     0
  56  95c031942dca90b7  6532e6bd1ff80a50  8a0ce23b8bff79c7    200   140    140      101    402    7(0)    134(7)     0     0
  57  1a8355240408291e  e3a6ce6a114c4b17  0207550b1d0aa7b5    200   155    155      109    431    7(0)    123(7)     0     0
  58  e664b94294d4befc  064bb77a0f63ca7b  93b935184d1664fa    200   172    172      120    472    7(0)    118(6)     0     0
  59  8d26df15c6b52167  729498dd08ba03d4  b0ecdee637852d1e    200   185    185      129    508    8(0)    108(8)     0     0
  60  0cdce57971ff2123  419e08c07bc0a5c2  0478db6eb93cec5c    200   209    209      140    554   10(0)     99(9)     0     0
  61  21f5a56a8939bbf7  26b03f63bae86ebe  3c3c7639c46fdce2    200   227    227      152    604   10(0)     91(7)     0     0
  62  bef26190980d7ff3  cc70f30550d285cd  f69e679d79863478    200   250    250      153    604   11(0)     81(10)     0     0
  63  00f63e14a6747ea4  df169d651f7c51ee  8e64cc616648465d    200   284    284      168    665   13(0)     77(9)     0     0
  64  819674821c299699  6186f942455c797b  e8cb47474f5db4d8    200   320    320      183    718   13(0)     65(12)     0     0
  65  619a13c65908bc8b  7d6484bf02efc42d  edcc23ef0fe589fc    200   355    355      195    756   14(0)     55(16)     0     0
  66  579200b58fa3556d  c99c10e3388747bd  4a30940e509dbc61    200   403    403      209    816   14(0)     45(19)     0     0
  67  9fb51328876708be  eabf7b7098e0bcbe  e05b800f469ef697    200   451    451      208    812   14(0)     40(31)     0     0
  68  9c3d521bb358012e  619c7a09c8bf48bd  e9a5e3700371ec06    200   484    484      217    843   14(0)     35(32)     0     0
  69  c513d78578c770cb  722eec065443406e  cd6cd2919e133d8b    200   523    523      227    877   15(0)     30(36)     0     0
  70  718e98a381e8c8f8  be1b60e56224b61d  5afba991baac789c    200   572    572      227    889   16(0)     29(44)     0     0
  71  acaa701653187982  b77034c27948ca85  9a3b941713369082    200   596    596      237    916   16(0)     30(40)     0     0
  72  1f503277ddc4a72b  d413244cab67344e  0418f4bf9e514404    200   622    622      233    908   16(0)     25(53)     0     0
  73  6bcd3d30397cae4c  5bb6a3b9712fd907  d633681f3a4fc560    200   649    649      235    914   16(0)     32(38)     0     0
  74  1dc901e511ae5bba  9849317856f92653  da5d194e77c8f158    200   653    653      230    894   16(0)     41(36)     0     0
  75  cdb6f83c67311285  9a89b712d4b57252  7978a6f2dc5c75f4    200   666    666      235    914   16(0)     45(44)     0     0
  76  be6c9bae777ee45e  7f6668392e2938f5  9e37d05710293182    200   679    679      230    900   15(0)     42(63)     0     0
  77  e144a8dd87a168f6  af808db880b687df  6a9c14fa43e84613    200   691    691      230    894   16(0)     43(65)     0     0
  78  5886bdfdbf8a127b  48264036752f6965  fdd530159789d3e1    200   690    690      230    893   16(0)     46(53)     0     0
  79  f14c862e7ee5daea  bea8aed8e35ae969  2c250e44f6e8c45c    200   715    715      236    919   16(0)     48(51)     0     0
  80  ba0802525d17739b  3f9f6e416ce172ed  04d1886047962761    200   722    722      247    962   16(0)     43(62)     0     0
  81  b9328505419d275c  7d84960bb9f432da  00b9900b88fa190d    200   723    723      254    985   17(0)     42(74)     0     0
  82  6b5b447393fbe8e1  d97d195bf7459ce3  a329ac14880523ae    200   728    728      260   1004   17(0)     40(65)     0     0
  83  a882cf9d13d396d1  84747c822dae3cc6  23bba9ebb2db8039    200   740    740      267   1031   16(0)     39(73)     0     0
  84  f47739dd7fa0002c  7fcdb9b07477fbaa  4c3280c9eb1988a3    200   760    760      269   1027   18(0)     37(105)     0     0
  85  93358d015ab08a1e  1c943464fa2dfc80  6a0631e84001ef4c    200   762    762      277   1061   17(0)     38(74)     0     0
  86  6c013ab4ca3b2e7e  fc43927f0b12659c  53e7eea6cdf7472f    200   767    767      277   1065   16(0)     38(106)     0     0
  87  0669c1448103b3f3  dbdabe383e9bae12  29108c333a5b0340    200   780    780      294   1130   16(0)     37(114)     0     0
  88  847d239c0a21387d  d987c625f37dd1af  e22b1befeae09f4e    200   781    781      295   1129   17(0)     33(120)     0     0
  89  6f883c4ed0b6eda0  f576c41610174346  88a064f5c1247045    200   791    791      300   1148   16(0)     33(120)     0     0
  90  f99ed1af103234ec  945d0bc913b8fec3  6f70b4d4cf38b987    200   805    805      300   1156   17(0)     31(160)     0     0
  91  a4bb32bfd2a0fb59  3fd731ff649b48f0  4efcf384a335dee1    200   810    810      298   1165   18(0)     33(158)     0     0
  92  333ef28e026ed679  2d7d528011089093  a3e8b588da90fa70    200   813    813      302   1168   18(0)     30(159)     0     0
  93  28058d0837cb20ea  cca59d96c93922d1  2f1cd327b9d053f7    200   820    820      304   1173   18(0)     28(161)     0     0
  94  363f80ea431141e5  40f9335638401355  52361b3a366e0ccf    200   819    819      306   1185   18(0)     28(158)     0     0
  95  2e4eccd73f18ef0b  76c89a44a83624f3  80a6a9d758b4799b    200   829    829      312   1204   18(0)     27(157)     0     0
  96  4f2daad41487fedd  9238274b8039ab02  3152a4de649d1e9a    200   831    831      311   1196   19(0)     25(161)     0     0
  97  63f54b2eda59dfa8  e0b471e7339b8f18  0d1b4a922eb9012b    200   835    835      312   1197   19(0)     26(165)     0     0
  98  edc4039dd0221dfe  08934d05fdc4f4ea  935749c2a70de9f3    200   850    850      316   1214   19(0)     24(169)     0     0
  99  3d03bc9c4edc1a64  70dbe50189d8a593  808dc6aa8b1be5ed    200   866    866      315   1209   19(0)     22(178)     0     0
 100  ffaf9b1e744623e0  7ca9798cd2768f7f  320f90bd9ee1958e    200   877    877      325   1250   18(0)     22(177)     0     0
 101  cf28025452ce296f  84a9981d85d03e38  9eb63687acbc481d    199   885    883      334   1283   18(0)     18(182)     1     0
 102  47a8c0b09aed8d1d  a51194a17d58b649  e806c6b33f352cfa    199   889    887      340   1294   16(0)     18(182)     0     0
 103  b49352b21a6de1d3  b7f559c9c82b463b  da3caa001a8456e7    199   903    901      340   1295   16(0)     19(181)     0     0
 104  f3f037150b122a2f  b0cc68e2ee28505d  a5a0965a1a495223    199   916    914      346   1319   17(0)     16(184)     0     0
 105  240c6e5b83a7f752  8e9b6ca196cbf979  dec0d126dcbbdcc6    199   926    924      354   1346   17(0)     17(183)     0     0
 106  da96d74de673bdbc  3440747e07a09857  29179bf0bbf444c3    199   935    933      360   1371   19(0)     14(186)     0     0
 107  65a02db89b189ac2  4d3d7aeb8e533088  6d7925be680b2340    199   949    947      363   1384   19(0)     13(187)     0     0
 108  edca4805b0597961  7fcfa9049f26c2bf  578c3212a07b492c    199   948    946      375   1439   18(0)     11(181)     0     0
 109  c7380972d054e1df  13067437c585bf30  9ec49a6dc1b55901    199   961    959      380   1459   18(0)      8(184)     0     0
 110  020d88e5e19cc9fd  5e41baad21a61ace  265010e0ed119fb5    199   974    972      382   1466   19(0)      9(183)     0     0
 111  0c3832b164b591aa  fa0524b45e6d4011  f37e734bf6a1304f    199   977    975      386   1480   19(0)      8(184)     0     0
 112  7fead43e74276f31  41bd97cf42241eca  48f7efb1b1bc43b1    199   983    981      385   1471   21(0)      8(184)     0     0
 113  9f8951a005ad9333  250f74fa53ee5bb7  9685071d741d45cc    199   977    975      392   1501   21(0)      9(183)     0     0
 114  b72649b2d0c8441a  df38f6ed32ac0d20  a456a051b349dae8    199   985    983      393   1499   20(0)      8(183)     0     0
 115  f46a3ce8e971aa0b  2dd12cfa3ba04418  a73bc517358f7980    200   985    985      398   1519   19(0)      7(186)     0     1
 116  2969e273a3a68075  2418a87dd3c5e8c2  cee29488fa270137    200   986    986      398   1521   19(0)      7(186)     0     0
 117  4dd8e144650bc49f  9924b90d842a16a8  f85f5df906c333db    200   991    991      396   1517   19(0)      8(183)     0     0
 118  91502d83290f523e  45b3e8abddb72ee8  3b7de720d40dd750    200   986    986      397   1515   18(0)      8(183)     0     0
 119  d51043db937bcdfa  597bc0607b8b2b2c  c687c1f25f80d08b    200   992    992      400   1530   19(0)      7(185)     0     0
 120  301c97ac3ae0517c  4c86847f68911445  e2fb50eb1a70a5fa    200   990    990      405   1546   19(0)      7(185)     0     0
 180  311d47f180a692b8  a126dd73f4d60b8d  b1075d981ff2da05    196  1103   1094      459   1738   21(0)      1(196)     0     0
 240  a46353b309e68d16  9a51da0fd814e74d  ca3d3a3bff59e0f8      0  1110      0      462   1750    0(0)      0(0)     0     0
 300  a46353b309e68d16  9a51da0fd814e74d  ca3d3a3bff59e0f8      0  1110      0      462   1750    0(0)      0(0)     0     0
 360  a46353b309e68d16  9a51da0fd814e74d  ca3d3a3bff59e0f8      0  1110      0      462   1750    0(0)      0(0)     0     0
 420  a46353b309e68d16  9a51da0fd814e74d  ca3d3a3bff59e0f8      0  1110      0      462   1750    0(0)      0(0)     0     0
 480  a46353b309e68d16  9a51da0fd814e74d  ca3d3a3bff59e0f8      0  1110      0      462   1750    0(0)      0(0)     0     0
 540  a46353b309e68d16  9a51da0fd814e74d  ca3d3a3bff59e0f8      0  1110      0      462   1750    0(0)      0(0)     0     0
 600  a46353b309e68d16  9a51da0fd814e74d  ca3d3a3bff59e0f8      0  1110      0      462   1750    0(0)      0(0)     0     0
 660  a46353b309e68d16  9a51da0fd814e74d  ca3d3a3bff59e0f8      0  1110      0      462   1750    0(0)      0(0)     0     0
 720  a46353b309e68d16  9a51da0fd814e74d  ca3d3a3bff59e0f8      0  1110      0      462   1750    0(0)      0(0)     0     0
 780  a46353b309e68d16  9a51da0fd814e74d  ca3d3a3bff59e0f8      0  1110      0      462   1750    0(0)      0(0)     0     0
 840  a46353b309e68d16  9a51da0fd814e74d  ca3d3a3bff59e0f8      0  1110      0      462   1750    0(0)      0(0)     0     0
 900  a46353b309e68d16  9a51da0fd814e74d  ca3d3a3bff59e0f8      0  1110      0      462   1750    0(0)      0(0)     0     0
 960  a46353b309e68d16  9a51da0fd814e74d  ca3d3a3bff59e0f8      0  1110      0      462   1750    0(0)      0(0)     0     0
1020  a46353b309e68d16  9a51da0fd814e74d  ca3d3a3bff59e0f8      0  1110      0      462   1750    0(0)      0(0)     0     0
1080  a46353b309e68d16  9a51da0fd814e74d  ca3d3a3bff59e0f8      0  1110      0      462   1750    0(0)      0(0)     0     0
1140  a46353b309e68d16  9a51da0fd814e74d  ca3d3a3bff59e0f8      0  1110      0      462   1750    0(0)      0(0)     0     0
1200  a46353b309e68d16  9a51da0fd814e74d  ca3d3a3bff59e0f8      0  1110      0      462   1750    0(0)      0(0)     0     0
1260  a46353b309e68d16  9a51da0fd814e74d  ca3d3a3bff59e0f8      0  1110      0      462   1750    0(0)      0(0)     0     0
1320  a46353b309e68d16  9a51da0fd814e74d  ca3d3a3bff59e0f8      0  1110      0      462   1750    0(0)      0(0)     0     0
1380  a46353b309e68d16  9a51da0fd814e74d  ca3d3a3bff59e0f8      0  1110      0      462   1750    0(0)      0(0)     0     0
1440  a46353b309e68d16  9a51da0fd814e74d  ca3d3a3bff59e0f8      0  1110      0      462   1750    0(0)      0(0)     0     0
1500  a46353b309e68d16  9a51da0fd814e74d  ca3d3a3bff59e0f8      0  1110      0      462   1750    0(0)      0(0)     0     0
1560  a46353b309e68d16  9a51da0fd814e74d  ca3d3a3bff59e0f8      0  1110      0      462   1750    0(0)      0(0)     0     0
1620  a46353b309e68d16  9a51da0fd814e74d  ca3d3a3bff59e0f8      0  1110      0      462   1750    0(0)      0(0)     0     0
1680  a46353b309e68d16  9a51da0fd814e74d  ca3d3a3bff59e0f8      0  1110      0      462   1750    0(0)      0(0)     0     0
1740  a46353b309e68d16  9a51da0fd814e74d  ca3d3a3bff59e0f8      0  1110      0      462   1750    0(0)      0(0)     0     0
1800  a46353b309e68d16  9a51da0fd814e74d  ca3d3a3bff59e0f8      0  1110      0      462   1750    0(0)      0(0)     0     0
1860  a46353b309e68d16  9a51da0fd814e74d  ca3d3a3bff59e0f8      0  1110      0      462   1750    0(0)      0(0)     0     0
1920  a46353b309e68d16  9a51da0fd814e74d  ca3d3a3bff59e0f8      0  1110      0      462   1750    0(0)      0(0)     0     0
1980  a46353b309e68d16  9a51da0fd814e74d  ca3d3a3bff59e0f8      0  1110      0      462   1750    0(0)      0(0)     0     0
2040  a46353b309e68d16  9a51da0fd814e74d  ca3d3a3bff59e0f8      0  1110      0      462   1750    0(0)      0(0)     0     0
2100  a46353b309e68d16  9a51da0fd814e74d  ca3d3a3bff59e0f8      0  1110      0      462   1750    0(0)      0(0)     0     0
2160  a46353b309e68d16  9a51da0fd814e74d  ca3d3a3bff59e0f8      0  1110      0      462   1750    0(0)      0(0)     0     0
2220  a46353b309e68d16  9a51da0fd814e74d  ca3d3a3bff59e0f8      0  1110      0      462   1750    0(0)      0(0)     0     0
2280  a46353b309e68d16  9a51da0fd814e74d  ca3d3a3bff59e0f8      0  1110      0      462   1750    0(0)      0(0)     0     0
2340  a46353b309e68d16  9a51da0fd814e74d  ca3d3a3bff59e0f8      0  1110      0      462   1750    0(0)      0(0)     0     0
2400  a46353b309e68d16  9a51da0fd814e74d  ca3d3a3bff59e0f8      0  1110      0      462   1750    0(0)      0(0)     0     0
2460  a46353b309e68d16  9a51da0fd814e74d  ca3d3a3bff59e0f8      0  1110      0      462   1750    0(0)      0(0)     0     0
2520  a46353b309e68d16  9a51da0fd814e74d  ca3d3a3bff59e0f8      0  1110      0      462   1750    0(0)      0(0)     0     0
2580  a46353b309e68d16  9a51da0fd814e74d  ca3d3a3bff59e0f8      0  1110      0      462   1750    0(0)      0(0)     0     0
2640  a46353b309e68d16  9a51da0fd814e74d  ca3d3a3bff59e0f8      0  1110      0      462   1750    0(0)      0(0)     0     0
2700  a46353b309e68d16  9a51da0fd814e74d  ca3d3a3bff59e0f8      0  1110      0      462   1750    0(0)      0(0)     0     0
2760  a46353b309e68d16  9a51da0fd814e74d  ca3d3a3bff59e0f8      0  1110      0      462   1750    0(0)      0(0)     0     0
2820  a46353b309e68d16  9a51da0fd814e74d  ca3d3a3bff59e0f8      0  1110      0      462   1750    0(0)      0(0)     0     0
2880  a46353b309e68d16  9a51da0fd814e74d  ca3d3a3bff59e0f8      0  1110      0      462   1750    0(0)      0(0)     0     0
2940  a46353b309e68d16  9a51da0fd814e74d  ca3d3a3bff59e0f8      0  1110      0      462   1750    0(0)      0(0)     0     0
3000  a46353b309e68d16  9a51da0fd814e74d  ca3d3a3bff59e0f8      0  1110      0      462   1750    0(0)      0(0)     0     0
3060  a46353b309e68d16  9a51da0fd814e74d  ca3d3a3bff59e0f8      0  1110      0      462   1750    0(0)      0(0)     0     0
3120  a46353b309e68d16  9a51da0fd814e74d  ca3d3a3bff59e0f8      0  1110      0      462   1750    0(0)      0(0)     0     0
3180  a46353b309e68d16  9a51da0fd814e74d  ca3d3a3bff59e0f8      0  1110      0      462   1750    0(0)      0(0)     0     0
3240  a46353b309e68d16  9a51da0fd814e74d  ca3d3a3bff59e0f8      0  1110      0      462   1750    0(0)      0(0)     0     0
3300  a46353b309e68d16  9a51da0fd814e74d  ca3d3a3bff59e0f8      0  1110      0      462   1750    0(0)      0(0)     0     0
3360  a46353b309e68d16  9a51da0fd814e74d  ca3d3a3bff59e0f8      0  1110      0      462   1750    0(0)      0(0)     0     0
3420  a46353b309e68d16  9a51da0fd814e74d  ca3d3a3bff59e0f8      0  1110      0      462   1750    0(0)      0(0)     0     0
3480  a46353b309e68d16  9a51da0fd814e74d  ca3d3a3bff59e0f8      0  1110      0      462   1750    0(0)      0(0)     0     0
3540  a46353b309e68d16  9a51da0fd814e74d  ca3d3a3bff59e0f8      0  1110      0      462   1750    0(0)      0(0)     0     0
3600  a46353b309e68d16  9a51da0fd814e74d  ca3d3a3bff59e0f8      0  1110      0      462   1750    0(0)      0(0)     0     0
threads 1: 0.378 ms/tick, saturations 0, floating-point sentinel clean; per-tick hashes (reference)
threads 8: 0.231 ms/tick, saturations 0, floating-point sentinel clean; per-tick hashes identical
solve: every dynamic body asleep from tick 236; deepest point -0.206966 m (tick 69, bodies 144 169), at rest (the 60 ticks before every body sleeps, or the last 60) -0.0191279 m (tick 202, bodies 168 169); at most 293 dispatches a tick
rest: after tick 3600, over every touching pair (sleeping ones too): deepest point -0.00883131 m (bodies 18 43), 462 touching pairs
toy F pile200: run hash 193795875cd9ec51, final bodies a46353b309e68d16 manifolds 9a51da0fd814e74d stages ca3d3a3bff59e0f8, threads agree, saturations 0 (twin: gcc 13.3.0, aarch64, contraction off)
