toy pile200, dialect F, 3600 ticks, threads 1 8; gravity 10, sleep on, contact recycling on
twin: gcc 13.3.0, aarch64, contraction off
layout sizes C/twin: Hull 68/68 HullFace 24/24 BodyState 60/60 BodyPose 28/28 BodyMass 80/80 Aabb 32/32 Params 184/184 Hash2 8/8 V3 12/12 Pair 24/24 Manifold 348/348 SatAxis 72/72 NarrowDiag 64/64 Constraint 460/460
scene pile200 (seed 3): 205 bodies (5 static), 203 hulls (40 irregular chunks, 15 redrawn), largest hull 14 vertices 9 faces 42 half-edges; mass 4.415 to 55.66 kg; quantisation range errors 0
  hull 0 (box 12 x 1 x 12 m): volume 144 (8abc 144), Ixx/density 1740 (V(b^2+c^2)/3 1740), Ixy -0
traj /home/consulear/lpf-m11/lab/gpu/results/spark-gb10/toy/sanity_F.pile200-s3.traj: 3601 records of 205 bodies, every 1 ticks
tick  bodies-hash       manifolds-hash    stages-hash       awake pairs active touching points colours(ovf) islands(largest) slept woken
   1  33c4b30d8515f872  360176d78f424a37  d37ccdf1dd0946f7    200     1      1        0      0    1(0)    200(1)     0     0
   2  6620e714a16d0430  a78fc47ea3c18e01  73068704d936a44b    200     1      1        0      0    1(0)    200(1)     0     0
   3  f6e6f6e397d7edcb  a78fc47ea3c18e01  73068704d936a44b    200     1      1        0      0    1(0)    200(1)     0     0
   4  be3b4ebe910a319a  a78fc47ea3c18e01  73068704d936a44b    200     1      1        0      0    1(0)    200(1)     0     0
   5  a3d53c6b4a708bc7  a78fc47ea3c18e01  73068704d936a44b    200     1      1        0      0    1(0)    200(1)     0     0
   6  306896a695b9328b  a78fc47ea3c18e01  73068704d936a44b    200     1      1        0      0    1(0)    200(1)     0     0
   7  2633ad3b6beb1857  a78fc47ea3c18e01  73068704d936a44b    200     1      1        0      0    1(0)    200(1)     0     0
   8  7dedd1df7e29030d  a78fc47ea3c18e01  73068704d936a44b    200     1      1        0      0    1(0)    200(1)     0     0
   9  ba03b3f4a4fa35f7  a78fc47ea3c18e01  73068704d936a44b    200     1      1        0      0    1(0)    200(1)     0     0
  10  1a24db757e34c912  a78fc47ea3c18e01  73068704d936a44b    200     1      1        0      0    1(0)    200(1)     0     0
  11  7dfb2878dd5a106b  a78fc47ea3c18e01  73068704d936a44b    200     1      1        0      0    1(0)    200(1)     0     0
  12  640e81e81c6be001  a78fc47ea3c18e01  73068704d936a44b    200     1      1        0      0    1(0)    200(1)     0     0
  13  18700be4a68dd2b6  a78fc47ea3c18e01  73068704d936a44b    200     1      1        0      0    1(0)    200(1)     0     0
  14  3cfee61ebc5b2965  a78fc47ea3c18e01  73068704d936a44b    200     1      1        0      0    1(0)    200(1)     0     0
  15  ee29584895677c6a  a78fc47ea3c18e01  73068704d936a44b    200     1      1        0      0    1(0)    200(1)     0     0
  16  1b061ab033911d59  a78fc47ea3c18e01  73068704d936a44b    200     1      1        0      0    1(0)    200(1)     0     0
  17  59fb0374e85ac6d7  a78fc47ea3c18e01  73068704d936a44b    200     1      1        0      0    1(0)    200(1)     0     0
  18  cf073f3738993bfd  a78fc47ea3c18e01  73068704d936a44b    200     1      1        0      0    1(0)    200(1)     0     0
  19  61ce46cd9565afed  360176d78f424a37  73068704d936a44b    200     1      1        0      0    1(0)    200(1)     0     0
  20  bba6b5579f878777  360176d78f424a37  73068704d936a44b    200     1      1        0      0    1(0)    200(1)     0     0
  21  587c5d1f2a3fdde0  360176d78f424a37  73068704d936a44b    200     1      1        0      0    1(0)    200(1)     0     0
  22  2968532d677b88cf  360176d78f424a37  73068704d936a44b    200     1      1        0      0    1(0)    200(1)     0     0
  23  7bf748b4413205af  360176d78f424a37  73068704d936a44b    200     1      1        0      0    1(0)    200(1)     0     0
  24  0914c9e2180b7439  360176d78f424a37  73068704d936a44b    200     1      1        0      0    1(0)    200(1)     0     0
  25  a2f0fec93a306a46  360176d78f424a37  73068704d936a44b    200     1      1        0      0    1(0)    200(1)     0     0
  26  c3b842c2136cc658  360176d78f424a37  73068704d936a44b    200     1      1        0      0    1(0)    200(1)     0     0
  27  fcf228eb98af07d8  360176d78f424a37  73068704d936a44b    200     1      1        0      0    1(0)    200(1)     0     0
  28  66d7e6130936feb6  360176d78f424a37  73068704d936a44b    200     1      1        0      0    1(0)    200(1)     0     0
  29  6bfc0ceb24e50209  360176d78f424a37  73068704d936a44b    200     1      1        0      0    1(0)    200(1)     0     0
  30  1a6fab1a063947d4  360176d78f424a37  73068704d936a44b    200     1      1        0      0    1(0)    200(1)     0     0
  31  73284eeb92b80ef6  360176d78f424a37  73068704d936a44b    200     1      1        0      0    1(0)    200(1)     0     0
  32  6ec066b0cb493fb0  360176d78f424a37  73068704d936a44b    200     1      1        0      0    1(0)    200(1)     0     0
  33  f782a1cb8384d279  360176d78f424a37  73068704d936a44b    200     1      1        0      0    1(0)    200(1)     0     0
  34  d150fd1893b53533  360176d78f424a37  73068704d936a44b    200     1      1        0      0    1(0)    200(1)     0     0
  35  1495b311fcb04aaf  360176d78f424a37  73068704d936a44b    200     1      1        0      0    1(0)    200(1)     0     0
  36  14e908a4e619070e  360176d78f424a37  73068704d936a44b    200     1      1        0      0    1(0)    200(1)     0     0
  37  564d6b921728451e  360176d78f424a37  73068704d936a44b    200     1      1        0      0    1(0)    200(1)     0     0
  38  02df67e71daf240c  360176d78f424a37  73068704d936a44b    200     1      1        0      0    1(0)    200(1)     0     0
  39  e9a9d2a8650a71a5  360176d78f424a37  73068704d936a44b    200     1      1        0      0    1(0)    200(1)     0     0
  40  7b2915ead5d235d6  360176d78f424a37  73068704d936a44b    200     1      1        0      0    1(0)    200(1)     0     0
  41  08e4067e9b57a59b  360176d78f424a37  73068704d936a44b    200     1      1        0      0    1(0)    200(1)     0     0
  42  a0a92a8999de6bc9  360176d78f424a37  73068704d936a44b    200     1      1        0      0    1(0)    200(1)     0     0
  43  8adbb375e5139724  360176d78f424a37  73068704d936a44b    200     1      1        0      0    1(0)    200(1)     0     0
  44  13fa5a01733200e3  db630da6ea90ac69  e138e6f06bd47af0    200     3      3        0      0    1(0)    200(1)     0     0
  45  8c917248c2a65d74  835f3ec06b8c8bf7  d7d53cefd3631100    200    18     18        2      8    1(0)    200(1)     0     0
  46  841890d82491c9d8  bdc93c9c64cd9502  a287eaf14da04b07    200    26     26       25     99    1(0)    200(1)     0     0
  47  11ad50ecd6eb2b82  9b098e5deb6d6bf6  47e53f44fc764963    200    32     32       24     96    2(0)    200(1)     0     0
  48  a489a1c91d107e04  b25a9228c1e22dc1  f4ad3c7c74cd3b18    200    48     48       27    105    3(0)    200(1)     0     0
  49  1a2d5ef43885bc9e  c8ab7b8e6fa128d9  4f6f3f20544501b5    200    57     57       43    165    4(0)    194(2)     0     0
  50  1c2aae54b765b132  2795b5d0d9e3ec58  09fc191554995586    200    65     65       49    192    4(0)    180(2)     0     0
  51  ee7ba1e4c5415587  8af0f7da12e62a33  29076742f808e486    200    81     81       54    210    5(0)    173(3)     0     0
  52  9e1f98dbe71c3d33  24c7311f1a30bb85  4de369a7377a321a    200    91     91       67    262    5(0)    170(3)     0     0
  53  5fec3194b220c403  d67a160ff9fafab7  942990bcc176893c    200   106    106       74    292    6(0)    160(4)     0     0
  54  a2c3666ca9fa8c17  15cad5d6957a750c  4f6fd3b6e74a3494    200   125    125       84    332    9(0)    152(4)     0     0
  55  854426038ab9fdf2  794a24a43b8ede2e  11ed0020c47a732d    200   139    139       94    371    9(0)    146(4)     0     0
  56  aeb0c5a41a328b40  d7dbec38d7604109  2e79a9072aa4453a    200   153    153       99    391    9(0)    138(5)     0     0
  57  ba671a9bf88ad6c1  89c8a6f65b6db4f0  9ce83ddffbdb928c    200   181    181      112    442   11(0)    131(5)     0     0
  58  2c5e633f43249e62  b75971a3429864e9  eab68ef9df233850    200   204    204      122    481   11(0)    120(9)     0     0
  59  0251c20e7e410860  6a61f3638fb229a5  d672dd0699fa5cdb    200   216    216      129    502   10(0)    112(11)     0     0
  60  d644a1b39ac941bc  cba7c66240c27a4d  50e410b35ad61d08    200   233    233      142    556    9(0)    106(11)     0     0
  61  722b18cef73d5510  24988d56f7368892  377fdf0a1bd3fa16    200   261    261      146    573    9(0)     94(12)     0     0
  62  2d3a04d7a28262f2  7fb20d4cf34c6649  92f87504c5760197    200   291    291      162    635   10(0)     88(12)     0     0
  63  39b49f3c15367f42  6c9f0862f32e4bd8  3befbb1c2a78743a    200   335    335      170    663   14(0)     74(18)     0     0
  64  1ac3949b9c44e508  760a432ddcc8540a  c61e38f37360cffb    200   377    377      178    698   13(0)     67(14)     0     0
  65  cc96dd0f4dce7368  38d95159bf53bc9b  62ab1337ea0294b9    200   426    426      191    754   14(0)     60(13)     0     0
  66  07e17edad578ecb6  1f76fcde53df8d4a  640ee88440c98465    200   463    463      212    831   15(0)     49(15)     0     0
  67  3f6ac4626c343bbb  06ba85e64a577dc9  2307583409301b9b    200   518    518      213    836   14(0)     35(24)     0     0
  68  c925d2d2a008591a  626b303748c9d143  2b2797922d5f6650    200   557    557      213    827   16(0)     34(27)     0     0
  69  907978cf4c8ba1b4  319e7ab667354325  b99eebdc210c0f89    200   601    601      222    864   18(0)     34(31)     0     0
  70  6029601e907a504d  d9cee78d16475883  90fd52e4e97446a9    200   629    629      239    935   18(0)     29(52)     0     0
  71  163afc0eae0ed340  3d1e65d53c665a9a  5aa0e462da752c8b    200   657    657      249    975   17(0)     25(70)     0     0
  72  346797d4eee4ae99  2d5457ce8d89b0fb  a032df63d8778e99    200   692    692      247    962   17(0)     24(70)     0     0
  73  12e56df4f8b1d930  b12b6f706bc788a2  6d03b663d461e409    200   710    710      253    987   17(0)     25(40)     0     0
  74  fad8a8a9010c4b72  5b8225125171fa72  b4046785201bc916    200   743    743      261   1012   20(0)     22(71)     0     0
  75  9ef3b2d8420f5af4  82d93525ac538063  e850fb319bd8e131    200   762    762      267   1036   20(0)     23(131)     0     0
  76  de22e5662bcbf637  b1c2a499a4bce0d7  0211c166ef0d0878    200   769    769      259   1006   19(0)     23(90)     0     0
  77  7e86aabccb2f789a  de6226097648e295  f4e0acda3ec3e6fd    200   781    781      267   1039   18(0)     29(125)     0     0
  78  73f7d8e366d0cd3c  81257984ecfd0f32  4a37bba0506dbe14    200   789    789      274   1073   18(0)     27(83)     0     0
  79  7e1cbf159a40f2c0  4de1be8edf63b79c  ee39a7e46c350220    200   801    801      280   1093   19(0)     27(149)     0     0
  80  33fc65d448a930c0  21db03fae70978b3  67e50091e0862392    200   817    817      286   1110   18(0)     27(148)     0     0
  81  b1c8b03b254ff6bf  27ed3046877ff53b  523a7e43e29e22d4    200   823    823      289   1123   19(0)     25(155)     0     0
  82  1613ea6305b29aa0  18bc5ef5e68f4a98  52bcb216fedb7b9c    200   825    825      294   1133   18(0)     25(155)     0     0
  83  f4034f869bced83b  d6a5f03cc283c627  8286164546747893    200   838    838      296   1128   18(0)     24(157)     0     0
  84  b82e3a6b6ddaea9a  0f027ad3d36043ad  b38a799da3d8ddb7    200   840    840      304   1160   18(0)     24(162)     0     0
  85  b6d8e69ed2ee8472  d2db13eac218b77f  79bbb5d647894434    200   854    854      308   1172   19(0)     23(162)     0     0
  86  856b349e69a99423  b8c23447151981ba  314f4744094edf08    200   866    866      310   1186   20(0)     22(163)     0     0
  87  c5009f43c4db9dda  5307e5cbe33ee16c  88c8e8211fa28a0e    200   884    884      315   1207   20(0)     23(162)     0     0
  88  1b1d294edbae58e8  7181b9d7b6de0664  58c861e9c9a42aa1    200   896    896      322   1234   21(0)     24(160)     0     0
  89  df8b21d8cd0a93dc  8c4c9435c5b44191  c03986f46026f5bd    200   902    902      331   1264   21(0)     21(176)     0     0
  90  1eb55121add92e7d  29d2856c0203fc3d  0fdbcc29e987434e    200   901    901      334   1276   20(0)     19(176)     0     0
  91  22543d0be60b1500  683d04b12081ac3b  2ca6b1608f928264    200   903    903      331   1264   22(0)     18(179)     0     0
  92  62a9a95019deb655  7f80262fe00c72bf  0552402a1b34c4a2    200   905    905      336   1277   21(0)     19(178)     0     0
  93  52d7fb22c5d5d145  2d83a750b4d777aa  b8f6515dd2c742ce    200   912    912      339   1291   21(0)     18(179)     0     0
  94  84669f7042e78592  f1c668765dd01f37  f34c2978b88a6456    200   918    918      340   1296   21(0)     18(179)     0     0
  95  195438ca5cc7f196  948858b67f8bd2f7  4aa9e3d87603beec    200   927    927      348   1332   20(0)     19(178)     0     0
  96  c278e045294a039c  58743636608f0e0e  0df6f7e3559567f3    200   933    933      352   1340   20(0)     16(181)     0     0
  97  b429ff42d2d1b31f  a1469f802eac8a54  17cb294364237101    200   947    947      353   1356   20(0)     16(181)     0     0
  98  e20eeecb053e1ccd  5958d9e661e7d5da  8589fd3093032008    200   949    949      356   1385   21(0)     17(182)     0     0
  99  5d05fc51c90e7016  06ec1fa97f6b1a3e  5d9936bb94bdd12d    200   965    965      360   1387   21(0)     12(188)     0     0
 100  a76ee9f676bac5c9  0aa5803b976b19c6  4a87a4accd1211ab    200   968    968      370   1426   21(0)     11(190)     0     0
 101  d9ce99b0ad093af5  beaac73564e903c1  ca39f02911741fa6    200   979    979      373   1441   21(0)     11(190)     0     0
 102  7ce5922762c5b003  bd9e541b2ffc2db2  24553eadc71ffdb8    200   971    971      376   1454   22(0)     11(190)     0     0
 103  ca9ed6c57d7ac834  a774f44b76755e82  f4c780c20b9ea427    200   979    979      378   1459   21(0)     10(191)     0     0
 104  e8f44a660b94dcbf  609f9843445026bb  c6131733ad9eb28e    200   989    989      381   1468   21(0)     10(191)     0     0
 105  95b41d5a29338194  e950ea21df346e7e  004ae1375d15b435    200  1006   1006      385   1477   21(0)     10(191)     0     0
 106  b88c3f0aedb99ed0  b8efba450f63db4b  0cf6a70a24ec20ad    200  1018   1018      395   1512   21(0)      9(191)     0     0
 107  986ccba059f1d3d9  2500e2d76a272922  185c8c206e03e564    200  1021   1021      394   1510   21(0)      7(191)     0     0
 108  28ae0c7bb9c4cae6  fd7f30f9a42213d5  bbeabeb7dc800870    199  1034   1032      392   1507   20(0)      5(192)     1     0
 109  da6a05bca659873c  250c9c56d766e60a  4d842281b95fd47e    199  1032   1030      394   1512   21(0)      7(189)     0     0
 110  aeab2fbfee8bde1c  a87a25a36865bc1f  29bd42b148c28b9f    199  1043   1041      399   1529   22(0)      8(188)     0     0
 111  f97be8a638527212  2eaabbd1df5f7f15  0f30e714066dd851    199  1039   1037      403   1544   22(0)      8(188)     0     0
 112  7aebea45af50bada  1e95980ba9b27116  4b6ddae70d6f7783    199  1044   1042      401   1542   22(0)      7(189)     0     0
 113  c0bc208a3a83344c  594100735a523ead  3114a25f462c3b88    199  1047   1045      399   1533   22(0)      8(188)     0     0
 114  feba5f977be6d9cc  d9b2dcff3702ade6  a79628a15c7e855f    199  1051   1049      406   1565   22(0)     10(186)     0     0
 115  bcaca2bb2d0d8cdf  b16c462227f9689f  aef54536cdacaa6d    199  1053   1051      412   1578   22(0)      9(190)     0     0
 116  dd8133ba45260795  c462c64e51eab8fd  2612886037a0ea0c    199  1058   1056      414   1588   23(0)      8(191)     0     0
 117  876917baaf21022f  d112ba38bd222d9c  2dedc2fd1eb723bf    199  1062   1060      410   1576   22(0)      6(193)     0     0
 118  1ed4b0903beff611  dc0b24d4e77a7423  4ddd8056c6b091e8    199  1072   1070      406   1560   22(0)      6(193)     0     0
 119  163fe0d377a66dee  e1c8abb1869ea3ab  9d97f350f5327419    199  1077   1075      415   1597   22(0)      6(193)     0     0
 120  40022d4817de76f6  b2da1693d34847e4  e2ed2b09f02c9f14    199  1089   1087      421   1616   23(0)      5(195)     0     0
 180  dce7676143f2eed4  87675d68955853b3  78ae769fc1b7f66e    198  1209   1205      461   1764   24(0)      2(196)     0     1
 240  6d8cdcbb2a4b1a04  f74e24bbf788d8ff  a1d55335ceb09e38    199  1217   1215      465   1778   24(0)      2(197)     0     0
 300  c327ea032f30a371  e8fc541f8ce8284c  b83fa9f1a9767d34      0  1217      0      465   1778    0(0)      0(0)     0     0
 360  c327ea032f30a371  e8fc541f8ce8284c  b83fa9f1a9767d34      0  1217      0      465   1778    0(0)      0(0)     0     0
 420  c327ea032f30a371  e8fc541f8ce8284c  b83fa9f1a9767d34      0  1217      0      465   1778    0(0)      0(0)     0     0
 480  c327ea032f30a371  e8fc541f8ce8284c  b83fa9f1a9767d34      0  1217      0      465   1778    0(0)      0(0)     0     0
 540  c327ea032f30a371  e8fc541f8ce8284c  b83fa9f1a9767d34      0  1217      0      465   1778    0(0)      0(0)     0     0
 600  c327ea032f30a371  e8fc541f8ce8284c  b83fa9f1a9767d34      0  1217      0      465   1778    0(0)      0(0)     0     0
 660  c327ea032f30a371  e8fc541f8ce8284c  b83fa9f1a9767d34      0  1217      0      465   1778    0(0)      0(0)     0     0
 720  c327ea032f30a371  e8fc541f8ce8284c  b83fa9f1a9767d34      0  1217      0      465   1778    0(0)      0(0)     0     0
 780  c327ea032f30a371  e8fc541f8ce8284c  b83fa9f1a9767d34      0  1217      0      465   1778    0(0)      0(0)     0     0
 840  c327ea032f30a371  e8fc541f8ce8284c  b83fa9f1a9767d34      0  1217      0      465   1778    0(0)      0(0)     0     0
 900  c327ea032f30a371  e8fc541f8ce8284c  b83fa9f1a9767d34      0  1217      0      465   1778    0(0)      0(0)     0     0
 960  c327ea032f30a371  e8fc541f8ce8284c  b83fa9f1a9767d34      0  1217      0      465   1778    0(0)      0(0)     0     0
1020  c327ea032f30a371  e8fc541f8ce8284c  b83fa9f1a9767d34      0  1217      0      465   1778    0(0)      0(0)     0     0
1080  c327ea032f30a371  e8fc541f8ce8284c  b83fa9f1a9767d34      0  1217      0      465   1778    0(0)      0(0)     0     0
1140  c327ea032f30a371  e8fc541f8ce8284c  b83fa9f1a9767d34      0  1217      0      465   1778    0(0)      0(0)     0     0
1200  c327ea032f30a371  e8fc541f8ce8284c  b83fa9f1a9767d34      0  1217      0      465   1778    0(0)      0(0)     0     0
1260  c327ea032f30a371  e8fc541f8ce8284c  b83fa9f1a9767d34      0  1217      0      465   1778    0(0)      0(0)     0     0
1320  c327ea032f30a371  e8fc541f8ce8284c  b83fa9f1a9767d34      0  1217      0      465   1778    0(0)      0(0)     0     0
1380  c327ea032f30a371  e8fc541f8ce8284c  b83fa9f1a9767d34      0  1217      0      465   1778    0(0)      0(0)     0     0
1440  c327ea032f30a371  e8fc541f8ce8284c  b83fa9f1a9767d34      0  1217      0      465   1778    0(0)      0(0)     0     0
1500  c327ea032f30a371  e8fc541f8ce8284c  b83fa9f1a9767d34      0  1217      0      465   1778    0(0)      0(0)     0     0
1560  c327ea032f30a371  e8fc541f8ce8284c  b83fa9f1a9767d34      0  1217      0      465   1778    0(0)      0(0)     0     0
1620  c327ea032f30a371  e8fc541f8ce8284c  b83fa9f1a9767d34      0  1217      0      465   1778    0(0)      0(0)     0     0
1680  c327ea032f30a371  e8fc541f8ce8284c  b83fa9f1a9767d34      0  1217      0      465   1778    0(0)      0(0)     0     0
1740  c327ea032f30a371  e8fc541f8ce8284c  b83fa9f1a9767d34      0  1217      0      465   1778    0(0)      0(0)     0     0
1800  c327ea032f30a371  e8fc541f8ce8284c  b83fa9f1a9767d34      0  1217      0      465   1778    0(0)      0(0)     0     0
1860  c327ea032f30a371  e8fc541f8ce8284c  b83fa9f1a9767d34      0  1217      0      465   1778    0(0)      0(0)     0     0
1920  c327ea032f30a371  e8fc541f8ce8284c  b83fa9f1a9767d34      0  1217      0      465   1778    0(0)      0(0)     0     0
1980  c327ea032f30a371  e8fc541f8ce8284c  b83fa9f1a9767d34      0  1217      0      465   1778    0(0)      0(0)     0     0
2040  c327ea032f30a371  e8fc541f8ce8284c  b83fa9f1a9767d34      0  1217      0      465   1778    0(0)      0(0)     0     0
2100  c327ea032f30a371  e8fc541f8ce8284c  b83fa9f1a9767d34      0  1217      0      465   1778    0(0)      0(0)     0     0
2160  c327ea032f30a371  e8fc541f8ce8284c  b83fa9f1a9767d34      0  1217      0      465   1778    0(0)      0(0)     0     0
2220  c327ea032f30a371  e8fc541f8ce8284c  b83fa9f1a9767d34      0  1217      0      465   1778    0(0)      0(0)     0     0
2280  c327ea032f30a371  e8fc541f8ce8284c  b83fa9f1a9767d34      0  1217      0      465   1778    0(0)      0(0)     0     0
2340  c327ea032f30a371  e8fc541f8ce8284c  b83fa9f1a9767d34      0  1217      0      465   1778    0(0)      0(0)     0     0
2400  c327ea032f30a371  e8fc541f8ce8284c  b83fa9f1a9767d34      0  1217      0      465   1778    0(0)      0(0)     0     0
2460  c327ea032f30a371  e8fc541f8ce8284c  b83fa9f1a9767d34      0  1217      0      465   1778    0(0)      0(0)     0     0
2520  c327ea032f30a371  e8fc541f8ce8284c  b83fa9f1a9767d34      0  1217      0      465   1778    0(0)      0(0)     0     0
2580  c327ea032f30a371  e8fc541f8ce8284c  b83fa9f1a9767d34      0  1217      0      465   1778    0(0)      0(0)     0     0
2640  c327ea032f30a371  e8fc541f8ce8284c  b83fa9f1a9767d34      0  1217      0      465   1778    0(0)      0(0)     0     0
2700  c327ea032f30a371  e8fc541f8ce8284c  b83fa9f1a9767d34      0  1217      0      465   1778    0(0)      0(0)     0     0
2760  c327ea032f30a371  e8fc541f8ce8284c  b83fa9f1a9767d34      0  1217      0      465   1778    0(0)      0(0)     0     0
2820  c327ea032f30a371  e8fc541f8ce8284c  b83fa9f1a9767d34      0  1217      0      465   1778    0(0)      0(0)     0     0
2880  c327ea032f30a371  e8fc541f8ce8284c  b83fa9f1a9767d34      0  1217      0      465   1778    0(0)      0(0)     0     0
2940  c327ea032f30a371  e8fc541f8ce8284c  b83fa9f1a9767d34      0  1217      0      465   1778    0(0)      0(0)     0     0
3000  c327ea032f30a371  e8fc541f8ce8284c  b83fa9f1a9767d34      0  1217      0      465   1778    0(0)      0(0)     0     0
3060  c327ea032f30a371  e8fc541f8ce8284c  b83fa9f1a9767d34      0  1217      0      465   1778    0(0)      0(0)     0     0
3120  c327ea032f30a371  e8fc541f8ce8284c  b83fa9f1a9767d34      0  1217      0      465   1778    0(0)      0(0)     0     0
3180  c327ea032f30a371  e8fc541f8ce8284c  b83fa9f1a9767d34      0  1217      0      465   1778    0(0)      0(0)     0     0
3240  c327ea032f30a371  e8fc541f8ce8284c  b83fa9f1a9767d34      0  1217      0      465   1778    0(0)      0(0)     0     0
3300  c327ea032f30a371  e8fc541f8ce8284c  b83fa9f1a9767d34      0  1217      0      465   1778    0(0)      0(0)     0     0
3360  c327ea032f30a371  e8fc541f8ce8284c  b83fa9f1a9767d34      0  1217      0      465   1778    0(0)      0(0)     0     0
3420  c327ea032f30a371  e8fc541f8ce8284c  b83fa9f1a9767d34      0  1217      0      465   1778    0(0)      0(0)     0     0
3480  c327ea032f30a371  e8fc541f8ce8284c  b83fa9f1a9767d34      0  1217      0      465   1778    0(0)      0(0)     0     0
3540  c327ea032f30a371  e8fc541f8ce8284c  b83fa9f1a9767d34      0  1217      0      465   1778    0(0)      0(0)     0     0
3600  c327ea032f30a371  e8fc541f8ce8284c  b83fa9f1a9767d34      0  1217      0      465   1778    0(0)      0(0)     0     0
threads 1: 0.421 ms/tick, saturations 0, floating-point sentinel clean; per-tick hashes (reference)
threads 8: 0.257 ms/tick, saturations 0, floating-point sentinel clean; per-tick hashes identical
solve: every dynamic body asleep from tick 278; deepest point -0.176036 m (tick 63, bodies 124 149), at rest (the 60 ticks before every body sleeps, or the last 60) -0.00874932 m (tick 218, bodies 38 63); at most 329 dispatches a tick
rest: after tick 3600, over every touching pair (sleeping ones too): deepest point -0.00874086 m (bodies 38 63), 465 touching pairs
toy F pile200: run hash a70f879d6f56d16b, final bodies c327ea032f30a371 manifolds e8fc541f8ce8284c stages b83fa9f1a9767d34, threads agree, saturations 0 (twin: gcc 13.3.0, aarch64, contraction off)
