toy pile200, dialect D, 3600 ticks, threads 1 8; gravity 10, sleep on, contact recycling on
twin: gcc 13.3.0, aarch64, contraction off
layout sizes C/twin: Hull 112/112 HullFace 40/40 BodyState 112/112 BodyPose 56/56 BodyMass 144/144 Aabb 32/32 Params 344/344 Hash2 8/8 V3 24/24 Pair 24/24 Manifold 632/632 SatAxis 88/88 NarrowDiag 128/128 Constraint 840/840
scene pile200 (seed 3): 205 bodies (5 static), 203 hulls (40 irregular chunks, 15 redrawn), largest hull 14 vertices 9 faces 42 half-edges; mass 4.415 to 55.66 kg; quantisation range errors 0
  hull 0 (box 12 x 1 x 12 m): volume 144 (8abc 144), Ixx/density 1740 (V(b^2+c^2)/3 1740), Ixy -0
traj /home/consulear/lpf-m11/lab/gpu/results/spark-gb10/toy/sanity_D.pile200-s3.traj: 3601 records of 205 bodies, every 1 ticks
tick  bodies-hash       manifolds-hash    stages-hash       awake pairs active touching points colours(ovf) islands(largest) slept woken
   1  d4a27c27ac28597c  013dfb0cd9165c42  d37ccdf1dd0946f7    200     1      1        0      0    1(0)    200(1)     0     0
   2  249dfdc44503c382  43d4bff6702696a5  73068704d936a44b    200     1      1        0      0    1(0)    200(1)     0     0
   3  b6c10a5fe97da661  43d4bff6702696a5  73068704d936a44b    200     1      1        0      0    1(0)    200(1)     0     0
   4  26aef4df96f075e8  43d4bff6702696a5  73068704d936a44b    200     1      1        0      0    1(0)    200(1)     0     0
   5  d063e9059020b418  43d4bff6702696a5  73068704d936a44b    200     1      1        0      0    1(0)    200(1)     0     0
   6  dd5470fc9888475d  43d4bff6702696a5  73068704d936a44b    200     1      1        0      0    1(0)    200(1)     0     0
   7  c11810239a932b7d  43d4bff6702696a5  73068704d936a44b    200     1      1        0      0    1(0)    200(1)     0     0
   8  1f092d9c14c14edf  43d4bff6702696a5  73068704d936a44b    200     1      1        0      0    1(0)    200(1)     0     0
   9  a13a0e18b829202b  43d4bff6702696a5  73068704d936a44b    200     1      1        0      0    1(0)    200(1)     0     0
  10  b02e315c03a14900  43d4bff6702696a5  73068704d936a44b    200     1      1        0      0    1(0)    200(1)     0     0
  11  df57eb0f0f6f5bad  43d4bff6702696a5  73068704d936a44b    200     1      1        0      0    1(0)    200(1)     0     0
  12  73314441ef40baf3  43d4bff6702696a5  73068704d936a44b    200     1      1        0      0    1(0)    200(1)     0     0
  13  da47cde96f58d965  43d4bff6702696a5  73068704d936a44b    200     1      1        0      0    1(0)    200(1)     0     0
  14  95f553636c94a8b3  43d4bff6702696a5  73068704d936a44b    200     1      1        0      0    1(0)    200(1)     0     0
  15  68e7dab2816772c1  43d4bff6702696a5  73068704d936a44b    200     1      1        0      0    1(0)    200(1)     0     0
  16  1157251c393fde80  43d4bff6702696a5  73068704d936a44b    200     1      1        0      0    1(0)    200(1)     0     0
  17  f614a891a7861808  43d4bff6702696a5  73068704d936a44b    200     1      1        0      0    1(0)    200(1)     0     0
  18  e54863c7ba935d8e  43d4bff6702696a5  73068704d936a44b    200     1      1        0      0    1(0)    200(1)     0     0
  19  36a7126a70a5cc75  013dfb0cd9165c42  73068704d936a44b    200     1      1        0      0    1(0)    200(1)     0     0
  20  3eb99826089b6710  a03a1a76cfd4d34b  73068704d936a44b    200     1      1        0      0    1(0)    200(1)     0     0
  21  8733ac046bf7e1df  013dfb0cd9165c42  73068704d936a44b    200     1      1        0      0    1(0)    200(1)     0     0
  22  b11340e1b7fadff0  a03a1a76cfd4d34b  73068704d936a44b    200     1      1        0      0    1(0)    200(1)     0     0
  23  f83dc1ca72599d2c  013dfb0cd9165c42  73068704d936a44b    200     1      1        0      0    1(0)    200(1)     0     0
  24  3c810dc869bbc099  a03a1a76cfd4d34b  73068704d936a44b    200     1      1        0      0    1(0)    200(1)     0     0
  25  104b3267c2aba550  013dfb0cd9165c42  73068704d936a44b    200     1      1        0      0    1(0)    200(1)     0     0
  26  ec5a9f759d60bef6  a03a1a76cfd4d34b  73068704d936a44b    200     1      1        0      0    1(0)    200(1)     0     0
  27  88346dff757a7e03  013dfb0cd9165c42  73068704d936a44b    200     1      1        0      0    1(0)    200(1)     0     0
  28  4ed742d786fde003  a03a1a76cfd4d34b  73068704d936a44b    200     1      1        0      0    1(0)    200(1)     0     0
  29  344fac3bdbe05da8  013dfb0cd9165c42  73068704d936a44b    200     1      1        0      0    1(0)    200(1)     0     0
  30  730b20e50b2a17af  a03a1a76cfd4d34b  73068704d936a44b    200     1      1        0      0    1(0)    200(1)     0     0
  31  200b33257738e876  013dfb0cd9165c42  73068704d936a44b    200     1      1        0      0    1(0)    200(1)     0     0
  32  a8661ef6ac07e51a  a03a1a76cfd4d34b  73068704d936a44b    200     1      1        0      0    1(0)    200(1)     0     0
  33  1d802d935c7f7e02  013dfb0cd9165c42  73068704d936a44b    200     1      1        0      0    1(0)    200(1)     0     0
  34  4763c2a0fec8f649  a03a1a76cfd4d34b  73068704d936a44b    200     1      1        0      0    1(0)    200(1)     0     0
  35  2d2f77df4ee81350  013dfb0cd9165c42  73068704d936a44b    200     1      1        0      0    1(0)    200(1)     0     0
  36  a4f80c5649cb89a3  a03a1a76cfd4d34b  73068704d936a44b    200     1      1        0      0    1(0)    200(1)     0     0
  37  d5c681b2e02dc45c  013dfb0cd9165c42  73068704d936a44b    200     1      1        0      0    1(0)    200(1)     0     0
  38  d88a90afdfc283b4  a03a1a76cfd4d34b  73068704d936a44b    200     1      1        0      0    1(0)    200(1)     0     0
  39  cf44359b2ef60eca  013dfb0cd9165c42  73068704d936a44b    200     1      1        0      0    1(0)    200(1)     0     0
  40  bc52708c5306129e  a03a1a76cfd4d34b  73068704d936a44b    200     1      1        0      0    1(0)    200(1)     0     0
  41  c498e0978d4b7916  013dfb0cd9165c42  73068704d936a44b    200     1      1        0      0    1(0)    200(1)     0     0
  42  b85f013653afe5e9  a03a1a76cfd4d34b  73068704d936a44b    200     1      1        0      0    1(0)    200(1)     0     0
  43  3793d48a2c06ef5e  013dfb0cd9165c42  73068704d936a44b    200     1      1        0      0    1(0)    200(1)     0     0
  44  e2bb31fa7e51fddd  6b1d1682acd24353  e138e6f06bd47af0    200     3      3        0      0    1(0)    200(1)     0     0
  45  5264c53b25c1fe69  74c0b5340ac1da8e  d7d53cefd3631100    200    18     18        2      8    1(0)    200(1)     0     0
  46  b4adb12df76e439b  48d57d9f61cad1cc  a287eaf14da04b07    200    26     26       25     99    1(0)    200(1)     0     0
  47  211b042c58075655  a49aec654446ade3  47e53f44fc764963    200    32     32       24     96    2(0)    200(1)     0     0
  48  8a79c724539a2c53  f3bd9d15c96b5541  f4ad3c7c74cd3b18    200    48     48       27    105    3(0)    200(1)     0     0
  49  338b8faddb735a82  2aae1d5e83e5507d  4f6f3f20544501b5    200    57     57       43    165    4(0)    194(2)     0     0
  50  05e838123a764718  2250341617b29be9  09fc191554995586    200    65     65       49    192    4(0)    180(2)     0     0
  51  3a62f385775c1cc0  d01cb2dfc0f515c5  29076742f808e486    200    81     81       54    210    5(0)    173(3)     0     0
  52  5a728c7b31d4fa06  efc965f401e23a42  4de369a7377a321a    200    91     91       67    262    5(0)    170(3)     0     0
  53  9d353b8741f0fe82  b35e97d945d19915  942990bcc176893c    200   106    106       74    292    6(0)    160(4)     0     0
  54  b2ca7ef4f3116d4d  5304c5722a4a5ef1  4f6fd3b6e74a3494    200   125    125       84    332    9(0)    152(4)     0     0
  55  2aff5d644a8262bf  4e0d99e2745a1397  11ed0020c47a732d    200   139    139       94    371    9(0)    146(4)     0     0
  56  e12e3955c8ef0936  55fa9ee17006e523  2e79a9072aa4453a    200   153    153       99    391    9(0)    138(5)     0     0
  57  067cea838cea1915  4f9dd5c0b219d9e7  9ce83ddffbdb928c    200   181    181      112    442   11(0)    131(5)     0     0
  58  df2e5bb500b05d7d  718d6180443e3d56  eab68ef9df233850    200   204    204      122    481   11(0)    120(9)     0     0
  59  58bcb550d5db3bb7  edf10502be31e87d  d672dd0699fa5cdb    200   216    216      129    502   10(0)    112(11)     0     0
  60  f1acc975367b097f  5562d7fa066823a0  50e410b35ad61d08    200   233    233      142    556    9(0)    106(11)     0     0
  61  17a33134e141240a  3b4ae2678bee6337  377fdf0a1bd3fa16    200   261    261      146    573    9(0)     94(12)     0     0
  62  4fb191a5ffc7246b  eabc7e9ffa82d13e  92f87504c5760197    200   291    291      162    635   10(0)     88(12)     0     0
  63  4fe8e39d5a4bfb84  39b319f074999143  3befbb1c2a78743a    200   335    335      171    667   14(0)     74(18)     0     0
  64  70ec6e4a03dc976a  58a8909ef090008d  c61e38f37360cffb    200   377    377      178    698   13(0)     67(14)     0     0
  65  07ba684b7f721562  803b06ef060154f0  62ab1337ea0294b9    200   426    426      191    754   14(0)     60(13)     0     0
  66  0ed1ec0ff7a23cac  99ac8e922fccab86  640ee88440c98465    200   463    463      213    835   15(0)     49(15)     0     0
  67  e6a39064344b61a6  a89cda40acf2427e  8140155ab0fa450c    200   516    516      213    836   14(0)     35(24)     0     0
  68  dace3ffdca5d0f4c  c6069c0c185b0fbb  27c6b2775766ef65    200   558    558      215    834   16(0)     34(27)     0     0
  69  3fb699f1ee1935e3  3350af44ab5901bb  993928377890454c    200   602    602      224    871   18(0)     33(31)     0     0
  70  fd12580914503b41  3727329af7660c0d  1f6fadedd8565068    200   628    628      238    929   18(0)     28(53)     0     0
  71  82a947e7e2241e1d  189d30c00d3e7f94  a125b3e3435df501    200   653    653      248    965   16(0)     25(70)     0     0
  72  5371f3ccc291e304  d72b6661025e0ed2  eb725f7769841263    200   689    689      245    963   17(0)     25(70)     0     0
  73  bb3628d88a83975f  5201733ac741df37  ee5e081260710d27    200   715    715      255    998   17(0)     24(40)     0     0
  74  62750c3faa2a74a0  6b3cdc8cf02be36d  2ebbf1224ef94f83    200   733    733      260   1012   20(0)     22(71)     0     0
  75  69ff03fd3bb1a92c  d2306070b17b16a8  b809499b89454591    200   760    760      269   1046   19(0)     25(126)     0     0
  76  16a74b7d615b2515  7a82522109af852d  2bcfe8e4cbd78248    200   769    769      264   1029   20(0)     25(88)     0     0
  77  7a7828b119825d94  38e8aeeb2531ee75  31cd043e0b57668d    200   778    778      272   1056   18(0)     28(147)     0     0
  78  428f1a5457ad2e06  d6ca17898646d770  d2b8584cfef28f6b    200   797    797      282   1103   17(0)     28(71)     0     0
  79  ae2f93e3b7773f26  6633262f4818efc4  ef69b69f7e0e83cf    200   810    810      284   1109   19(0)     26(146)     0     0
  80  00c8df5464d5bca0  2de8aba610536b88  1d550250c8e5a0c3    200   816    816      289   1119   19(0)     26(149)     0     0
  81  cc7b6d0b37a501ed  17877c9a0e550e95  28abecfbb57c2bca    200   825    825      283   1092   19(0)     23(157)     0     0
  82  a2fa31ef9728fe92  2382f5bdb57a21bd  d22d288410916e73    200   831    831      295   1127   19(0)     25(155)     0     0
  83  b92288c482577683  83e80f6639f9e4e7  d3d5bd48e3df01d9    200   837    837      308   1170   18(0)     21(163)     0     0
  84  5e2cbdf6fb8b94ae  14c8547d909039a8  5e8a0ab6bbc8c428    200   843    843      312   1187   20(0)     19(166)     0     0
  85  73b1f60e7b942a81  4acf913a4fd3080c  87abbdfd489cce23    200   849    849      311   1186   19(0)     18(174)     0     0
  86  8acb3b9ee5e8bb75  55f8e6e0e0c3d133  70b6f17504ab8435    200   846    846      311   1198   22(0)     20(170)     0     0
  87  cfba2eec64005191  2ffe6db34cd91bda  06a8dd8ea9da7aac    200   859    859      314   1208   20(0)     22(168)     0     0
  88  88605f9a741ac243  7124a3adb5f0563f  fcefc1eb88489787    200   876    876      332   1267   20(0)     22(169)     0     0
  89  4828a735847dae65  99611fc172dc4242  aafe15d33d0a8972    200   886    886      334   1274   20(0)     17(179)     0     0
  90  82697fa23a7988e5  07465c2eb585ce35  940ce7d06067a7b1    200   891    891      346   1320   20(0)     17(178)     0     0
  91  7581071f9a986aac  e3b4cc8092f14d60  7e021721d6fe950d    200   907    907      345   1312   21(0)     13(183)     0     0
  92  ddee8771f640570b  b5377cb878128f5d  d59bb618c641b927    200   913    913      348   1327   22(0)     15(180)     0     0
  93  fa53b847fcc53c9c  90064da96c5f282e  bf9c57eeb4bdecf3    200   926    926      352   1336   21(0)     17(179)     0     0
  94  0ad2e8b712afa22c  99eaa1953bde05b2  b5b6162e93f7343c    200   937    937      357   1356   22(0)     16(183)     0     0
  95  cac48b7570e3c241  be38cf7b6c406d5d  de260b11f8515939    200   940    940      358   1349   21(0)     14(185)     0     0
  96  a0bf8a9501ba253b  ff57c6e682b72421  ac4b3d08042ac6ce    200   941    941      364   1380   22(0)     13(186)     0     0
  97  ece6803565c9a671  797f8583bd1caeb7  beea49b9c89adc16    200   938    938      364   1380   23(0)     13(185)     0     0
  98  014026376fa01ae4  002aaa4e61c45d0f  099fc6a0cc9b7ec1    200   954    954      360   1364   22(0)     14(186)     0     0
  99  6f249e5c9694355f  c60d0d4a3e71cee1  6f9abd673380164c    200   965    965      365   1394   23(0)     16(183)     0     0
 100  b77d902419e36ff5  eb57297b1e601348  cfcf18b6e49b2430    200   973    973      371   1417   23(0)     14(185)     0     0
 101  7c935c38fbc884f6  d3af37b726ca6a46  d7cf4b1eb4c9e663    200   977    977      376   1436   25(0)     13(187)     0     0
 102  4cf557530e02d57f  4178332df93beba5  7addb27ec6114dba    200   977    977      378   1442   25(0)     13(188)     0     0
 103  af1044ceb944f759  567d345cfc1403e4  1e18954ec559427e    200   987    987      383   1459   25(0)     12(189)     0     0
 104  439140e756e829ad  e91abc48c3a34fac  4721c1963b745f00    200   998    998      386   1470   25(0)     11(187)     0     0
 105  afeaf56f23a19739  076232c8518e6a70  4a061d4bf10f8822    200  1017   1017      394   1502   25(0)     11(186)     0     0
 106  f39e083cd3b0dcb5  feb10b7616922cc4  9c2b1e15ab92e245    200  1024   1024      401   1524   26(0)     12(183)     0     0
 107  6eb27a641c04b4db  dc67f24b3c997f8c  80ec2b92c10a24b2    200  1030   1030      404   1532   25(0)      8(191)     0     0
 108  8c024943963ffb3a  ae934d5dddae9787  0fa9928cfe4d726c    200  1041   1041      405   1533   25(0)      8(189)     0     0
 109  053c5586c48322eb  84a567d7e2d264c2  fc5e98d397f5d32c    200  1045   1045      400   1514   26(0)      9(188)     0     0
 110  f5a6a30a715bbe0d  2fb3ba31f2ef9254  b853795b15dab9e1    199  1055   1053      406   1534   26(0)     10(186)     1     0
 111  b6bfa1ddbc668a86  882f6460afd3e77c  fc187c905cd7fded    199  1065   1063      411   1546   27(0)      8(192)     0     0
 112  11eb6bd387abab09  8a013ae779908db3  efd59d24b711ea77    199  1077   1075      414   1561   25(0)      7(193)     0     0
 113  77d4f62b2e813ff6  68e36e8752f45fe5  d41e37b2916d941f    199  1080   1078      416   1579   26(0)      5(195)     0     0
 114  bfdb5cd72884d4ee  0ab078e41f919ec1  dd2cb223cdefe088    199  1086   1084      418   1585   25(0)      4(196)     0     0
 115  e456bce650f5c76d  51634fcc85acbbef  4d14b3fef97dde2f    199  1091   1089      418   1589   25(0)      4(196)     0     0
 116  368eaa82dada8bfc  17f04758913d772e  afdf0eba30db6c45    199  1095   1093      419   1599   25(0)      6(194)     0     0
 117  9a11436bd3648d07  50a386175af32a32  625a46adeb0e998a    199  1097   1095      424   1605   25(0)      5(195)     0     0
 118  fb2ad128969c6228  8dbb44b00bc65cd1  672fce694201e8d5    199  1094   1092      425   1612   25(0)      4(196)     0     0
 119  ef9ac5384e474d8d  b4b8215d44e09665  a91e976f894dda5c    199  1100   1098      425   1611   25(0)      5(195)     0     0
 120  1a96748270f5f6b2  2766f80e994f16e8  3236f34a0ca6b927    199  1100   1098      428   1624   26(0)      7(193)     0     0
 180  68920f9a1fa39de9  ad1b9e38138d60e9  33526d41332c0553    197  1195   1189      478   1830   28(0)      2(196)     0     0
 240  555739806a7780b5  7f606ae38dd2e1b1  78575d772aee46fb    197  1189   1183      488   1871   29(0)      2(195)     0     0
 300  3dedc22f9284dcb7  b7d0b33bf81e1978  0bb6bc7f397aff2b      0  1189      0      488   1871    0(0)      0(0)     0     0
 360  3dedc22f9284dcb7  b7d0b33bf81e1978  0bb6bc7f397aff2b      0  1189      0      488   1871    0(0)      0(0)     0     0
 420  3dedc22f9284dcb7  b7d0b33bf81e1978  0bb6bc7f397aff2b      0  1189      0      488   1871    0(0)      0(0)     0     0
 480  3dedc22f9284dcb7  b7d0b33bf81e1978  0bb6bc7f397aff2b      0  1189      0      488   1871    0(0)      0(0)     0     0
 540  3dedc22f9284dcb7  b7d0b33bf81e1978  0bb6bc7f397aff2b      0  1189      0      488   1871    0(0)      0(0)     0     0
 600  3dedc22f9284dcb7  b7d0b33bf81e1978  0bb6bc7f397aff2b      0  1189      0      488   1871    0(0)      0(0)     0     0
 660  3dedc22f9284dcb7  b7d0b33bf81e1978  0bb6bc7f397aff2b      0  1189      0      488   1871    0(0)      0(0)     0     0
 720  3dedc22f9284dcb7  b7d0b33bf81e1978  0bb6bc7f397aff2b      0  1189      0      488   1871    0(0)      0(0)     0     0
 780  3dedc22f9284dcb7  b7d0b33bf81e1978  0bb6bc7f397aff2b      0  1189      0      488   1871    0(0)      0(0)     0     0
 840  3dedc22f9284dcb7  b7d0b33bf81e1978  0bb6bc7f397aff2b      0  1189      0      488   1871    0(0)      0(0)     0     0
 900  3dedc22f9284dcb7  b7d0b33bf81e1978  0bb6bc7f397aff2b      0  1189      0      488   1871    0(0)      0(0)     0     0
 960  3dedc22f9284dcb7  b7d0b33bf81e1978  0bb6bc7f397aff2b      0  1189      0      488   1871    0(0)      0(0)     0     0
1020  3dedc22f9284dcb7  b7d0b33bf81e1978  0bb6bc7f397aff2b      0  1189      0      488   1871    0(0)      0(0)     0     0
1080  3dedc22f9284dcb7  b7d0b33bf81e1978  0bb6bc7f397aff2b      0  1189      0      488   1871    0(0)      0(0)     0     0
1140  3dedc22f9284dcb7  b7d0b33bf81e1978  0bb6bc7f397aff2b      0  1189      0      488   1871    0(0)      0(0)     0     0
1200  3dedc22f9284dcb7  b7d0b33bf81e1978  0bb6bc7f397aff2b      0  1189      0      488   1871    0(0)      0(0)     0     0
1260  3dedc22f9284dcb7  b7d0b33bf81e1978  0bb6bc7f397aff2b      0  1189      0      488   1871    0(0)      0(0)     0     0
1320  3dedc22f9284dcb7  b7d0b33bf81e1978  0bb6bc7f397aff2b      0  1189      0      488   1871    0(0)      0(0)     0     0
1380  3dedc22f9284dcb7  b7d0b33bf81e1978  0bb6bc7f397aff2b      0  1189      0      488   1871    0(0)      0(0)     0     0
1440  3dedc22f9284dcb7  b7d0b33bf81e1978  0bb6bc7f397aff2b      0  1189      0      488   1871    0(0)      0(0)     0     0
1500  3dedc22f9284dcb7  b7d0b33bf81e1978  0bb6bc7f397aff2b      0  1189      0      488   1871    0(0)      0(0)     0     0
1560  3dedc22f9284dcb7  b7d0b33bf81e1978  0bb6bc7f397aff2b      0  1189      0      488   1871    0(0)      0(0)     0     0
1620  3dedc22f9284dcb7  b7d0b33bf81e1978  0bb6bc7f397aff2b      0  1189      0      488   1871    0(0)      0(0)     0     0
1680  3dedc22f9284dcb7  b7d0b33bf81e1978  0bb6bc7f397aff2b      0  1189      0      488   1871    0(0)      0(0)     0     0
1740  3dedc22f9284dcb7  b7d0b33bf81e1978  0bb6bc7f397aff2b      0  1189      0      488   1871    0(0)      0(0)     0     0
1800  3dedc22f9284dcb7  b7d0b33bf81e1978  0bb6bc7f397aff2b      0  1189      0      488   1871    0(0)      0(0)     0     0
1860  3dedc22f9284dcb7  b7d0b33bf81e1978  0bb6bc7f397aff2b      0  1189      0      488   1871    0(0)      0(0)     0     0
1920  3dedc22f9284dcb7  b7d0b33bf81e1978  0bb6bc7f397aff2b      0  1189      0      488   1871    0(0)      0(0)     0     0
1980  3dedc22f9284dcb7  b7d0b33bf81e1978  0bb6bc7f397aff2b      0  1189      0      488   1871    0(0)      0(0)     0     0
2040  3dedc22f9284dcb7  b7d0b33bf81e1978  0bb6bc7f397aff2b      0  1189      0      488   1871    0(0)      0(0)     0     0
2100  3dedc22f9284dcb7  b7d0b33bf81e1978  0bb6bc7f397aff2b      0  1189      0      488   1871    0(0)      0(0)     0     0
2160  3dedc22f9284dcb7  b7d0b33bf81e1978  0bb6bc7f397aff2b      0  1189      0      488   1871    0(0)      0(0)     0     0
2220  3dedc22f9284dcb7  b7d0b33bf81e1978  0bb6bc7f397aff2b      0  1189      0      488   1871    0(0)      0(0)     0     0
2280  3dedc22f9284dcb7  b7d0b33bf81e1978  0bb6bc7f397aff2b      0  1189      0      488   1871    0(0)      0(0)     0     0
2340  3dedc22f9284dcb7  b7d0b33bf81e1978  0bb6bc7f397aff2b      0  1189      0      488   1871    0(0)      0(0)     0     0
2400  3dedc22f9284dcb7  b7d0b33bf81e1978  0bb6bc7f397aff2b      0  1189      0      488   1871    0(0)      0(0)     0     0
2460  3dedc22f9284dcb7  b7d0b33bf81e1978  0bb6bc7f397aff2b      0  1189      0      488   1871    0(0)      0(0)     0     0
2520  3dedc22f9284dcb7  b7d0b33bf81e1978  0bb6bc7f397aff2b      0  1189      0      488   1871    0(0)      0(0)     0     0
2580  3dedc22f9284dcb7  b7d0b33bf81e1978  0bb6bc7f397aff2b      0  1189      0      488   1871    0(0)      0(0)     0     0
2640  3dedc22f9284dcb7  b7d0b33bf81e1978  0bb6bc7f397aff2b      0  1189      0      488   1871    0(0)      0(0)     0     0
2700  3dedc22f9284dcb7  b7d0b33bf81e1978  0bb6bc7f397aff2b      0  1189      0      488   1871    0(0)      0(0)     0     0
2760  3dedc22f9284dcb7  b7d0b33bf81e1978  0bb6bc7f397aff2b      0  1189      0      488   1871    0(0)      0(0)     0     0
2820  3dedc22f9284dcb7  b7d0b33bf81e1978  0bb6bc7f397aff2b      0  1189      0      488   1871    0(0)      0(0)     0     0
2880  3dedc22f9284dcb7  b7d0b33bf81e1978  0bb6bc7f397aff2b      0  1189      0      488   1871    0(0)      0(0)     0     0
2940  3dedc22f9284dcb7  b7d0b33bf81e1978  0bb6bc7f397aff2b      0  1189      0      488   1871    0(0)      0(0)     0     0
3000  3dedc22f9284dcb7  b7d0b33bf81e1978  0bb6bc7f397aff2b      0  1189      0      488   1871    0(0)      0(0)     0     0
3060  3dedc22f9284dcb7  b7d0b33bf81e1978  0bb6bc7f397aff2b      0  1189      0      488   1871    0(0)      0(0)     0     0
3120  3dedc22f9284dcb7  b7d0b33bf81e1978  0bb6bc7f397aff2b      0  1189      0      488   1871    0(0)      0(0)     0     0
3180  3dedc22f9284dcb7  b7d0b33bf81e1978  0bb6bc7f397aff2b      0  1189      0      488   1871    0(0)      0(0)     0     0
3240  3dedc22f9284dcb7  b7d0b33bf81e1978  0bb6bc7f397aff2b      0  1189      0      488   1871    0(0)      0(0)     0     0
3300  3dedc22f9284dcb7  b7d0b33bf81e1978  0bb6bc7f397aff2b      0  1189      0      488   1871    0(0)      0(0)     0     0
3360  3dedc22f9284dcb7  b7d0b33bf81e1978  0bb6bc7f397aff2b      0  1189      0      488   1871    0(0)      0(0)     0     0
3420  3dedc22f9284dcb7  b7d0b33bf81e1978  0bb6bc7f397aff2b      0  1189      0      488   1871    0(0)      0(0)     0     0
3480  3dedc22f9284dcb7  b7d0b33bf81e1978  0bb6bc7f397aff2b      0  1189      0      488   1871    0(0)      0(0)     0     0
3540  3dedc22f9284dcb7  b7d0b33bf81e1978  0bb6bc7f397aff2b      0  1189      0      488   1871    0(0)      0(0)     0     0
3600  3dedc22f9284dcb7  b7d0b33bf81e1978  0bb6bc7f397aff2b      0  1189      0      488   1871    0(0)      0(0)     0     0
threads 1: 0.523 ms/tick, saturations 0, floating-point sentinel clean; per-tick hashes (reference)
threads 8: 0.246 ms/tick, saturations 0, floating-point sentinel clean; per-tick hashes identical
solve: every dynamic body asleep from tick 254; deepest point -0.175956 m (tick 63, bodies 124 149), at rest (the 60 ticks before every body sleeps, or the last 60) -0.0150627 m (tick 198, bodies 167 192); at most 366 dispatches a tick
rest: after tick 3600, over every touching pair (sleeping ones too): deepest point -0.0108844 m (bodies 101 151), 488 touching pairs
toy D pile200: run hash c4c6b5413091a552, final bodies 3dedc22f9284dcb7 manifolds b7d0b33bf81e1978 stages 0bb6bc7f397aff2b, threads agree, saturations 0 (twin: gcc 13.3.0, aarch64, contraction off)
