toy bounce, dialect V4, 600 ticks, threads 1 8; gravity 10, sleep on, contact recycling on
twin: clang 18.1.3 (1ubuntu1), aarch64, contraction off
layout sizes C/twin: Hull 68/68 HullFace 24/24 BodyState 60/60 BodyPose 40/40 BodyMass 80/80 Aabb 32/32 Params 184/184 Hash2 8/8 V3 12/12 Pair 24/24 Manifold 348/348 SatAxis 72/72 NarrowDiag 64/64 Constraint 460/460
scene bounce (seed 1): 2 bodies (1 static), 2 hulls (0 irregular chunks, 0 redrawn), largest hull 8 vertices 6 faces 24 half-edges; mass 125 to 125 kg; quantisation range errors 0
  hull 0 (box 20 x 1 x 20 m): volume 400 (8abc 400), Ixx/density 13366.7 (V(b^2+c^2)/3 13366.7), Ixy -0
tick  bodies-hash       manifolds-hash    stages-hash       awake pairs active touching points colours(ovf) islands(largest) slept woken
   1  edd28051b856f9e6  0000000000000000  dd5d5143d89215b6      1     0      0        0      0    0(0)      1(1)     0     0
   2  a8704e44a6b0731f  0000000000000000  dd5d5143d89215b6      1     0      0        0      0    0(0)      1(1)     0     0
   3  4ab173cf40f0cab8  0000000000000000  dd5d5143d89215b6      1     0      0        0      0    0(0)      1(1)     0     0
   4  20140b5576ac2d32  0000000000000000  dd5d5143d89215b6      1     0      0        0      0    0(0)      1(1)     0     0
   5  e50f0e64abeffcbf  0000000000000000  dd5d5143d89215b6      1     0      0        0      0    0(0)      1(1)     0     0
   6  430ab90e5d3a4d58  0000000000000000  dd5d5143d89215b6      1     0      0        0      0    0(0)      1(1)     0     0
   7  59d64172876c749e  0000000000000000  dd5d5143d89215b6      1     0      0        0      0    0(0)      1(1)     0     0
   8  e1c536c067a9bff1  0000000000000000  dd5d5143d89215b6      1     0      0        0      0    0(0)      1(1)     0     0
   9  c35df4735174b540  0000000000000000  dd5d5143d89215b6      1     0      0        0      0    0(0)      1(1)     0     0
  10  b8e2d36e5752f8fb  0000000000000000  dd5d5143d89215b6      1     0      0        0      0    0(0)      1(1)     0     0
  11  9da91ff2de61e155  0000000000000000  dd5d5143d89215b6      1     0      0        0      0    0(0)      1(1)     0     0
  12  30562904fa6832e7  0000000000000000  dd5d5143d89215b6      1     0      0        0      0    0(0)      1(1)     0     0
  13  e0e4edcca9d6711d  0000000000000000  dd5d5143d89215b6      1     0      0        0      0    0(0)      1(1)     0     0
  14  44ea2ddff92d22e6  0000000000000000  dd5d5143d89215b6      1     0      0        0      0    0(0)      1(1)     0     0
  15  791a368b52b29148  0000000000000000  dd5d5143d89215b6      1     0      0        0      0    0(0)      1(1)     0     0
  16  9a23e58ec4063ad8  0000000000000000  dd5d5143d89215b6      1     0      0        0      0    0(0)      1(1)     0     0
  17  855fb4aac23f5ad7  0000000000000000  dd5d5143d89215b6      1     0      0        0      0    0(0)      1(1)     0     0
  18  1755d3dd1f6cadf6  0000000000000000  dd5d5143d89215b6      1     0      0        0      0    0(0)      1(1)     0     0
  19  bc176f42ac3e37d3  0000000000000000  dd5d5143d89215b6      1     0      0        0      0    0(0)      1(1)     0     0
  20  44f0ea232ebf0fab  0000000000000000  dd5d5143d89215b6      1     0      0        0      0    0(0)      1(1)     0     0
  21  4a6961f6f9732978  0000000000000000  dd5d5143d89215b6      1     0      0        0      0    0(0)      1(1)     0     0
  22  d82c2d460f008354  0000000000000000  dd5d5143d89215b6      1     0      0        0      0    0(0)      1(1)     0     0
  23  2c8e2b5bf1ec37ff  0000000000000000  dd5d5143d89215b6      1     0      0        0      0    0(0)      1(1)     0     0
  24  816685373808147f  0000000000000000  dd5d5143d89215b6      1     0      0        0      0    0(0)      1(1)     0     0
  25  d224fd04ebc48e3c  0000000000000000  dd5d5143d89215b6      1     0      0        0      0    0(0)      1(1)     0     0
  26  a4cc9cdf4a67ba18  0000000000000000  dd5d5143d89215b6      1     0      0        0      0    0(0)      1(1)     0     0
  27  8f3f5adf50e5a5bb  0000000000000000  dd5d5143d89215b6      1     0      0        0      0    0(0)      1(1)     0     0
  28  9913894d901302a5  0000000000000000  dd5d5143d89215b6      1     0      0        0      0    0(0)      1(1)     0     0
  29  910792f2fa64109f  0000000000000000  dd5d5143d89215b6      1     0      0        0      0    0(0)      1(1)     0     0
  30  e4a574b12fc948e2  0000000000000000  dd5d5143d89215b6      1     0      0        0      0    0(0)      1(1)     0     0
  31  49fbf3875147e8fe  0000000000000000  dd5d5143d89215b6      1     0      0        0      0    0(0)      1(1)     0     0
  32  6033775fd7d9a6d3  0000000000000000  dd5d5143d89215b6      1     0      0        0      0    0(0)      1(1)     0     0
  33  57c370c0063d096a  0000000000000000  dd5d5143d89215b6      1     0      0        0      0    0(0)      1(1)     0     0
  34  22126cd09467e5e9  0000000000000000  dd5d5143d89215b6      1     0      0        0      0    0(0)      1(1)     0     0
  35  f0027aa04c078bb3  0000000000000000  dd5d5143d89215b6      1     0      0        0      0    0(0)      1(1)     0     0
  36  7752e917539a13a1  f011247fd5558db8  b849fd8090140b31      1     1      1        0      0    1(0)      1(1)     0     0
  37  ca4c9c2e9d96fb2f  ab5df36661730f17  78e73fa28c29697d      1     1      1        1      4    1(0)      1(1)     0     0
  38  e0e65c1b9f592353  57a483508d550445  78e73fa28c29697d      1     1      1        1      4    1(0)      1(1)     0     0
  39  0f9993252a579c97  fc02dcfb653ab9c9  78e73fa28c29697d      1     1      1        1      4    1(0)      1(1)     0     0
  40  13199eccaa9e7e21  bbe125bff5ff5ad0  78e73fa28c29697d      1     1      1        1      4    1(0)      1(1)     0     0
  41  48018f40b9df014e  7ae43d258c5803d7  78e73fa28c29697d      1     1      1        0      0    1(0)      1(1)     0     0
  42  d3434c875404fe74  0000000000000000  dd5d5143d89215b6      1     0      0        0      0    0(0)      1(1)     0     0
  43  4c7c1a15e047496d  0000000000000000  dd5d5143d89215b6      1     0      0        0      0    0(0)      1(1)     0     0
  44  13978e817f99305f  0000000000000000  dd5d5143d89215b6      1     0      0        0      0    0(0)      1(1)     0     0
  45  ce94366149c40890  0000000000000000  dd5d5143d89215b6      1     0      0        0      0    0(0)      1(1)     0     0
  46  dbc08f5a3c8ff5c5  0000000000000000  dd5d5143d89215b6      1     0      0        0      0    0(0)      1(1)     0     0
  47  8ed09ab3e874d79a  0000000000000000  dd5d5143d89215b6      1     0      0        0      0    0(0)      1(1)     0     0
  48  1835d72e4d8c5ebb  0000000000000000  dd5d5143d89215b6      1     0      0        0      0    0(0)      1(1)     0     0
  49  bdf24d6487525d46  0000000000000000  dd5d5143d89215b6      1     0      0        0      0    0(0)      1(1)     0     0
  50  bcf4071f641c566e  0000000000000000  dd5d5143d89215b6      1     0      0        0      0    0(0)      1(1)     0     0
  51  1423bbcab48461c0  0000000000000000  dd5d5143d89215b6      1     0      0        0      0    0(0)      1(1)     0     0
  52  47fda7790ce59e68  0000000000000000  dd5d5143d89215b6      1     0      0        0      0    0(0)      1(1)     0     0
  53  167ae24cae1ea73b  0000000000000000  dd5d5143d89215b6      1     0      0        0      0    0(0)      1(1)     0     0
  54  f64177c17f261590  0000000000000000  dd5d5143d89215b6      1     0      0        0      0    0(0)      1(1)     0     0
  55  78529093ba5b1b23  0000000000000000  dd5d5143d89215b6      1     0      0        0      0    0(0)      1(1)     0     0
  56  e9f8e374e35d9ff8  0000000000000000  dd5d5143d89215b6      1     0      0        0      0    0(0)      1(1)     0     0
  57  ce7563afe49195dd  0000000000000000  dd5d5143d89215b6      1     0      0        0      0    0(0)      1(1)     0     0
  58  de9e066ae89f390e  0000000000000000  dd5d5143d89215b6      1     0      0        0      0    0(0)      1(1)     0     0
  59  7025849c88922471  0000000000000000  dd5d5143d89215b6      1     0      0        0      0    0(0)      1(1)     0     0
  60  d4b50e34b9a46c20  0000000000000000  dd5d5143d89215b6      1     0      0        0      0    0(0)      1(1)     0     0
  61  8d7529e8f87a4e88  0000000000000000  dd5d5143d89215b6      1     0      0        0      0    0(0)      1(1)     0     0
  62  bc348b4d0596d2cd  0000000000000000  dd5d5143d89215b6      1     0      0        0      0    0(0)      1(1)     0     0
  63  c87f2c94aa162424  0000000000000000  dd5d5143d89215b6      1     0      0        0      0    0(0)      1(1)     0     0
  64  58601e74ae39eff9  0000000000000000  dd5d5143d89215b6      1     0      0        0      0    0(0)      1(1)     0     0
  65  762f911ca09e8789  0000000000000000  dd5d5143d89215b6      1     0      0        0      0    0(0)      1(1)     0     0
  66  07bba01782bec47a  0000000000000000  dd5d5143d89215b6      1     0      0        0      0    0(0)      1(1)     0     0
  67  89c7a6856ecfa96d  0000000000000000  dd5d5143d89215b6      1     0      0        0      0    0(0)      1(1)     0     0
  68  1fe35252c4ed8fd4  0000000000000000  dd5d5143d89215b6      1     0      0        0      0    0(0)      1(1)     0     0
  69  38a29a93243118b4  0000000000000000  dd5d5143d89215b6      1     0      0        0      0    0(0)      1(1)     0     0
  70  402fcbcd713f6bb9  0000000000000000  dd5d5143d89215b6      1     0      0        0      0    0(0)      1(1)     0     0
  71  b7a633ea81ff628e  922f98548df3bbf7  b849fd8090140b31      1     1      1        0      0    1(0)      1(1)     0     0
  72  f589e9ce0a56077a  e459d497cc45facc  78e73fa28c29697d      1     1      1        0      0    1(0)      1(1)     0     0
  73  b83ea9017909c4b4  3baaa1c0e3578f3e  78e73fa28c29697d      1     1      1        1      4    1(0)      1(1)     0     0
  74  3e4a82a0c1bad165  a463184b3518ee8e  78e73fa28c29697d      1     1      1        1      4    1(0)      1(1)     0     0
  75  353514b84e465fb2  c63b74427bbef390  78e73fa28c29697d      1     1      1        1      4    1(0)      1(1)     0     0
  76  ca150b01564b4781  9b6450932abcba27  78e73fa28c29697d      1     1      1        1      4    1(0)      1(1)     0     0
  77  a010fa1a42db308f  3913a359e9da1258  78e73fa28c29697d      1     1      1        0      0    1(0)      1(1)     0     0
  78  846b402c34443400  0cd3e018fb31fdf3  78e73fa28c29697d      1     1      1        0      0    1(0)      1(1)     0     0
  79  41c28eeaed909dfc  bc1d0402195209ce  78e73fa28c29697d      1     1      1        0      0    1(0)      1(1)     0     0
  80  c4b5fd3b27e51f5b  b1ea32a2c5b115c0  78e73fa28c29697d      1     1      1        0      0    1(0)      1(1)     0     0
  81  a1adce7865f51b30  b1ea32a2c5b115c0  78e73fa28c29697d      1     1      1        0      0    1(0)      1(1)     0     0
  82  9ddb1e105f43cdbd  b1ea32a2c5b115c0  78e73fa28c29697d      1     1      1        0      0    1(0)      1(1)     0     0
  83  88dff8b5a0ff256b  824c434808a354bb  78e73fa28c29697d      1     1      1        0      0    1(0)      1(1)     0     0
  84  b0f777266538d343  4931c95b759bd804  78e73fa28c29697d      1     1      1        0      0    1(0)      1(1)     0     0
  85  2b36f0d8682f4a05  4931c95b759bd804  78e73fa28c29697d      1     1      1        0      0    1(0)      1(1)     0     0
  86  09426a3bcae64736  033f136f3badf11f  78e73fa28c29697d      1     1      1        0      0    1(0)      1(1)     0     0
  87  c0c0bab67f0076ff  665ca8eea895c69e  78e73fa28c29697d      1     1      1        0      0    1(0)      1(1)     0     0
  88  ec356d8268eff272  40d772e9b8e63072  78e73fa28c29697d      1     1      1        0      0    1(0)      1(1)     0     0
  89  fb14983d8dd590b4  a9e801879f10b659  78e73fa28c29697d      1     1      1        0      0    1(0)      1(1)     0     0
  90  c6d119372ae9666c  f98066c845d2c7ab  78e73fa28c29697d      1     1      1        1      4    1(0)      1(1)     0     0
  91  fbd227791334f5d8  1d1c320f002adf0f  78e73fa28c29697d      1     1      1        1      4    1(0)      1(1)     0     0
  92  d7a59bb0b2cff979  36beba25d4c9e1df  78e73fa28c29697d      1     1      1        1      4    1(0)      1(1)     0     0
  93  1b8bd23b5a164628  b787bc0a6292a3b8  78e73fa28c29697d      1     1      1        1      4    1(0)      1(1)     0     0
  94  5f078d3213f265f7  5e992f8fda2331f2  78e73fa28c29697d      1     1      1        1      4    1(0)      1(1)     0     0
  95  59397d69c59270e1  c1466205561668b3  78e73fa28c29697d      1     1      1        1      4    1(0)      1(1)     0     0
  96  f381c006efa646d6  72ebcc43b9afb6be  78e73fa28c29697d      1     1      1        1      4    1(0)      1(1)     0     0
  97  4473a937ec4412e7  7692615729df4840  78e73fa28c29697d      1     1      1        1      4    1(0)      1(1)     0     0
  98  4bc9b0dcc2de2f03  54a7a5bc52c37cba  78e73fa28c29697d      1     1      1        1      4    1(0)      1(1)     0     0
  99  ee5097284d30dea5  950b7ae7ed15c951  78e73fa28c29697d      1     1      1        1      4    1(0)      1(1)     0     0
 100  9f4804bcb2271427  6179afe9e3178949  78e73fa28c29697d      1     1      1        1      4    1(0)      1(1)     0     0
 101  822bfa9db4b65436  7d425381b900d733  78e73fa28c29697d      1     1      1        1      4    1(0)      1(1)     0     0
 102  8f65c294e32254c7  cbc8141f8e02e092  78e73fa28c29697d      1     1      1        1      4    1(0)      1(1)     0     0
 103  ec593aae1a53076a  ab4dffcc0620d87c  78e73fa28c29697d      1     1      1        1      4    1(0)      1(1)     0     0
 104  7ce079b9c2d8dff1  56183e9a8f544bfb  78e73fa28c29697d      1     1      1        1      4    1(0)      1(1)     0     0
 105  eb2d6e55853d2ca1  59c2bd06f07f7b8e  78e73fa28c29697d      1     1      1        1      4    1(0)      1(1)     0     0
 106  cdb23c014f76ef88  82b7a1a35d37a124  78e73fa28c29697d      1     1      1        1      4    1(0)      1(1)     0     0
 107  7a55e160c12b946b  4f7d343d8c48ee2c  78e73fa28c29697d      1     1      1        1      4    1(0)      1(1)     0     0
 108  4e2d55f53afe2284  99cc8907997eca3e  78e73fa28c29697d      1     1      1        1      4    1(0)      1(1)     0     0
 109  b9a216f4336eb83d  0c38a7887bf3b8d9  78e73fa28c29697d      1     1      1        1      4    1(0)      1(1)     0     0
 110  90e9caa53c418ec1  65a197702868e78b  78e73fa28c29697d      1     1      1        1      4    1(0)      1(1)     0     0
 111  026587c29dc84d00  7b060b272d608215  78e73fa28c29697d      1     1      1        1      4    1(0)      1(1)     0     0
 112  4f6f2c19be49d44a  74d793213cd5a91f  78e73fa28c29697d      1     1      1        1      4    1(0)      1(1)     0     0
 113  9d0225fa73f36776  4dc76b701d9cfa24  78e73fa28c29697d      1     1      1        1      4    1(0)      1(1)     0     0
 114  1925ee13eb19f4c5  56f2e56903be2b1c  78e73fa28c29697d      1     1      1        1      4    1(0)      1(1)     0     0
 115  f3fc8ebd72cdb249  dc1bb1cd879bab9f  78e73fa28c29697d      1     1      1        1      4    1(0)      1(1)     0     0
 116  45de13a5b0201e95  bdef36f8217dd9bd  78e73fa28c29697d      1     1      1        1      4    1(0)      1(1)     0     0
 117  65c01a3aee9f3d3a  c08bdadd1bc8057d  78e73fa28c29697d      1     1      1        1      4    1(0)      1(1)     0     0
 118  6672542d117f8eda  0a56683b65026d93  78e73fa28c29697d      1     1      1        1      4    1(0)      1(1)     0     0
 119  0fc1ac50699a086d  5cd9baf30208119d  78e73fa28c29697d      1     1      1        1      4    1(0)      1(1)     0     0
 120  877fbe3712a28adb  a20ab3721f5ec554  78e73fa28c29697d      1     1      1        1      4    1(0)      1(1)     0     0
 180  078042412e7cdd0f  4700581b390addf3  2184b9899b304957      0     1      0        1      4    0(0)      0(0)     0     0
 240  078042412e7cdd0f  4700581b390addf3  2184b9899b304957      0     1      0        1      4    0(0)      0(0)     0     0
 300  078042412e7cdd0f  4700581b390addf3  2184b9899b304957      0     1      0        1      4    0(0)      0(0)     0     0
 360  078042412e7cdd0f  4700581b390addf3  2184b9899b304957      0     1      0        1      4    0(0)      0(0)     0     0
 420  078042412e7cdd0f  4700581b390addf3  2184b9899b304957      0     1      0        1      4    0(0)      0(0)     0     0
 480  078042412e7cdd0f  4700581b390addf3  2184b9899b304957      0     1      0        1      4    0(0)      0(0)     0     0
 540  078042412e7cdd0f  4700581b390addf3  2184b9899b304957      0     1      0        1      4    0(0)      0(0)     0     0
 600  078042412e7cdd0f  4700581b390addf3  2184b9899b304957      0     1      0        1      4    0(0)      0(0)     0     0
threads 1: 0.045 ms/tick, saturations 0, floating-point sentinel clean; per-tick hashes (reference)
threads 8: 0.052 ms/tick, saturations 0, floating-point sentinel clean; per-tick hashes identical
solve: every dynamic body asleep from tick 128; deepest point -0.0625033 m (tick 37, bodies 0 1), at rest (the 60 ticks before every body sleeps, or the last 60) -0.0125732 m (tick 90, bodies 0 1); at most 30 dispatches a tick
rest: after tick 600, over every touching pair (sleeping ones too): deepest point -7.05719e-05 m (bodies 0 1), 1 touching pairs
pose vs /home/consulear/lpf-m11/lab/gpu/results/spark-gb10/toy/bounce.D.pos, ticks 1-120: position rms 4.46e-06 m, max 1.16e-05 m (tick 89, body 1); rotation rms 9.39e-06 rad, max 3.52e-05 rad
pose vs /home/consulear/lpf-m11/lab/gpu/results/spark-gb10/toy/bounce.D.pos, ticks 121-600: position rms 2.78e-06 m, max 2.79e-06 m (tick 126, body 1); rotation rms 4.2e-06 rad, max 4.78e-06 rad
pose vs /home/consulear/lpf-m11/lab/gpu/results/spark-gb10/toy/bounce.D.pos, ticks 1-600: position rms 3.19e-06 m, max 1.16e-05 m (tick 89, body 1); rotation rms 5.64e-06 rad, max 3.52e-05 rad
body 1 at tick 600: y 0.249929518 m (free fall gives -498.208333)
toy V4 bounce: run hash 419876943b12a5bc, final bodies 078042412e7cdd0f manifolds 4700581b390addf3 stages 2184b9899b304957, threads agree, saturations 0 (twin: clang 18.1.3 (1ubuntu1), aarch64, contraction off)
