toy bounce, dialect D, 600 ticks, threads 1 8; gravity 10, sleep on, contact recycling on
twin: gcc 13.3.0, aarch64, contraction off
layout sizes C/twin: Hull 112/112 HullFace 40/40 BodyState 112/112 BodyPose 56/56 BodyMass 144/144 Aabb 32/32 Params 344/344 Hash2 8/8 V3 24/24 Pair 24/24 Manifold 632/632 SatAxis 88/88 NarrowDiag 128/128 Constraint 840/840
scene bounce (seed 1): 2 bodies (1 static), 2 hulls (0 irregular chunks, 0 redrawn), largest hull 8 vertices 6 faces 24 half-edges; mass 125 to 125 kg; quantisation range errors 0
  hull 0 (box 20 x 1 x 20 m): volume 400 (8abc 400), Ixx/density 13366.7 (V(b^2+c^2)/3 13366.7), Ixy -0
tick  bodies-hash       manifolds-hash    stages-hash       awake pairs active touching points colours(ovf) islands(largest) slept woken
   1  b1301e169ae36059  0000000000000000  dd5d5143d89215b6      1     0      0        0      0    0(0)      1(1)     0     0
   2  a3ed52aebe6934b6  0000000000000000  dd5d5143d89215b6      1     0      0        0      0    0(0)      1(1)     0     0
   3  6ea2d05fafce9ee6  0000000000000000  dd5d5143d89215b6      1     0      0        0      0    0(0)      1(1)     0     0
   4  7ad9719a66dad6f3  0000000000000000  dd5d5143d89215b6      1     0      0        0      0    0(0)      1(1)     0     0
   5  25301792765533aa  0000000000000000  dd5d5143d89215b6      1     0      0        0      0    0(0)      1(1)     0     0
   6  f6d5451142c7c6d5  0000000000000000  dd5d5143d89215b6      1     0      0        0      0    0(0)      1(1)     0     0
   7  14dbe261267eab08  0000000000000000  dd5d5143d89215b6      1     0      0        0      0    0(0)      1(1)     0     0
   8  078b59a847f4f82c  0000000000000000  dd5d5143d89215b6      1     0      0        0      0    0(0)      1(1)     0     0
   9  bbc857a576a75f13  0000000000000000  dd5d5143d89215b6      1     0      0        0      0    0(0)      1(1)     0     0
  10  fcecffa650e44e40  0000000000000000  dd5d5143d89215b6      1     0      0        0      0    0(0)      1(1)     0     0
  11  07760068101af44c  0000000000000000  dd5d5143d89215b6      1     0      0        0      0    0(0)      1(1)     0     0
  12  cfbc2070cc9f04f9  0000000000000000  dd5d5143d89215b6      1     0      0        0      0    0(0)      1(1)     0     0
  13  76aa3e39d2deee6a  0000000000000000  dd5d5143d89215b6      1     0      0        0      0    0(0)      1(1)     0     0
  14  d109e2b42a7bb312  0000000000000000  dd5d5143d89215b6      1     0      0        0      0    0(0)      1(1)     0     0
  15  24cf3daa7cb186e1  0000000000000000  dd5d5143d89215b6      1     0      0        0      0    0(0)      1(1)     0     0
  16  1a7eb4f7126cf355  0000000000000000  dd5d5143d89215b6      1     0      0        0      0    0(0)      1(1)     0     0
  17  43f0ba73ad5899c4  0000000000000000  dd5d5143d89215b6      1     0      0        0      0    0(0)      1(1)     0     0
  18  4af78761e599855d  0000000000000000  dd5d5143d89215b6      1     0      0        0      0    0(0)      1(1)     0     0
  19  dbbd9568ed7e2763  0000000000000000  dd5d5143d89215b6      1     0      0        0      0    0(0)      1(1)     0     0
  20  1fc624ea280ebe98  0000000000000000  dd5d5143d89215b6      1     0      0        0      0    0(0)      1(1)     0     0
  21  905e2b1c76fee8d6  0000000000000000  dd5d5143d89215b6      1     0      0        0      0    0(0)      1(1)     0     0
  22  ec9d45b1b5205677  0000000000000000  dd5d5143d89215b6      1     0      0        0      0    0(0)      1(1)     0     0
  23  e26d41cd21e0e7c8  0000000000000000  dd5d5143d89215b6      1     0      0        0      0    0(0)      1(1)     0     0
  24  30b583a93d7c3d18  0000000000000000  dd5d5143d89215b6      1     0      0        0      0    0(0)      1(1)     0     0
  25  787d28c9ae263c5b  0000000000000000  dd5d5143d89215b6      1     0      0        0      0    0(0)      1(1)     0     0
  26  1029481a8ad34f0e  0000000000000000  dd5d5143d89215b6      1     0      0        0      0    0(0)      1(1)     0     0
  27  abf4ce77da98143a  0000000000000000  dd5d5143d89215b6      1     0      0        0      0    0(0)      1(1)     0     0
  28  0dadec1b70e58ac7  0000000000000000  dd5d5143d89215b6      1     0      0        0      0    0(0)      1(1)     0     0
  29  a36f5a798910440b  0000000000000000  dd5d5143d89215b6      1     0      0        0      0    0(0)      1(1)     0     0
  30  3c5b2d27f7c8f75c  0000000000000000  dd5d5143d89215b6      1     0      0        0      0    0(0)      1(1)     0     0
  31  0b31703eecffe339  0000000000000000  dd5d5143d89215b6      1     0      0        0      0    0(0)      1(1)     0     0
  32  7ba42185a77fcfb1  0000000000000000  dd5d5143d89215b6      1     0      0        0      0    0(0)      1(1)     0     0
  33  36288fd435fc3c7c  0000000000000000  dd5d5143d89215b6      1     0      0        0      0    0(0)      1(1)     0     0
  34  e5b33f84df4b2d44  0000000000000000  dd5d5143d89215b6      1     0      0        0      0    0(0)      1(1)     0     0
  35  f9b554bab3089732  0000000000000000  dd5d5143d89215b6      1     0      0        0      0    0(0)      1(1)     0     0
  36  f400a5a53ffde1d7  eb6d1212cd272b1c  b849fd8090140b31      1     1      1        0      0    1(0)      1(1)     0     0
  37  7f48c07a2f91fb82  4813aad4258c4de7  78e73fa28c29697d      1     1      1        1      4    1(0)      1(1)     0     0
  38  df3193a0c80fe6cc  564c72e248cad5ee  78e73fa28c29697d      1     1      1        1      4    1(0)      1(1)     0     0
  39  039b6d8c27345fca  6834daf8727e8956  78e73fa28c29697d      1     1      1        1      4    1(0)      1(1)     0     0
  40  4c9340713c100013  8d0d12b321e0f700  78e73fa28c29697d      1     1      1        1      4    1(0)      1(1)     0     0
  41  5f32d6011d13e587  c3d754419841a61c  78e73fa28c29697d      1     1      1        0      0    1(0)      1(1)     0     0
  42  adb9120179d80d24  0000000000000000  dd5d5143d89215b6      1     0      0        0      0    0(0)      1(1)     0     0
  43  a9f99eabe070fcda  0000000000000000  dd5d5143d89215b6      1     0      0        0      0    0(0)      1(1)     0     0
  44  1095b791779fd4ca  0000000000000000  dd5d5143d89215b6      1     0      0        0      0    0(0)      1(1)     0     0
  45  164d74616d4529d0  0000000000000000  dd5d5143d89215b6      1     0      0        0      0    0(0)      1(1)     0     0
  46  5e53a37d49da549a  0000000000000000  dd5d5143d89215b6      1     0      0        0      0    0(0)      1(1)     0     0
  47  ca7e67b7f7aaa844  0000000000000000  dd5d5143d89215b6      1     0      0        0      0    0(0)      1(1)     0     0
  48  943f89b4c0ec12e7  0000000000000000  dd5d5143d89215b6      1     0      0        0      0    0(0)      1(1)     0     0
  49  116993c795ee655a  0000000000000000  dd5d5143d89215b6      1     0      0        0      0    0(0)      1(1)     0     0
  50  ac394b539c1cb99e  0000000000000000  dd5d5143d89215b6      1     0      0        0      0    0(0)      1(1)     0     0
  51  f2b1ab31da4296d6  0000000000000000  dd5d5143d89215b6      1     0      0        0      0    0(0)      1(1)     0     0
  52  447a5b8e3a8971eb  0000000000000000  dd5d5143d89215b6      1     0      0        0      0    0(0)      1(1)     0     0
  53  6eb5da1c5789b657  0000000000000000  dd5d5143d89215b6      1     0      0        0      0    0(0)      1(1)     0     0
  54  5e64bb854a461282  0000000000000000  dd5d5143d89215b6      1     0      0        0      0    0(0)      1(1)     0     0
  55  fb3948afbba2dd36  0000000000000000  dd5d5143d89215b6      1     0      0        0      0    0(0)      1(1)     0     0
  56  cdb3e4439e6e9680  0000000000000000  dd5d5143d89215b6      1     0      0        0      0    0(0)      1(1)     0     0
  57  126c22ccb0192635  0000000000000000  dd5d5143d89215b6      1     0      0        0      0    0(0)      1(1)     0     0
  58  b2345a98191e2bb8  0000000000000000  dd5d5143d89215b6      1     0      0        0      0    0(0)      1(1)     0     0
  59  7a38bcf78874d805  0000000000000000  dd5d5143d89215b6      1     0      0        0      0    0(0)      1(1)     0     0
  60  1dff030e17f338d3  0000000000000000  dd5d5143d89215b6      1     0      0        0      0    0(0)      1(1)     0     0
  61  8cc53367ee23cbd1  0000000000000000  dd5d5143d89215b6      1     0      0        0      0    0(0)      1(1)     0     0
  62  c4f039e466e512ca  0000000000000000  dd5d5143d89215b6      1     0      0        0      0    0(0)      1(1)     0     0
  63  c88ad1780bc0224f  0000000000000000  dd5d5143d89215b6      1     0      0        0      0    0(0)      1(1)     0     0
  64  51e7863ad0106e26  0000000000000000  dd5d5143d89215b6      1     0      0        0      0    0(0)      1(1)     0     0
  65  e670b11e8783195c  0000000000000000  dd5d5143d89215b6      1     0      0        0      0    0(0)      1(1)     0     0
  66  284ed224c75a12c8  0000000000000000  dd5d5143d89215b6      1     0      0        0      0    0(0)      1(1)     0     0
  67  2929bc25a1a937ae  0000000000000000  dd5d5143d89215b6      1     0      0        0      0    0(0)      1(1)     0     0
  68  49a491e35b6730c9  0000000000000000  dd5d5143d89215b6      1     0      0        0      0    0(0)      1(1)     0     0
  69  2105548d6f64aa4d  0000000000000000  dd5d5143d89215b6      1     0      0        0      0    0(0)      1(1)     0     0
  70  d41a879081aee84f  0000000000000000  dd5d5143d89215b6      1     0      0        0      0    0(0)      1(1)     0     0
  71  75d524e0851ce51c  aba3785e43540267  b849fd8090140b31      1     1      1        0      0    1(0)      1(1)     0     0
  72  76c42c5df2d4bd95  6cd6abd7f1e2ae4c  78e73fa28c29697d      1     1      1        0      0    1(0)      1(1)     0     0
  73  bacc9cf0be1826de  d5336944531e981c  78e73fa28c29697d      1     1      1        1      4    1(0)      1(1)     0     0
  74  4fea311b02053425  d2479251fa8dc9f2  78e73fa28c29697d      1     1      1        1      4    1(0)      1(1)     0     0
  75  d3ab2358848941a3  0580bd73480e05f1  78e73fa28c29697d      1     1      1        1      4    1(0)      1(1)     0     0
  76  8235ea4edd403ebb  2130e50e84c3f1a5  78e73fa28c29697d      1     1      1        1      4    1(0)      1(1)     0     0
  77  c7baa6348191e3c6  ca1a3ba1999ddb31  78e73fa28c29697d      1     1      1        0      0    1(0)      1(1)     0     0
  78  76595781df3c3ea2  0c242bd3c855ef7c  78e73fa28c29697d      1     1      1        0      0    1(0)      1(1)     0     0
  79  653de769bbab7cc7  2531eba7a0866976  78e73fa28c29697d      1     1      1        0      0    1(0)      1(1)     0     0
  80  38d6e274465b1223  c305bd0221266863  78e73fa28c29697d      1     1      1        0      0    1(0)      1(1)     0     0
  81  dc2f2b1c5d2f82a7  c305bd0221266863  78e73fa28c29697d      1     1      1        0      0    1(0)      1(1)     0     0
  82  e52c78c934ba0b47  c305bd0221266863  78e73fa28c29697d      1     1      1        0      0    1(0)      1(1)     0     0
  83  18983f26a8c76c02  c305bd0221266863  78e73fa28c29697d      1     1      1        0      0    1(0)      1(1)     0     0
  84  3b0eb651e5d7c5e6  c305bd0221266863  78e73fa28c29697d      1     1      1        0      0    1(0)      1(1)     0     0
  85  41ba4da7d9688f53  c305bd0221266863  78e73fa28c29697d      1     1      1        0      0    1(0)      1(1)     0     0
  86  71281d01ab6b629d  233e51e4e2e70889  78e73fa28c29697d      1     1      1        0      0    1(0)      1(1)     0     0
  87  2d61197b5039c674  ec2486c71ca51a13  78e73fa28c29697d      1     1      1        0      0    1(0)      1(1)     0     0
  88  d49bf63fd3aa7ddb  8c017db5d21cd23a  78e73fa28c29697d      1     1      1        0      0    1(0)      1(1)     0     0
  89  0d58ecec1074f8e7  0503698277036e24  78e73fa28c29697d      1     1      1        0      0    1(0)      1(1)     0     0
  90  7f1a80ca700c768d  529cff61586b2430  78e73fa28c29697d      1     1      1        1      4    1(0)      1(1)     0     0
  91  0cc56d53ab8794df  b51fd9a420153b3c  78e73fa28c29697d      1     1      1        1      4    1(0)      1(1)     0     0
  92  204a796a9c7cbbeb  975ca6765d7ca2f7  78e73fa28c29697d      1     1      1        1      4    1(0)      1(1)     0     0
  93  0cf7c4eb5df3a55d  71a3d9323bfde79c  78e73fa28c29697d      1     1      1        1      4    1(0)      1(1)     0     0
  94  afdcbdb06e2f2195  67610f82cb3292dd  78e73fa28c29697d      1     1      1        1      4    1(0)      1(1)     0     0
  95  a3b34e06ea566069  2a6f2865763a4b78  78e73fa28c29697d      1     1      1        1      4    1(0)      1(1)     0     0
  96  7a0f584257009931  0ed5b26279a759f4  78e73fa28c29697d      1     1      1        1      4    1(0)      1(1)     0     0
  97  1d630154045e7ee2  f15ab31ee27588a1  78e73fa28c29697d      1     1      1        1      4    1(0)      1(1)     0     0
  98  fe7eab74e57e65e6  1b7f4315d2790b9f  78e73fa28c29697d      1     1      1        1      4    1(0)      1(1)     0     0
  99  de3c4d6128b778a3  ab337eb3fa231761  78e73fa28c29697d      1     1      1        1      4    1(0)      1(1)     0     0
 100  fe88456294953445  a95570e63b085aa7  78e73fa28c29697d      1     1      1        1      4    1(0)      1(1)     0     0
 101  01ba23f532db5894  da8eb4b39529780b  78e73fa28c29697d      1     1      1        1      4    1(0)      1(1)     0     0
 102  742def5922920cad  12767cb388f99e66  78e73fa28c29697d      1     1      1        1      4    1(0)      1(1)     0     0
 103  e77e8c5bc6ae96cf  b1a31214a507904f  78e73fa28c29697d      1     1      1        1      4    1(0)      1(1)     0     0
 104  a499a683d209f721  708ecfe77128dee6  78e73fa28c29697d      1     1      1        1      4    1(0)      1(1)     0     0
 105  87544d5f4606b355  2e939afff6118077  78e73fa28c29697d      1     1      1        1      4    1(0)      1(1)     0     0
 106  ebf4a98de4b5e49a  279ecf42fcc8632b  78e73fa28c29697d      1     1      1        1      4    1(0)      1(1)     0     0
 107  42abd814471f7c51  c2af27b2a53f0922  78e73fa28c29697d      1     1      1        1      4    1(0)      1(1)     0     0
 108  26ac7f1aeea2a212  f9e5b8087688bffe  78e73fa28c29697d      1     1      1        1      4    1(0)      1(1)     0     0
 109  f017c4a6927143bd  5475c3e09a131840  78e73fa28c29697d      1     1      1        1      4    1(0)      1(1)     0     0
 110  29ec623ac331c03a  fb611eef9380f4ce  78e73fa28c29697d      1     1      1        1      4    1(0)      1(1)     0     0
 111  e40e48c0d53e5eb7  260dbf3890965e3d  78e73fa28c29697d      1     1      1        1      4    1(0)      1(1)     0     0
 112  a1e45cbbb4fe36f2  989db7bd3bf17cc7  78e73fa28c29697d      1     1      1        1      4    1(0)      1(1)     0     0
 113  3656f4bd233dc990  f83c9401b4fda95e  78e73fa28c29697d      1     1      1        1      4    1(0)      1(1)     0     0
 114  3c02ffeb7c5d4a40  049c3b3d6b152842  78e73fa28c29697d      1     1      1        1      4    1(0)      1(1)     0     0
 115  21634170900b8a15  8e678378b82d073f  78e73fa28c29697d      1     1      1        1      4    1(0)      1(1)     0     0
 116  d8c4627246947423  99fff5367797d19f  78e73fa28c29697d      1     1      1        1      4    1(0)      1(1)     0     0
 117  74f63fb29990c64a  9fe804cf2375e824  78e73fa28c29697d      1     1      1        1      4    1(0)      1(1)     0     0
 118  b5e8b098a13f190f  7bd1e8ca950f199c  78e73fa28c29697d      1     1      1        1      4    1(0)      1(1)     0     0
 119  18447e0dade7517b  1a9c7ce94fbcc924  78e73fa28c29697d      1     1      1        1      4    1(0)      1(1)     0     0
 120  32fdf55779b467b7  03cd32a37c3083d3  78e73fa28c29697d      1     1      1        1      4    1(0)      1(1)     0     0
 180  e4ebc29f3418ffa0  8ba4c7d7b90ca412  2184b9899b304957      0     1      0        1      4    0(0)      0(0)     0     0
 240  e4ebc29f3418ffa0  8ba4c7d7b90ca412  2184b9899b304957      0     1      0        1      4    0(0)      0(0)     0     0
 300  e4ebc29f3418ffa0  8ba4c7d7b90ca412  2184b9899b304957      0     1      0        1      4    0(0)      0(0)     0     0
 360  e4ebc29f3418ffa0  8ba4c7d7b90ca412  2184b9899b304957      0     1      0        1      4    0(0)      0(0)     0     0
 420  e4ebc29f3418ffa0  8ba4c7d7b90ca412  2184b9899b304957      0     1      0        1      4    0(0)      0(0)     0     0
 480  e4ebc29f3418ffa0  8ba4c7d7b90ca412  2184b9899b304957      0     1      0        1      4    0(0)      0(0)     0     0
 540  e4ebc29f3418ffa0  8ba4c7d7b90ca412  2184b9899b304957      0     1      0        1      4    0(0)      0(0)     0     0
 600  e4ebc29f3418ffa0  8ba4c7d7b90ca412  2184b9899b304957      0     1      0        1      4    0(0)      0(0)     0     0
threads 1: 0.048 ms/tick, saturations 0, floating-point sentinel clean; per-tick hashes (reference)
threads 8: 0.057 ms/tick, saturations 0, floating-point sentinel clean; per-tick hashes identical
solve: every dynamic body asleep from tick 128; deepest point -0.0625 m (tick 37, bodies 0 1), at rest (the 60 ticks before every body sleeps, or the last 60) -0.0125878 m (tick 90, bodies 0 1); at most 30 dispatches a tick
rest: after tick 600, over every touching pair (sleeping ones too): deepest point -7.04922e-05 m (bodies 0 1), 1 touching pairs
body 1 at tick 600: y 0.249929531 m (free fall gives -498.208333)
toy D bounce: run hash 3fd13858e9d1f9fa, final bodies e4ebc29f3418ffa0 manifolds 8ba4c7d7b90ca412 stages 2184b9899b304957, threads agree, saturations 0 (twin: gcc 13.3.0, aarch64, contraction off)
