toy chip, dialect D, 600 ticks, threads 1 8; gravity 10, sleep on
twin: gcc 13.3.0, aarch64, contraction off
layout sizes C/twin: Hull 88/88 HullFace 40/40 BodyState 112/112 BodyPose 56/56 BodyMass 128/128 Aabb 32/32 Params 152/152 Hash2 8/8 V3 24/24
scene chip (seed 1): 2 bodies (1 static), 2 hulls (0 irregular chunks, 0 redrawn), largest hull 8 vertices 6 faces 24 half-edges; mass 0.05 to 0.05 kg; quantisation range errors 0
  hull 0 (box 20 x 1 x 20 m): volume 400 (8abc 400), Ixx/density 13366.7 (V(b^2+c^2)/3 13366.7), Ixy -0
tick  bodies-hash       stages-hash       awake pairs active colours(ovf) islands(largest) slept woken
   1  f164091c3e2f53f9  dd5d5143d89215b6      1     0      0    0(0)      1(1)     0     0
   2  42dcdd444523db99  dd5d5143d89215b6      1     0      0    0(0)      1(1)     0     0
   3  82db2d61c88c9975  dd5d5143d89215b6      1     0      0    0(0)      1(1)     0     0
   4  e5274a6253a4160f  dd5d5143d89215b6      1     0      0    0(0)      1(1)     0     0
   5  324352093c135ff8  dd5d5143d89215b6      1     0      0    0(0)      1(1)     0     0
   6  2f787ad5fdf682f9  dd5d5143d89215b6      1     0      0    0(0)      1(1)     0     0
   7  3a095cb3cb5a7fa9  dd5d5143d89215b6      1     0      0    0(0)      1(1)     0     0
   8  6f15cb25360e1bce  dd5d5143d89215b6      1     0      0    0(0)      1(1)     0     0
   9  4787a9e806a9fefa  dd5d5143d89215b6      1     0      0    0(0)      1(1)     0     0
  10  05b27e31a3a44cc8  dd5d5143d89215b6      1     0      0    0(0)      1(1)     0     0
  11  51146c96a94741e8  dd5d5143d89215b6      1     0      0    0(0)      1(1)     0     0
  12  0851f104eb1433f8  3fc29efb89389eb7      1     1      1    1(0)      1(1)     0     0
  13  56934e2529c3b9f0  5a82533000568e43      1     1      1    1(0)      1(1)     0     0
  14  450c26fbb47ccffd  5a82533000568e43      1     1      1    1(0)      1(1)     0     0
  15  2dc6096a6ba8cdde  5a82533000568e43      1     1      1    1(0)      1(1)     0     0
  16  392d0f90ea16593c  5a82533000568e43      1     1      1    1(0)      1(1)     0     0
  17  e79d391403b3bd06  5a82533000568e43      1     1      1    1(0)      1(1)     0     0
  18  7b6887ff102a473b  5a82533000568e43      1     1      1    1(0)      1(1)     0     0
  19  5c50f822dd0eb22b  5a82533000568e43      1     1      1    1(0)      1(1)     0     0
  20  d75310688cb21bbc  5a82533000568e43      1     1      1    1(0)      1(1)     0     0
  21  4636d78f92c0927c  5a82533000568e43      1     1      1    1(0)      1(1)     0     0
  22  14a786a437401860  5a82533000568e43      1     1      1    1(0)      1(1)     0     0
  23  5fcc3a664be7d9ea  5a82533000568e43      1     1      1    1(0)      1(1)     0     0
  24  beb7c827b3676f37  5a82533000568e43      1     1      1    1(0)      1(1)     0     0
  25  fbdaa86b754a355e  5a82533000568e43      1     1      1    1(0)      1(1)     0     0
  26  cdf3fe87f0b573fb  5a82533000568e43      1     1      1    1(0)      1(1)     0     0
  27  4f2b09236e5aee29  5a82533000568e43      1     1      1    1(0)      1(1)     0     0
  28  2c4d332ebc949d46  5a82533000568e43      1     1      1    1(0)      1(1)     0     0
  29  a927423d15622729  5a82533000568e43      1     1      1    1(0)      1(1)     0     0
  30  4441bbb65ac022aa  5a82533000568e43      1     1      1    1(0)      1(1)     0     0
  31  77b9cdd46d287c90  5a82533000568e43      1     1      1    1(0)      1(1)     0     0
  32  59ac02970db35386  5a82533000568e43      1     1      1    1(0)      1(1)     0     0
  33  f12e822586913318  5a82533000568e43      1     1      1    1(0)      1(1)     0     0
  34  835740a181b41319  dd5d5143d89215b6      1     0      0    0(0)      1(1)     0     0
  35  338de09370bcdcd8  dd5d5143d89215b6      1     0      0    0(0)      1(1)     0     0
  36  ffc6ac67e89db8ce  dd5d5143d89215b6      1     0      0    0(0)      1(1)     0     0
  37  78be9f273249d2b3  dd5d5143d89215b6      1     0      0    0(0)      1(1)     0     0
  38  ea0d6cc09e9e028d  dd5d5143d89215b6      1     0      0    0(0)      1(1)     0     0
  39  96488fbfd32baf29  dd5d5143d89215b6      1     0      0    0(0)      1(1)     0     0
  40  eed8a3dad288d472  dd5d5143d89215b6      1     0      0    0(0)      1(1)     0     0
  41  cfc6814527d1b86b  dd5d5143d89215b6      1     0      0    0(0)      1(1)     0     0
  42  231df582a5404ffe  dd5d5143d89215b6      1     0      0    0(0)      1(1)     0     0
  43  eb8e61a7b465198b  dd5d5143d89215b6      1     0      0    0(0)      1(1)     0     0
  44  5fab5e524d952722  dd5d5143d89215b6      1     0      0    0(0)      1(1)     0     0
  45  5a208747e033d8dd  dd5d5143d89215b6      1     0      0    0(0)      1(1)     0     0
  46  8ae33e69bb174094  dd5d5143d89215b6      1     0      0    0(0)      1(1)     0     0
  47  c5e54e9eaaf83ef9  dd5d5143d89215b6      1     0      0    0(0)      1(1)     0     0
  48  eb59f255a7a67288  dd5d5143d89215b6      1     0      0    0(0)      1(1)     0     0
  49  9d5532f9c885ece2  dd5d5143d89215b6      1     0      0    0(0)      1(1)     0     0
  50  0f7b32c441469e08  dd5d5143d89215b6      1     0      0    0(0)      1(1)     0     0
  51  b9a068fe170a0305  dd5d5143d89215b6      1     0      0    0(0)      1(1)     0     0
  52  06f0870c6180e243  dd5d5143d89215b6      1     0      0    0(0)      1(1)     0     0
  53  6ec263d5ebd3b869  dd5d5143d89215b6      1     0      0    0(0)      1(1)     0     0
  54  7a8232ad920f5d2d  dd5d5143d89215b6      1     0      0    0(0)      1(1)     0     0
  55  686b3d3277d3ea84  dd5d5143d89215b6      1     0      0    0(0)      1(1)     0     0
  56  251eda51d7f99c8b  dd5d5143d89215b6      1     0      0    0(0)      1(1)     0     0
  57  31d955d59cd6b00a  dd5d5143d89215b6      1     0      0    0(0)      1(1)     0     0
  58  6d2d7271ca89eee4  dd5d5143d89215b6      1     0      0    0(0)      1(1)     0     0
  59  6bbb9782f9812f77  dd5d5143d89215b6      1     0      0    0(0)      1(1)     0     0
  60  015ee3d49b9e9a33  dd5d5143d89215b6      1     0      0    0(0)      1(1)     0     0
  61  a4eb7beb25551563  dd5d5143d89215b6      1     0      0    0(0)      1(1)     0     0
  62  ae2192dfd0ed04d7  dd5d5143d89215b6      1     0      0    0(0)      1(1)     0     0
  63  8c7802c43c42f120  dd5d5143d89215b6      1     0      0    0(0)      1(1)     0     0
  64  b6e76ad5f6412e69  dd5d5143d89215b6      1     0      0    0(0)      1(1)     0     0
  65  1d4f08e0b75fa85f  dd5d5143d89215b6      1     0      0    0(0)      1(1)     0     0
  66  8265fe7b65eb4a52  dd5d5143d89215b6      1     0      0    0(0)      1(1)     0     0
  67  92a67f271864edb3  dd5d5143d89215b6      1     0      0    0(0)      1(1)     0     0
  68  4541ae0afe52f5d6  dd5d5143d89215b6      1     0      0    0(0)      1(1)     0     0
  69  feebcaee9b08e8b0  dd5d5143d89215b6      1     0      0    0(0)      1(1)     0     0
  70  d3d9c58f5b8ac366  dd5d5143d89215b6      1     0      0    0(0)      1(1)     0     0
  71  d0ad8d5de53827a9  dd5d5143d89215b6      1     0      0    0(0)      1(1)     0     0
  72  d777644e6fbd7202  dd5d5143d89215b6      1     0      0    0(0)      1(1)     0     0
  73  4c0f93ce93a44da5  dd5d5143d89215b6      1     0      0    0(0)      1(1)     0     0
  74  9fd14800656c6f0e  dd5d5143d89215b6      1     0      0    0(0)      1(1)     0     0
  75  156c0b621a65e716  dd5d5143d89215b6      1     0      0    0(0)      1(1)     0     0
  76  55ff33ce5f96134e  dd5d5143d89215b6      1     0      0    0(0)      1(1)     0     0
  77  2fa2e6a3122ddc87  dd5d5143d89215b6      1     0      0    0(0)      1(1)     0     0
  78  bd8e77c252817232  dd5d5143d89215b6      1     0      0    0(0)      1(1)     0     0
  79  e56f82cd343cb88e  dd5d5143d89215b6      1     0      0    0(0)      1(1)     0     0
  80  d50337cffd4e6a98  dd5d5143d89215b6      1     0      0    0(0)      1(1)     0     0
  81  517865e445593c2a  dd5d5143d89215b6      1     0      0    0(0)      1(1)     0     0
  82  830195b0aaa7c4bb  dd5d5143d89215b6      1     0      0    0(0)      1(1)     0     0
  83  e59e9dc1546e2ce5  dd5d5143d89215b6      1     0      0    0(0)      1(1)     0     0
  84  36cf8ab2a5e607a0  dd5d5143d89215b6      1     0      0    0(0)      1(1)     0     0
  85  2e1abbde3c666429  dd5d5143d89215b6      1     0      0    0(0)      1(1)     0     0
  86  f88a353a9846e2ed  dd5d5143d89215b6      1     0      0    0(0)      1(1)     0     0
  87  826d0ab843a13576  dd5d5143d89215b6      1     0      0    0(0)      1(1)     0     0
  88  3d595a56b9413c63  dd5d5143d89215b6      1     0      0    0(0)      1(1)     0     0
  89  528b90ea9d2465ce  dd5d5143d89215b6      1     0      0    0(0)      1(1)     0     0
  90  bdb1767134da12d0  dd5d5143d89215b6      1     0      0    0(0)      1(1)     0     0
  91  b68b81482d95a9ee  dd5d5143d89215b6      1     0      0    0(0)      1(1)     0     0
  92  078d364883ceff1f  dd5d5143d89215b6      1     0      0    0(0)      1(1)     0     0
  93  45b16c1b5d939ba0  dd5d5143d89215b6      1     0      0    0(0)      1(1)     0     0
  94  b2c2ddfea7b71ed5  dd5d5143d89215b6      1     0      0    0(0)      1(1)     0     0
  95  88ae434fcb136e37  dd5d5143d89215b6      1     0      0    0(0)      1(1)     0     0
  96  666de41b9302235f  dd5d5143d89215b6      1     0      0    0(0)      1(1)     0     0
  97  209302149246e2af  dd5d5143d89215b6      1     0      0    0(0)      1(1)     0     0
  98  340cd5a8c6bf36a1  dd5d5143d89215b6      1     0      0    0(0)      1(1)     0     0
  99  b5eac4e0bd84b62d  dd5d5143d89215b6      1     0      0    0(0)      1(1)     0     0
 100  3c7b3560b6ed8e11  dd5d5143d89215b6      1     0      0    0(0)      1(1)     0     0
 101  33cc81064064aa4a  dd5d5143d89215b6      1     0      0    0(0)      1(1)     0     0
 102  113aedfbd74dd621  dd5d5143d89215b6      1     0      0    0(0)      1(1)     0     0
 103  9de3e189e792d6ed  dd5d5143d89215b6      1     0      0    0(0)      1(1)     0     0
 104  57a2abaef78dfdd4  dd5d5143d89215b6      1     0      0    0(0)      1(1)     0     0
 105  a0f74bb06c97ba42  dd5d5143d89215b6      1     0      0    0(0)      1(1)     0     0
 106  d3b7cf83cfd7afe9  dd5d5143d89215b6      1     0      0    0(0)      1(1)     0     0
 107  ec89d0e35b6af10f  dd5d5143d89215b6      1     0      0    0(0)      1(1)     0     0
 108  51803db5319cc51f  dd5d5143d89215b6      1     0      0    0(0)      1(1)     0     0
 109  bd79280c242f4806  dd5d5143d89215b6      1     0      0    0(0)      1(1)     0     0
 110  a2cb0ee7e0b8e21d  dd5d5143d89215b6      1     0      0    0(0)      1(1)     0     0
 111  74182182869dd24b  dd5d5143d89215b6      1     0      0    0(0)      1(1)     0     0
 112  29c6ba48909ed939  dd5d5143d89215b6      1     0      0    0(0)      1(1)     0     0
 113  cac4bc430a488c49  dd5d5143d89215b6      1     0      0    0(0)      1(1)     0     0
 114  ada5f0195769db29  dd5d5143d89215b6      1     0      0    0(0)      1(1)     0     0
 115  059a38b6c4c979ed  dd5d5143d89215b6      1     0      0    0(0)      1(1)     0     0
 116  1b41511ec14ae3ac  dd5d5143d89215b6      1     0      0    0(0)      1(1)     0     0
 117  8eaecb32a06eb70d  dd5d5143d89215b6      1     0      0    0(0)      1(1)     0     0
 118  46f20dc200d87dc7  dd5d5143d89215b6      1     0      0    0(0)      1(1)     0     0
 119  9f510dc7028bc424  dd5d5143d89215b6      1     0      0    0(0)      1(1)     0     0
 120  bd73a844ed35a4e7  dd5d5143d89215b6      1     0      0    0(0)      1(1)     0     0
 180  c7e54d632e59224a  dd5d5143d89215b6      1     0      0    0(0)      1(1)     0     0
 240  1a437c564a2d0de7  dd5d5143d89215b6      1     0      0    0(0)      1(1)     0     0
 300  07024341f99dc091  dd5d5143d89215b6      1     0      0    0(0)      1(1)     0     0
 360  e8f42ad018593b32  dd5d5143d89215b6      1     0      0    0(0)      1(1)     0     0
 420  dfcd7d6fbff7a318  dd5d5143d89215b6      1     0      0    0(0)      1(1)     0     0
 480  de44dd1cab138219  dd5d5143d89215b6      1     0      0    0(0)      1(1)     0     0
 540  67df9ef15e49027c  dd5d5143d89215b6      1     0      0    0(0)      1(1)     0     0
 600  e978df111e42966f  dd5d5143d89215b6      1     0      0    0(0)      1(1)     0     0
threads 1: 0.065 ms/tick, saturations 0, floating-point sentinel clean; per-tick hashes (reference)
threads 8: 0.080 ms/tick, saturations 0, floating-point sentinel clean; per-tick hashes identical
body 1 at tick 600: y -499.908333 m (free fall gives -499.908333)
toy D chip: run hash 8025ae0dc20ebfe9, final bodies e978df111e42966f stages dd5d5143d89215b6, threads agree, saturations 0 (twin: gcc 13.3.0, aarch64, contraction off)
