toy pile200, dialect F, 600 ticks, threads 1 8; gravity 10, sleep on, contact recycling on
twin: gcc 13.3.0, aarch64, contraction off
layout sizes C/twin: Hull 68/68 HullFace 24/24 BodyState 60/60 BodyPose 28/28 BodyMass 80/80 Aabb 32/32 Params 184/184 Hash2 8/8 V3 12/12 Pair 24/24 Manifold 348/348 SatAxis 72/72 NarrowDiag 64/64 Constraint 460/460
scene pile200 (seed 1): 205 bodies (5 static), 203 hulls (40 irregular chunks, 16 redrawn), largest hull 14 vertices 9 faces 42 half-edges; mass 5.309 to 55.65 kg; quantisation range errors 0
  hull 0 (box 12 x 1 x 12 m): volume 144 (8abc 144), Ixx/density 1740 (V(b^2+c^2)/3 1740), Ixy -0
tick  bodies-hash       manifolds-hash    stages-hash       awake pairs active touching points colours(ovf) islands(largest) slept woken
   1  1fb5b54f147dc767  10536a6fb8a8e336  3f01c69ff9767d9d    200     1      1        0      0    1(0)    200(1)     0     0
   2  320e2fc65552df2e  5b19b6739424b82c  4f7b7497340a0071    200     1      1        0      0    1(0)    200(1)     0     0
   3  2f2f5f7d64c7cf81  5b19b6739424b82c  4f7b7497340a0071    200     1      1        0      0    1(0)    200(1)     0     0
   4  b73671e886d15ede  5b19b6739424b82c  4f7b7497340a0071    200     1      1        0      0    1(0)    200(1)     0     0
   5  9460f7b92d601fff  5b19b6739424b82c  4f7b7497340a0071    200     1      1        0      0    1(0)    200(1)     0     0
   6  08ee04ae55bd1b24  5b19b6739424b82c  4f7b7497340a0071    200     1      1        0      0    1(0)    200(1)     0     0
   7  7a751cd636058106  5b19b6739424b82c  4f7b7497340a0071    200     1      1        0      0    1(0)    200(1)     0     0
   8  4568612b194304aa  5b19b6739424b82c  4f7b7497340a0071    200     1      1        0      0    1(0)    200(1)     0     0
   9  80d60c121b45de79  5b19b6739424b82c  4f7b7497340a0071    200     1      1        0      0    1(0)    200(1)     0     0
  10  ea062b090eb73502  5b19b6739424b82c  4f7b7497340a0071    200     1      1        0      0    1(0)    200(1)     0     0
  11  79dea10a49a774de  5b19b6739424b82c  4f7b7497340a0071    200     1      1        0      0    1(0)    200(1)     0     0
  12  2cca262c6ead048d  5b19b6739424b82c  4f7b7497340a0071    200     1      1        0      0    1(0)    200(1)     0     0
  13  c932112f73af1253  5b19b6739424b82c  4f7b7497340a0071    200     1      1        0      0    1(0)    200(1)     0     0
  14  89b92b0dade3696b  5b19b6739424b82c  4f7b7497340a0071    200     1      1        0      0    1(0)    200(1)     0     0
  15  88ade17c13e08f89  5b19b6739424b82c  4f7b7497340a0071    200     1      1        0      0    1(0)    200(1)     0     0
  16  14d998eaade727d5  5b19b6739424b82c  4f7b7497340a0071    200     1      1        0      0    1(0)    200(1)     0     0
  17  7786f76e27e17df7  5b19b6739424b82c  4f7b7497340a0071    200     1      1        0      0    1(0)    200(1)     0     0
  18  41a40f17e04173ce  5b19b6739424b82c  4f7b7497340a0071    200     1      1        0      0    1(0)    200(1)     0     0
  19  22f4a0ec59a79c71  5b19b6739424b82c  4f7b7497340a0071    200     1      1        0      0    1(0)    200(1)     0     0
  20  32107d82c44ed717  5b19b6739424b82c  4f7b7497340a0071    200     1      1        0      0    1(0)    200(1)     0     0
  21  6d6347ec9fc9daf1  5b19b6739424b82c  4f7b7497340a0071    200     1      1        0      0    1(0)    200(1)     0     0
  22  4a746a89d3decac9  5b19b6739424b82c  4f7b7497340a0071    200     1      1        0      0    1(0)    200(1)     0     0
  23  4a5e6bd7d708aff9  5b19b6739424b82c  4f7b7497340a0071    200     1      1        0      0    1(0)    200(1)     0     0
  24  0393eaabfbc65518  5b19b6739424b82c  4f7b7497340a0071    200     1      1        0      0    1(0)    200(1)     0     0
  25  51971ec9a516e00e  5b19b6739424b82c  4f7b7497340a0071    200     1      1        0      0    1(0)    200(1)     0     0
  26  f913cf42279a457c  10536a6fb8a8e336  4f7b7497340a0071    200     1      1        0      0    1(0)    200(1)     0     0
  27  a742e4308560f41c  10536a6fb8a8e336  4f7b7497340a0071    200     1      1        0      0    1(0)    200(1)     0     0
  28  9db130e4e8fc8f6d  10536a6fb8a8e336  4f7b7497340a0071    200     1      1        0      0    1(0)    200(1)     0     0
  29  9743666aba1535c7  10536a6fb8a8e336  4f7b7497340a0071    200     1      1        0      0    1(0)    200(1)     0     0
  30  9ad624560922b7e6  10536a6fb8a8e336  4f7b7497340a0071    200     1      1        0      0    1(0)    200(1)     0     0
  31  ab5ccfbc09f83aa2  10536a6fb8a8e336  4f7b7497340a0071    200     1      1        0      0    1(0)    200(1)     0     0
  32  62aa9ce9085e2652  10536a6fb8a8e336  4f7b7497340a0071    200     1      1        0      0    1(0)    200(1)     0     0
  33  32b64b7ae2f33b46  10536a6fb8a8e336  4f7b7497340a0071    200     1      1        0      0    1(0)    200(1)     0     0
  34  cef43647bbacb154  10536a6fb8a8e336  4f7b7497340a0071    200     1      1        0      0    1(0)    200(1)     0     0
  35  54861a325e479a2c  10536a6fb8a8e336  4f7b7497340a0071    200     1      1        0      0    1(0)    200(1)     0     0
  36  bd7bfb8704841c87  10536a6fb8a8e336  4f7b7497340a0071    200     1      1        0      0    1(0)    200(1)     0     0
  37  9dea7971ddfed7a2  10536a6fb8a8e336  4f7b7497340a0071    200     1      1        0      0    1(0)    200(1)     0     0
  38  2bd9083d82250ba8  10536a6fb8a8e336  4f7b7497340a0071    200     1      1        0      0    1(0)    200(1)     0     0
  39  507d58f2d3437b2d  10536a6fb8a8e336  4f7b7497340a0071    200     1      1        0      0    1(0)    200(1)     0     0
  40  95cfc7ace52bbd14  10536a6fb8a8e336  4f7b7497340a0071    200     1      1        0      0    1(0)    200(1)     0     0
  41  8abfd74cd1178221  10536a6fb8a8e336  4f7b7497340a0071    200     1      1        0      0    1(0)    200(1)     0     0
  42  3e974612f51c5a66  10536a6fb8a8e336  4f7b7497340a0071    200     1      1        0      0    1(0)    200(1)     0     0
  43  245805b8b2231ae1  10536a6fb8a8e336  4f7b7497340a0071    200     1      1        0      0    1(0)    200(1)     0     0
  44  5ad631cd29c4e75c  10536a6fb8a8e336  4f7b7497340a0071    200     1      1        0      0    1(0)    200(1)     0     0
  45  8a45448e7cd52375  e8e9a0ce6104a6f2  af0e726fd15c6697    200    24     24        0      0    2(0)    200(1)     0     0
  46  4a96c6348b4d399e  d258ee9ee9e34f37  b18c120be6f7ce73    200    26     26       23     92    2(0)    200(1)     0     0
  47  49108282f5efb799  a810e8e0bb29928f  f6f65912b9b919a4    200    35     35       25    100    2(0)    200(1)     0     0
  48  d4d8557746b4ff33  04c0251b5dad3c83  0b9dfa8dfc92359c    200    46     46       33    128    2(0)    200(1)     0     0
  49  dc22811eb07392fd  263de017c500d491  d4436054da027abe    200    52     52       47    184    3(0)    190(2)     0     0
  50  0536af85d4d63c35  e63855b94145618b  6a895f6c1fa6ff09    200    62     62       47    186    3(0)    177(2)     0     0
  51  32069d0f3f2532f0  2912dcf401bbbd64  7f609ba3085a0994    200    75     75       54    214    3(0)    177(3)     0     0
  52  70d16ed61fdee329  aef0df2306f9f452  868cc6effddbbebb    200    80     80       67    264    4(0)    170(3)     0     0
  53  eded272fb64a31d8  1d43ab7098463d70  af80ab0aafe46f17    200    91     91       70    277    4(0)    157(3)     0     0
  54  90edb13fd7e14535  340f27f67fd5f4ec  2d47df5a56f0e711    200   106    106       82    319    4(0)    152(4)     0     0
  55  5b2d11f4d2a209db  00ac6b5c388f7d87  457362ad3e17a234    200   120    120       93    363    5(0)    142(4)     0     0
  56  9ec6385a9d578ef1  f437781262ccda35  95b0ed8e7fb102c5    200   135    135      103    407    6(0)    133(4)     0     0
  57  a5f93af83e2fc841  87ada96b099bc814  e70551e52d63f40b    200   151    151      113    449    6(0)    125(5)     0     0
  58  170053998e5c8878  6003bfa2a4c6cddc  8015b084522a92d9    200   172    172      120    472    8(0)    115(5)     0     0
  59  c9606bf51173cde0  57673892235bee24  d483438855c0c75e    200   197    197      126    501    9(0)    106(6)     0     0
  60  132d0860eb44f427  7ec509960649c942  f278687425ba18fa    200   228    228      137    540   10(0)    102(6)     0     0
  61  6a15feb9693a8711  74b3728429457b26  d06faea831505959    200   259    259      148    586   10(0)     92(6)     0     0
  62  d9e4ccbb7a5dfe23  8afb35161386fd80  0926e5ad1995c9f9    200   292    292      162    637   10(0)     85(10)     0     0
  63  8795807133c9e46d  2e8d309893aa204d  e88352126df48d88    200   323    323      165    646   11(0)     75(12)     0     0
  64  e7a8b050b4116c77  172d092444786259  0e2600ff3699b79f    200   360    360      178    702   11(0)     72(15)     0     0
  65  342e504e28591ef2  9d8a56b7c2768612  e4be56359bb56f83    200   400    400      195    765   12(0)     59(19)     0     0
  66  b6e3dfd218416286  157c462f38126d4b  2e36654a15cbd4e0    200   429    429      208    817   13(0)     52(20)     0     0
  67  ac1f1e9908459f63  e5b5f74054a8673f  0d86e22638f586de    200   484    484      214    838   15(0)     44(25)     0     0
  68  13fd71b682763671  f2d466af14ccc08c  f1a0e239c5e9af18    200   522    522      223    866   14(0)     38(23)     0     0
  69  a742bc71e341e64c  0f1c27999e1f7add  af04032c4617d2f5    200   555    555      233    905   14(0)     33(23)     0     0
  70  4dc332a938ca708e  a39555c65ae43ae4  013ad59627ecaa8e    200   606    606      236    909   14(0)     30(44)     0     0
  71  b668c7a2e7ec1569  1aed8d2671cbdb9c  48aeccf69edbc8cf    200   657    657      247    961   16(0)     29(56)     0     0
  72  5968ae6a579ba951  45578a3137506d83  58ee6c57fb242180    200   675    675      263   1012   17(0)     25(54)     0     0
  73  dd20a749e68ae9ed  66b23d15dbe34cd6  fb2d60ca784da3d7    200   709    709      276   1068   17(0)     17(119)     0     0
  74  c861794e1cd5038a  7fe55680d2fef20d  39b2a03d96df300f    200   734    734      280   1076   17(0)     16(85)     0     0
  75  e3cd132a09ff9d3c  ea5cc2ce1e78a1cc  ac09f0018df253ca    200   748    748      282   1077   17(0)     18(128)     0     0
  76  1a34703133a551e7  4564d60dbc63867a  ddc08a31db22d534    200   761    761      277   1060   17(0)     21(127)     0     0
  77  0bc8fac440b5a5ac  8454ec441b024ffc  6983418a0e648820    200   764    764      266   1019   16(0)     25(124)     0     0
  78  49e8bcf751cb8e20  34d0ab14f0a7d541  88bc80eaa7ffc6f9    200   767    767      279   1068   16(0)     29(84)     0     0
  79  05fa0bc174027a2a  74e7fbcb26529eb3  38a687a65c9fe910    200   768    768      284   1079   17(0)     25(128)     0     0
  80  973fac13197eb9f8  b15bab8a53a71073  2f653b65d4d02204    200   794    794      283   1080   17(0)     26(164)     0     0
  81  bfd911c8d0435216  8c05063ec914f375  5466341a195f7125    200   808    808      284   1070   16(0)     27(165)     0     0
  82  6db70340e3c58c5a  54ea535b45fcf2aa  811936b77d460760    200   813    813      285   1064   16(0)     28(110)     0     0
  83  56f37b555444b52d  f01debed72196d3d  49f428b92a0515b5    200   824    824      288   1079   16(0)     30(109)     0     0
  84  80e6fb65fdae1800  a16de3da0f296827  6251bb97412d9390    200   835    835      301   1134   16(0)     27(171)     0     0
  85  9d351b2c99ef8d1b  60728f2363292b81  cbda5d9c991beb82    200   833    833      307   1155   16(0)     24(175)     0     0
  86  408d008e08d342c8  9c7ecc257d975362  e914abdacd1b8173    200   845    845      314   1179   16(0)     28(167)     0     0
  87  44ecb560cbc77024  beedabf80afd2a51  271971bf28160a84    200   856    856      317   1192   17(0)     26(168)     0     0
  88  ed3d0c140d6ab30e  8013d61b878eedc4  99ed83aca80bd582    200   872    872      325   1233   17(0)     23(174)     0     0
  89  23b6653aba74d333  ea8fcfaea55e96d6  8ad60a2e266ee14f    200   885    885      335   1278   17(0)     23(174)     0     0
  90  49bc27a677d01253  026457b145f8c8eb  4a461efcc8d0772d    200   885    885      341   1305   19(0)     23(174)     0     0
  91  4be41fbb0e9186c2  7e096e16246ec56a  891d3c5d784258ff    200   885    885      343   1314   18(0)     20(176)     0     0
  92  f04f62d707e67e7c  92ac0b8fe3f9721b  381b360d867cd545    200   912    912      346   1328   18(0)     19(176)     0     0
  93  fb5c2e4bdb2f66a0  7847c15fb07534c9  d6b37ab99afa88da    200   923    923      349   1338   18(0)     20(177)     0     0
  94  f3324f08ef1c50e3  8c383d237470c10d  963d78d9d0045cd7    200   935    935      350   1341   18(0)     20(177)     0     0
  95  23f5deaa16f29ef7  984d594baab1b4ef  147c334bf62c1967    200   939    939      358   1364   19(0)     21(177)     0     0
  96  a65fb09ffd708215  988903bca7caf724  4e66d649e264ad40    200   946    946      364   1380   19(0)     20(178)     0     0
  97  496538307fc92d76  bf8e6678cfc274ae  f3e8ea239886fea0    200   965    965      364   1370   20(0)     19(178)     0     0
  98  67618a02eb3b7df2  4a2944bdff5dcbc6  2125d94cf23615d2    200   972    972      362   1356   20(0)     17(181)     0     0
  99  5628d7acab6b6335  450e3fa0d2275c21  dcc2b25638d08389    200   987    987      358   1339   21(0)     18(178)     0     0
 100  4487d63a62e9367e  38274edb75c98043  dfe772b332972d0c    200   979    979      366   1374   19(0)     18(179)     0     0
 101  39c3a09618915874  93b0a59f3e707474  f2468263e6059d6c    200   986    986      375   1410   20(0)     15(182)     0     0
 102  fd982cb31f3eed42  35a6b0333db1fd9c  cb38cce20b9282f8    200  1004   1004      382   1426   20(0)     12(186)     0     0
 103  16d962e2dd6df3b8  d07595bb87f2bcb7  60e8666db1da1353    200  1024   1024      389   1454   21(0)      8(191)     0     0
 104  6828c39495e30e6e  5acb971e32bb4360  7a73573e2ff4bfda    200  1035   1035      401   1497   20(0)      9(191)     0     0
 105  105126d1adeaea98  c1014b04ec0ca6be  0da32e7c31b8525c    200  1040   1040      403   1519   20(0)      9(191)     0     0
 106  0840eecfd2731198  1cfce467143ccb9f  e69ea14dd9f24cf0    199  1043   1042      404   1534   21(0)      8(191)     1     0
 107  4aa605393b69441f  4ed372592befba55  26897db35aa8a980    199  1062   1061      406   1546   20(0)      7(192)     0     0
 108  6c4c09f209cad8f4  00c515ecd2de0ebf  7f71c3ea9458c3e6    199  1077   1076      413   1573   21(0)      7(192)     0     0
 109  f64fa3fe2424b1cb  111b23a6a04ca572  60191231ba97ea9e    199  1090   1089      415   1575   21(0)      8(191)     0     0
 110  c3152a7665e294e3  ee132fdf77ea262a  daad0602f6ec79bb    200  1098   1098      426   1611   23(0)      9(190)     0     1
 111  0974ff89275920e1  05131a027413daab  2869731812809c4c    200  1104   1104      426   1612   22(0)      7(193)     0     0
 112  12b66ecacd1dd10c  798f355c5f3183ed  f1ee1dc2920de536    200  1103   1103      430   1615   22(0)      7(193)     0     0
 113  f37af0876a5f22c6  a9b4937669fe8fc5  23f5d73b2a262cfb    200  1112   1112      428   1608   22(0)      8(191)     0     0
 114  6dcbff41dbacbb6e  5a442aa72067da0c  52485a22bed67bf8    200  1122   1122      428   1605   23(0)      9(190)     0     0
 115  99c1949c30a18996  5d7324bd71bea48d  4e5c54f5f099dceb    200  1115   1115      438   1643   22(0)      9(190)     0     0
 116  798bb5ac183f5962  0a0629b7ab1ad475  b4476c0934313d1f    200  1121   1121      436   1637   22(0)      8(191)     0     0
 117  794bec3e94a7b1cb  b3688449995e7d21  38ddca3971699af4    200  1128   1128      442   1662   21(0)      9(190)     0     0
 118  b660bd92e0371d17  fef91afa8d4ddc2a  9a5117882d054dde    200  1129   1129      444   1666   21(0)      5(195)     0     0
 119  1a34bc08c74401c1  bdf393fe8016ab17  9a7c133a3e0cf03e    200  1145   1145      445   1674   21(0)      5(195)     0     0
 120  9164956667597fd8  81e15d4190c39f70  41e9ae618a680110    200  1154   1154      454   1704   21(0)      4(196)     0     0
 180  0a5caa860d329861  293505c5303a7f29  b77593440634ad84    197  1208   1201      496   1887   24(0)      2(196)     0     0
 240  db8f95173f5ec999  732f5ee6a6542aca  7924f7d0f19f087f    196  1208   1199      497   1891   24(0)      1(196)     0     0
 300  bc3d9c4a7a9bc3ed  5b7e7427a2406e38  7c2e21d696ba4862      0  1208      0      497   1891    0(0)      0(0)     0     0
 360  bc3d9c4a7a9bc3ed  5b7e7427a2406e38  7c2e21d696ba4862      0  1208      0      497   1891    0(0)      0(0)     0     0
 420  bc3d9c4a7a9bc3ed  5b7e7427a2406e38  7c2e21d696ba4862      0  1208      0      497   1891    0(0)      0(0)     0     0
 480  bc3d9c4a7a9bc3ed  5b7e7427a2406e38  7c2e21d696ba4862      0  1208      0      497   1891    0(0)      0(0)     0     0
 540  bc3d9c4a7a9bc3ed  5b7e7427a2406e38  7c2e21d696ba4862      0  1208      0      497   1891    0(0)      0(0)     0     0
 600  bc3d9c4a7a9bc3ed  5b7e7427a2406e38  7c2e21d696ba4862      0  1208      0      497   1891    0(0)      0(0)     0     0
threads 1: 1.169 ms/tick, saturations 0, floating-point sentinel clean; per-tick hashes (reference)
threads 8: 0.790 ms/tick, saturations 0, floating-point sentinel clean; per-tick hashes identical
solve: every dynamic body asleep from tick 265; deepest point -0.168572 m (tick 65, bodies 172 197), at rest (the 60 ticks before every body sleeps, or the last 60) -0.00804197 m (tick 228, bodies 10 110); at most 305 dispatches a tick
rest: after tick 600, over every touching pair (sleeping ones too): deepest point -0.00804042 m (bodies 10 110), 497 touching pairs
pose vs /home/consulear/lpf-m11/lab/gpu/results/spark-gb10/toy/pile200.D.pos, ticks 1-120: position rms 0.102 m, max 0.891 m (tick 120, body 178); rotation rms 0.43 rad, max 2 rad
pose vs /home/consulear/lpf-m11/lab/gpu/results/spark-gb10/toy/pile200.D.pos, ticks 121-600: position rms 0.357 m, max 2.83 m (tick 331, body 197); rotation rms 0.983 rad, max 2 rad
pose vs /home/consulear/lpf-m11/lab/gpu/results/spark-gb10/toy/pile200.D.pos, ticks 1-600: position rms 0.323 m, max 2.83 m (tick 331, body 197); rotation rms 0.9 rad, max 2 rad
body 5 at tick 600: y 0.220305234 m (free fall gives -497.208333)
toy F pile200: run hash 38c289f62a391e3e, final bodies bc3d9c4a7a9bc3ed manifolds 5b7e7427a2406e38 stages 7c2e21d696ba4862, threads agree, saturations 0 (twin: gcc 13.3.0, aarch64, contraction off)
