toy stack10, dialect D, 600 ticks, threads 1 8; gravity 10, sleep on, contact recycling on
twin: gcc 13.3.0, aarch64, contraction off
layout sizes C/twin: Hull 112/112 HullFace 40/40 BodyState 112/112 BodyPose 56/56 BodyMass 144/144 Aabb 32/32 Params 344/344 Hash2 8/8 V3 24/24 Pair 24/24 Manifold 632/632 SatAxis 88/88 NarrowDiag 128/128 Constraint 840/840
scene stack10 (seed 1): 11 bodies (1 static), 2 hulls (0 irregular chunks, 0 redrawn), largest hull 8 vertices 6 faces 24 half-edges; mass 125 to 125 kg; quantisation range errors 0
  hull 0 (box 20 x 1 x 20 m): volume 400 (8abc 400), Ixx/density 13366.7 (V(b^2+c^2)/3 13366.7), Ixy -0
tick  bodies-hash       manifolds-hash    stages-hash       awake pairs active touching points colours(ovf) islands(largest) slept woken
   1  92ccaf5c9543d084  e66baf1f4290167f  0c64902f27cb32c9     10    10     10       10     40    2(0)     10(1)     0     0
   2  eb7b5b3a7f2fbd6e  3f59abf389a1e57d  32dbfe05b6d42411     10    10     10       10     40    2(0)      1(10)     0     0
   3  f0617234a3715cc8  bdc2f9731150e7c9  32dbfe05b6d42411     10    10     10       10     40    2(0)      1(10)     0     0
   4  0e898cc297264744  ae58437e8751e44c  32dbfe05b6d42411     10    10     10       10     40    2(0)      1(10)     0     0
   5  d1940be938eef19e  56be412007decc17  32dbfe05b6d42411     10    10     10       10     40    2(0)      1(10)     0     0
   6  02e445d248148980  df1fd1a5c622f81b  32dbfe05b6d42411     10    10     10       10     40    2(0)      1(10)     0     0
   7  5ffaec641b287699  e1bf645a76a7cd8f  32dbfe05b6d42411     10    10     10       10     40    2(0)      1(10)     0     0
   8  88c16a2438c8fe44  f80770341bdb18ae  32dbfe05b6d42411     10    10     10       10     40    2(0)      1(10)     0     0
   9  4773f87b1d629a4d  3d1611251aeee52c  32dbfe05b6d42411     10    10     10       10     40    2(0)      1(10)     0     0
  10  eee07143d9b49ebb  99d76ce576186978  32dbfe05b6d42411     10    10     10       10     40    2(0)      1(10)     0     0
  11  255f4e7eed232413  9ef147bb6fa3c091  32dbfe05b6d42411     10    10     10       10     40    2(0)      1(10)     0     0
  12  b35eed898f272096  c146fddee8987b07  32dbfe05b6d42411     10    10     10       10     40    2(0)      1(10)     0     0
  13  70cbaca0e78bcabe  0bcab7fb1e181767  32dbfe05b6d42411     10    10     10       10     40    2(0)      1(10)     0     0
  14  3786aaf6f33827f3  cbfd2858ab61d6f0  32dbfe05b6d42411     10    10     10       10     40    2(0)      1(10)     0     0
  15  dc2d51ee6d23849f  af860f2426e4459c  32dbfe05b6d42411     10    10     10       10     40    2(0)      1(10)     0     0
  16  988f3fe0b8409f4f  83fb1d7cfd9f18e0  32dbfe05b6d42411     10    10     10       10     40    2(0)      1(10)     0     0
  17  50d6589ddafb52aa  724861077ad7f9e3  32dbfe05b6d42411     10    10     10       10     40    2(0)      1(10)     0     0
  18  b1d0633b464738dd  dbb8b7196b58aa98  32dbfe05b6d42411     10    10     10       10     40    2(0)      1(10)     0     0
  19  ae3e69647827471a  6f9692cb36bade3d  32dbfe05b6d42411     10    10     10       10     40    2(0)      1(10)     0     0
  20  3f8336cebf9f64ae  f3c6c5d74b41b922  32dbfe05b6d42411     10    10     10       10     40    2(0)      1(10)     0     0
  21  7f7621265e45fd78  83c1ef240c1b5d19  32dbfe05b6d42411     10    10     10       10     40    2(0)      1(10)     0     0
  22  c88d6229fdee5a44  7251041940f2b350  32dbfe05b6d42411     10    10     10       10     40    2(0)      1(10)     0     0
  23  4d081b72f47433e8  79f599ddad26fff0  32dbfe05b6d42411     10    10     10       10     40    2(0)      1(10)     0     0
  24  cb9be059bf77c8fa  5104e0d30f3addef  32dbfe05b6d42411     10    10     10       10     40    2(0)      1(10)     0     0
  25  5e04e99681dbe7f9  952a30e9e6abe798  32dbfe05b6d42411     10    10     10       10     40    2(0)      1(10)     0     0
  26  9521a419106b81dc  b3cac000496efbe7  32dbfe05b6d42411     10    10     10       10     40    2(0)      1(10)     0     0
  27  574d441ba40f1242  80e8c7a6e94bc0fa  32dbfe05b6d42411     10    10     10       10     40    2(0)      1(10)     0     0
  28  8d2377853f3a8b37  d965116dbca4d244  32dbfe05b6d42411     10    10     10       10     40    2(0)      1(10)     0     0
  29  ffea33df1d2702c1  cd4e26252e101e04  32dbfe05b6d42411     10    10     10       10     40    2(0)      1(10)     0     0
  30  3b406c2567e9dcd8  d4c142c8afcf2ca3  32dbfe05b6d42411     10    10     10       10     40    2(0)      1(10)     0     0
  31  7816d9c9da55bbbe  13fe4e7e6928f4ed  32dbfe05b6d42411     10    10     10       10     40    2(0)      1(10)     0     0
  32  ddc34a860054d569  2dbe8fa7746bfc80  32dbfe05b6d42411     10    10     10       10     40    2(0)      1(10)     0     0
  33  ef32eb855b03ceb7  203fe9122b557759  32dbfe05b6d42411     10    10     10       10     40    2(0)      1(10)     0     0
  34  f3cc4d5ca3ecb21b  814c39db7e86f574  32dbfe05b6d42411     10    10     10       10     40    2(0)      1(10)     0     0
  35  a4bd424b1db132c2  f5a4cb7a29e46e88  32dbfe05b6d42411     10    10     10       10     40    2(0)      1(10)     0     0
  36  3a9ea86267e2a0e1  99832c71a88c6194  32dbfe05b6d42411     10    10     10       10     40    2(0)      1(10)     0     0
  37  5df9c09905d45a8f  9a6d7ecf324845b2  32dbfe05b6d42411     10    10     10       10     40    2(0)      1(10)     0     0
  38  2128c3c2f808db08  3198dc3e7340c3b6  32dbfe05b6d42411     10    10     10       10     40    2(0)      1(10)     0     0
  39  5ae2c1fc75a52922  60513d1fccd0aae0  32dbfe05b6d42411     10    10     10       10     40    2(0)      1(10)     0     0
  40  62a18a1917857bbc  b447f6bd419f9e58  32dbfe05b6d42411     10    10     10       10     40    2(0)      1(10)     0     0
  41  b683e0a2400a1891  9a0346fcb5450be6  32dbfe05b6d42411     10    10     10       10     40    2(0)      1(10)     0     0
  42  b683e0a2400a1891  9a0346fcb5450be6  574eb976215cd5e8      0    10      0       10     40    0(0)      0(10)    10     0
  43  b683e0a2400a1891  9a0346fcb5450be6  574eb976215cd5e8      0    10      0       10     40    0(0)      0(0)     0     0
  44  b683e0a2400a1891  9a0346fcb5450be6  574eb976215cd5e8      0    10      0       10     40    0(0)      0(0)     0     0
  45  b683e0a2400a1891  9a0346fcb5450be6  574eb976215cd5e8      0    10      0       10     40    0(0)      0(0)     0     0
  46  b683e0a2400a1891  9a0346fcb5450be6  574eb976215cd5e8      0    10      0       10     40    0(0)      0(0)     0     0
  47  b683e0a2400a1891  9a0346fcb5450be6  574eb976215cd5e8      0    10      0       10     40    0(0)      0(0)     0     0
  48  b683e0a2400a1891  9a0346fcb5450be6  574eb976215cd5e8      0    10      0       10     40    0(0)      0(0)     0     0
  49  b683e0a2400a1891  9a0346fcb5450be6  574eb976215cd5e8      0    10      0       10     40    0(0)      0(0)     0     0
  50  b683e0a2400a1891  9a0346fcb5450be6  574eb976215cd5e8      0    10      0       10     40    0(0)      0(0)     0     0
  51  b683e0a2400a1891  9a0346fcb5450be6  574eb976215cd5e8      0    10      0       10     40    0(0)      0(0)     0     0
  52  b683e0a2400a1891  9a0346fcb5450be6  574eb976215cd5e8      0    10      0       10     40    0(0)      0(0)     0     0
  53  b683e0a2400a1891  9a0346fcb5450be6  574eb976215cd5e8      0    10      0       10     40    0(0)      0(0)     0     0
  54  b683e0a2400a1891  9a0346fcb5450be6  574eb976215cd5e8      0    10      0       10     40    0(0)      0(0)     0     0
  55  b683e0a2400a1891  9a0346fcb5450be6  574eb976215cd5e8      0    10      0       10     40    0(0)      0(0)     0     0
  56  b683e0a2400a1891  9a0346fcb5450be6  574eb976215cd5e8      0    10      0       10     40    0(0)      0(0)     0     0
  57  b683e0a2400a1891  9a0346fcb5450be6  574eb976215cd5e8      0    10      0       10     40    0(0)      0(0)     0     0
  58  b683e0a2400a1891  9a0346fcb5450be6  574eb976215cd5e8      0    10      0       10     40    0(0)      0(0)     0     0
  59  b683e0a2400a1891  9a0346fcb5450be6  574eb976215cd5e8      0    10      0       10     40    0(0)      0(0)     0     0
  60  b683e0a2400a1891  9a0346fcb5450be6  574eb976215cd5e8      0    10      0       10     40    0(0)      0(0)     0     0
  61  b683e0a2400a1891  9a0346fcb5450be6  574eb976215cd5e8      0    10      0       10     40    0(0)      0(0)     0     0
  62  b683e0a2400a1891  9a0346fcb5450be6  574eb976215cd5e8      0    10      0       10     40    0(0)      0(0)     0     0
  63  b683e0a2400a1891  9a0346fcb5450be6  574eb976215cd5e8      0    10      0       10     40    0(0)      0(0)     0     0
  64  b683e0a2400a1891  9a0346fcb5450be6  574eb976215cd5e8      0    10      0       10     40    0(0)      0(0)     0     0
  65  b683e0a2400a1891  9a0346fcb5450be6  574eb976215cd5e8      0    10      0       10     40    0(0)      0(0)     0     0
  66  b683e0a2400a1891  9a0346fcb5450be6  574eb976215cd5e8      0    10      0       10     40    0(0)      0(0)     0     0
  67  b683e0a2400a1891  9a0346fcb5450be6  574eb976215cd5e8      0    10      0       10     40    0(0)      0(0)     0     0
  68  b683e0a2400a1891  9a0346fcb5450be6  574eb976215cd5e8      0    10      0       10     40    0(0)      0(0)     0     0
  69  b683e0a2400a1891  9a0346fcb5450be6  574eb976215cd5e8      0    10      0       10     40    0(0)      0(0)     0     0
  70  b683e0a2400a1891  9a0346fcb5450be6  574eb976215cd5e8      0    10      0       10     40    0(0)      0(0)     0     0
  71  b683e0a2400a1891  9a0346fcb5450be6  574eb976215cd5e8      0    10      0       10     40    0(0)      0(0)     0     0
  72  b683e0a2400a1891  9a0346fcb5450be6  574eb976215cd5e8      0    10      0       10     40    0(0)      0(0)     0     0
  73  b683e0a2400a1891  9a0346fcb5450be6  574eb976215cd5e8      0    10      0       10     40    0(0)      0(0)     0     0
  74  b683e0a2400a1891  9a0346fcb5450be6  574eb976215cd5e8      0    10      0       10     40    0(0)      0(0)     0     0
  75  b683e0a2400a1891  9a0346fcb5450be6  574eb976215cd5e8      0    10      0       10     40    0(0)      0(0)     0     0
  76  b683e0a2400a1891  9a0346fcb5450be6  574eb976215cd5e8      0    10      0       10     40    0(0)      0(0)     0     0
  77  b683e0a2400a1891  9a0346fcb5450be6  574eb976215cd5e8      0    10      0       10     40    0(0)      0(0)     0     0
  78  b683e0a2400a1891  9a0346fcb5450be6  574eb976215cd5e8      0    10      0       10     40    0(0)      0(0)     0     0
  79  b683e0a2400a1891  9a0346fcb5450be6  574eb976215cd5e8      0    10      0       10     40    0(0)      0(0)     0     0
  80  b683e0a2400a1891  9a0346fcb5450be6  574eb976215cd5e8      0    10      0       10     40    0(0)      0(0)     0     0
  81  b683e0a2400a1891  9a0346fcb5450be6  574eb976215cd5e8      0    10      0       10     40    0(0)      0(0)     0     0
  82  b683e0a2400a1891  9a0346fcb5450be6  574eb976215cd5e8      0    10      0       10     40    0(0)      0(0)     0     0
  83  b683e0a2400a1891  9a0346fcb5450be6  574eb976215cd5e8      0    10      0       10     40    0(0)      0(0)     0     0
  84  b683e0a2400a1891  9a0346fcb5450be6  574eb976215cd5e8      0    10      0       10     40    0(0)      0(0)     0     0
  85  b683e0a2400a1891  9a0346fcb5450be6  574eb976215cd5e8      0    10      0       10     40    0(0)      0(0)     0     0
  86  b683e0a2400a1891  9a0346fcb5450be6  574eb976215cd5e8      0    10      0       10     40    0(0)      0(0)     0     0
  87  b683e0a2400a1891  9a0346fcb5450be6  574eb976215cd5e8      0    10      0       10     40    0(0)      0(0)     0     0
  88  b683e0a2400a1891  9a0346fcb5450be6  574eb976215cd5e8      0    10      0       10     40    0(0)      0(0)     0     0
  89  b683e0a2400a1891  9a0346fcb5450be6  574eb976215cd5e8      0    10      0       10     40    0(0)      0(0)     0     0
  90  b683e0a2400a1891  9a0346fcb5450be6  574eb976215cd5e8      0    10      0       10     40    0(0)      0(0)     0     0
  91  b683e0a2400a1891  9a0346fcb5450be6  574eb976215cd5e8      0    10      0       10     40    0(0)      0(0)     0     0
  92  b683e0a2400a1891  9a0346fcb5450be6  574eb976215cd5e8      0    10      0       10     40    0(0)      0(0)     0     0
  93  b683e0a2400a1891  9a0346fcb5450be6  574eb976215cd5e8      0    10      0       10     40    0(0)      0(0)     0     0
  94  b683e0a2400a1891  9a0346fcb5450be6  574eb976215cd5e8      0    10      0       10     40    0(0)      0(0)     0     0
  95  b683e0a2400a1891  9a0346fcb5450be6  574eb976215cd5e8      0    10      0       10     40    0(0)      0(0)     0     0
  96  b683e0a2400a1891  9a0346fcb5450be6  574eb976215cd5e8      0    10      0       10     40    0(0)      0(0)     0     0
  97  b683e0a2400a1891  9a0346fcb5450be6  574eb976215cd5e8      0    10      0       10     40    0(0)      0(0)     0     0
  98  b683e0a2400a1891  9a0346fcb5450be6  574eb976215cd5e8      0    10      0       10     40    0(0)      0(0)     0     0
  99  b683e0a2400a1891  9a0346fcb5450be6  574eb976215cd5e8      0    10      0       10     40    0(0)      0(0)     0     0
 100  b683e0a2400a1891  9a0346fcb5450be6  574eb976215cd5e8      0    10      0       10     40    0(0)      0(0)     0     0
 101  b683e0a2400a1891  9a0346fcb5450be6  574eb976215cd5e8      0    10      0       10     40    0(0)      0(0)     0     0
 102  b683e0a2400a1891  9a0346fcb5450be6  574eb976215cd5e8      0    10      0       10     40    0(0)      0(0)     0     0
 103  b683e0a2400a1891  9a0346fcb5450be6  574eb976215cd5e8      0    10      0       10     40    0(0)      0(0)     0     0
 104  b683e0a2400a1891  9a0346fcb5450be6  574eb976215cd5e8      0    10      0       10     40    0(0)      0(0)     0     0
 105  b683e0a2400a1891  9a0346fcb5450be6  574eb976215cd5e8      0    10      0       10     40    0(0)      0(0)     0     0
 106  b683e0a2400a1891  9a0346fcb5450be6  574eb976215cd5e8      0    10      0       10     40    0(0)      0(0)     0     0
 107  b683e0a2400a1891  9a0346fcb5450be6  574eb976215cd5e8      0    10      0       10     40    0(0)      0(0)     0     0
 108  b683e0a2400a1891  9a0346fcb5450be6  574eb976215cd5e8      0    10      0       10     40    0(0)      0(0)     0     0
 109  b683e0a2400a1891  9a0346fcb5450be6  574eb976215cd5e8      0    10      0       10     40    0(0)      0(0)     0     0
 110  b683e0a2400a1891  9a0346fcb5450be6  574eb976215cd5e8      0    10      0       10     40    0(0)      0(0)     0     0
 111  b683e0a2400a1891  9a0346fcb5450be6  574eb976215cd5e8      0    10      0       10     40    0(0)      0(0)     0     0
 112  b683e0a2400a1891  9a0346fcb5450be6  574eb976215cd5e8      0    10      0       10     40    0(0)      0(0)     0     0
 113  b683e0a2400a1891  9a0346fcb5450be6  574eb976215cd5e8      0    10      0       10     40    0(0)      0(0)     0     0
 114  b683e0a2400a1891  9a0346fcb5450be6  574eb976215cd5e8      0    10      0       10     40    0(0)      0(0)     0     0
 115  b683e0a2400a1891  9a0346fcb5450be6  574eb976215cd5e8      0    10      0       10     40    0(0)      0(0)     0     0
 116  b683e0a2400a1891  9a0346fcb5450be6  574eb976215cd5e8      0    10      0       10     40    0(0)      0(0)     0     0
 117  b683e0a2400a1891  9a0346fcb5450be6  574eb976215cd5e8      0    10      0       10     40    0(0)      0(0)     0     0
 118  b683e0a2400a1891  9a0346fcb5450be6  574eb976215cd5e8      0    10      0       10     40    0(0)      0(0)     0     0
 119  b683e0a2400a1891  9a0346fcb5450be6  574eb976215cd5e8      0    10      0       10     40    0(0)      0(0)     0     0
 120  b683e0a2400a1891  9a0346fcb5450be6  574eb976215cd5e8      0    10      0       10     40    0(0)      0(0)     0     0
 180  b683e0a2400a1891  9a0346fcb5450be6  574eb976215cd5e8      0    10      0       10     40    0(0)      0(0)     0     0
 240  b683e0a2400a1891  9a0346fcb5450be6  574eb976215cd5e8      0    10      0       10     40    0(0)      0(0)     0     0
 300  b683e0a2400a1891  9a0346fcb5450be6  574eb976215cd5e8      0    10      0       10     40    0(0)      0(0)     0     0
 360  b683e0a2400a1891  9a0346fcb5450be6  574eb976215cd5e8      0    10      0       10     40    0(0)      0(0)     0     0
 420  b683e0a2400a1891  9a0346fcb5450be6  574eb976215cd5e8      0    10      0       10     40    0(0)      0(0)     0     0
 480  b683e0a2400a1891  9a0346fcb5450be6  574eb976215cd5e8      0    10      0       10     40    0(0)      0(0)     0     0
 540  b683e0a2400a1891  9a0346fcb5450be6  574eb976215cd5e8      0    10      0       10     40    0(0)      0(0)     0     0
 600  b683e0a2400a1891  9a0346fcb5450be6  574eb976215cd5e8      0    10      0       10     40    0(0)      0(0)     0     0
threads 1: 0.104 ms/tick, saturations 0, floating-point sentinel clean; per-tick hashes (reference)
threads 8: 0.094 ms/tick, saturations 0, floating-point sentinel clean; per-tick hashes identical
solve: every dynamic body asleep from tick 42; deepest point -0.00513194 m (tick 41, bodies 1 2), at rest (the 60 ticks before every body sleeps, or the last 60) -0.00513194 m (tick 41, bodies 1 2); at most 40 dispatches a tick
rest: after tick 600, over every touching pair (sleeping ones too): deepest point -0.00513194 m (bodies 1 2), 10 touching pairs
body 1 at tick 600: y 0.249310243 m (free fall gives -499.958333)
toy D stack10: run hash f215cccb206c916a, final bodies b683e0a2400a1891 manifolds 9a0346fcb5450be6 stages 574eb976215cd5e8, threads agree, saturations 0 (twin: gcc 13.3.0, aarch64, contraction off)
