toy pile200, dialect D, 1200 ticks, threads 1 8; gravity 10, sleep on, contact recycling on
twin: clang 18.1.3 (1ubuntu1), aarch64, contraction off
layout sizes C/twin: Hull 112/112 HullFace 40/40 BodyState 112/112 BodyPose 56/56 BodyMass 144/144 Aabb 32/32 Params 344/344 Hash2 8/8 V3 24/24 Pair 24/24 Manifold 632/632 SatAxis 88/88 NarrowDiag 128/128 Constraint 840/840
scene pile200 (seed 7): 205 bodies (5 static), 203 hulls (40 irregular chunks, 24 redrawn), largest hull 14 vertices 9 faces 42 half-edges; mass 7.387 to 54.95 kg; quantisation range errors 0
  hull 0 (box 12 x 1 x 12 m): volume 144 (8abc 144), Ixx/density 1740 (V(b^2+c^2)/3 1740), Ixy -0
start: every position, orientation and velocity exact in D (the grid moved 7 values off their float)
tick  bodies-hash       manifolds-hash    stages-hash       awake pairs active touching points colours(ovf) islands(largest) slept woken
   1  60bfb3bee78b0756  0000000000000000  946e2557b1056391    200     0      0        0      0    0(0)    200(1)     0     0
   2  26f22f6bb39980b4  0000000000000000  946e2557b1056391    200     0      0        0      0    0(0)    200(1)     0     0
   3  c1daed109e631cb2  0000000000000000  946e2557b1056391    200     0      0        0      0    0(0)    200(1)     0     0
   4  7eecc65fcd08354f  0000000000000000  946e2557b1056391    200     0      0        0      0    0(0)    200(1)     0     0
   5  632b04b1a952680e  0000000000000000  946e2557b1056391    200     0      0        0      0    0(0)    200(1)     0     0
   6  8c770b650a6efd0b  0000000000000000  946e2557b1056391    200     0      0        0      0    0(0)    200(1)     0     0
   7  cfe11eb6e628c46a  0000000000000000  946e2557b1056391    200     0      0        0      0    0(0)    200(1)     0     0
   8  c83b06c778d3345d  0000000000000000  946e2557b1056391    200     0      0        0      0    0(0)    200(1)     0     0
   9  93da83824ae59bb6  0000000000000000  946e2557b1056391    200     0      0        0      0    0(0)    200(1)     0     0
  10  368882fefbb819f7  0000000000000000  946e2557b1056391    200     0      0        0      0    0(0)    200(1)     0     0
  11  c77289dc0409450b  0000000000000000  946e2557b1056391    200     0      0        0      0    0(0)    200(1)     0     0
  12  41f6fbb9833a82f3  0000000000000000  946e2557b1056391    200     0      0        0      0    0(0)    200(1)     0     0
  13  f0af59c9605d51af  0000000000000000  946e2557b1056391    200     0      0        0      0    0(0)    200(1)     0     0
  14  3fa4f573346ac049  0000000000000000  946e2557b1056391    200     0      0        0      0    0(0)    200(1)     0     0
  15  1f2020e6e2973743  0000000000000000  946e2557b1056391    200     0      0        0      0    0(0)    200(1)     0     0
  16  a3e07303df3938bd  0000000000000000  946e2557b1056391    200     0      0        0      0    0(0)    200(1)     0     0
  17  3c919b37f2982f57  0000000000000000  946e2557b1056391    200     0      0        0      0    0(0)    200(1)     0     0
  18  1e37baf3ab17afaf  0000000000000000  946e2557b1056391    200     0      0        0      0    0(0)    200(1)     0     0
  19  13555ae85f128f58  0000000000000000  946e2557b1056391    200     0      0        0      0    0(0)    200(1)     0     0
  20  dd84e41da7b0c8fe  0000000000000000  946e2557b1056391    200     0      0        0      0    0(0)    200(1)     0     0
  21  5a2c4f8d45d60904  0000000000000000  946e2557b1056391    200     0      0        0      0    0(0)    200(1)     0     0
  22  fc3dcd82ec154c29  0000000000000000  946e2557b1056391    200     0      0        0      0    0(0)    200(1)     0     0
  23  c60fd53bf649eb9a  0000000000000000  946e2557b1056391    200     0      0        0      0    0(0)    200(1)     0     0
  24  2f92bf213c250267  0000000000000000  946e2557b1056391    200     0      0        0      0    0(0)    200(1)     0     0
  25  310b10396e400373  0000000000000000  946e2557b1056391    200     0      0        0      0    0(0)    200(1)     0     0
  26  b6090b93f5985a83  0000000000000000  946e2557b1056391    200     0      0        0      0    0(0)    200(1)     0     0
  27  470770a2c10b47c5  0000000000000000  946e2557b1056391    200     0      0        0      0    0(0)    200(1)     0     0
  28  e24bf53d74724029  0000000000000000  946e2557b1056391    200     0      0        0      0    0(0)    200(1)     0     0
  29  de11fbaf4052e370  0000000000000000  946e2557b1056391    200     0      0        0      0    0(0)    200(1)     0     0
  30  eb823e0af916be09  0000000000000000  946e2557b1056391    200     0      0        0      0    0(0)    200(1)     0     0
  31  2267615814db7d81  0000000000000000  946e2557b1056391    200     0      0        0      0    0(0)    200(1)     0     0
  32  492236f07015fd9b  0000000000000000  946e2557b1056391    200     0      0        0      0    0(0)    200(1)     0     0
  33  10a05be1ad995bcf  0000000000000000  946e2557b1056391    200     0      0        0      0    0(0)    200(1)     0     0
  34  c8fda7fca0f7ab00  0000000000000000  946e2557b1056391    200     0      0        0      0    0(0)    200(1)     0     0
  35  b2b380e4cf1392c2  0000000000000000  946e2557b1056391    200     0      0        0      0    0(0)    200(1)     0     0
  36  693f49c946d7f34a  0000000000000000  946e2557b1056391    200     0      0        0      0    0(0)    200(1)     0     0
  37  a6585dd52e072a78  0000000000000000  946e2557b1056391    200     0      0        0      0    0(0)    200(1)     0     0
  38  8a167a39a8ebc17c  0000000000000000  946e2557b1056391    200     0      0        0      0    0(0)    200(1)     0     0
  39  b35d1f5ca4b3149a  0000000000000000  946e2557b1056391    200     0      0        0      0    0(0)    200(1)     0     0
  40  c76a2b777ccddd57  0000000000000000  946e2557b1056391    200     0      0        0      0    0(0)    200(1)     0     0
  41  6b3a3c7b179790fe  0000000000000000  946e2557b1056391    200     0      0        0      0    0(0)    200(1)     0     0
  42  0e057d6fee19c505  0000000000000000  946e2557b1056391    200     0      0        0      0    0(0)    200(1)     0     0
  43  cd57139eaa23164e  0000000000000000  946e2557b1056391    200     0      0        0      0    0(0)    200(1)     0     0
  44  8be15a88ca522992  0000000000000000  946e2557b1056391    200     0      0        0      0    0(0)    200(1)     0     0
  45  5c306546263e915e  2cb6a5009806e1a2  1dd03a8f299bb08d    200    18     18        2      8    1(0)    200(1)     0     0
  46  233aff76b55783aa  35604ac572063a8b  4a23590da5abb981    200    27     27       24     96    2(0)    200(1)     0     0
  47  837321dff9475249  77786d4d830db628  4f1570a06cfc0663    200    31     31       27    108    2(0)    200(1)     0     0
  48  3737a422a865009f  1414eb0c8d5e857e  2d274474e9aefc8c    200    46     46       32    128    3(0)    198(2)     0     0
  49  356ee20519c55662  899d8de7507bf69b  8404b408acbbe756    200    58     58       44    175    4(0)    193(2)     0     0
  50  3ff4a9117477c865  22e773c34026b8d2  e08978e36051836a    200    65     65       52    207    4(0)    180(2)     0     0
  51  5c7ed1340f37065e  87d560c3e80d8feb  f15524abac6eb916    200    77     77       59    231    5(0)    173(4)     0     0
  52  9a9205a47812f87e  1144736ca81aafd0  6dac72a1511605c5    200    89     89       64    251    5(0)    165(4)     0     0
  53  c3dad4b62fb0810e  59aa6807e9778f72  7a918580a5f6619d    200    98     98       76    299    5(0)    158(5)     0     0
  54  c631b484baaca776  a47b32650816af12  6f77cd944b42b5f4    200   112    112       83    331    6(0)    147(6)     0     0
  55  36533454d5feda79  34fb418907d7ecd3  58bdf7b75f28654a    200   127    127       89    353    6(0)    140(6)     0     0
  56  e0adba2e06aa2915  528e73d84dcae5be  8a0ce23b8bff79c7    200   140    140      101    402    7(0)    134(7)     0     0
  57  6b009d58afa33818  add219e6f172bd22  0207550b1d0aa7b5    200   155    155      109    431    7(0)    123(7)     0     0
  58  9156b29ea3bbef13  3e68b1f037cf8aba  93b935184d1664fa    200   172    172      120    472    7(0)    118(6)     0     0
  59  4c3a7ff0a59a58a1  1910c1601a3ea782  b0ecdee637852d1e    200   185    185      129    508    8(0)    108(8)     0     0
  60  91e58f0f53ffbdb2  578d560b058c5b75  0478db6eb93cec5c    200   209    209      140    554   10(0)     99(9)     0     0
  61  5a46c0da84a689d8  6bc0252ba8cf2990  3c3c7639c46fdce2    200   227    227      152    604   10(0)     91(7)     0     0
  62  945e898101a266d1  af9eb18d1b9f75c6  f69e679d79863478    200   250    250      153    604   11(0)     81(10)     0     0
  63  356a82616a8ac9f5  5e51b935b6f15031  b2421fcf2236e5a6    200   285    285      168    665   13(0)     77(9)     0     0
  64  911f0954abbafaa9  97c0c55f92c7d233  af9bc5c337c572f8    200   320    320      183    718   13(0)     65(12)     0     0
  65  c104615a06990bdc  adba03886764bbad  edcc23ef0fe589fc    200   355    355      195    756   14(0)     55(16)     0     0
  66  f285ad8eaf56a8d3  5768c9ff2c34e825  4a30940e509dbc61    200   403    403      209    813   14(0)     45(19)     0     0
  67  33825721d3db4683  5a03615f43fa1eaf  abe51dbe8e352499    200   451    451      208    812   14(0)     40(31)     0     0
  68  cbac823c0e236e24  1f9df2d4ae3976c6  4fbe802ae034268e    200   484    484      217    845   14(0)     35(32)     0     0
  69  87793aceb58aa350  9932ec9b54ee40fe  61f57999c6665257    200   521    521      226    879   15(0)     30(36)     0     0
  70  8166868136c8b3fc  8bb8288691e9bab0  7a501541f39de501    200   566    566      229    891   16(0)     29(44)     0     0
  71  91b397b7db70d9db  99f5d64b4a61c786  d315d5bd2959932e    200   599    599      237    915   16(0)     29(43)     0     0
  72  47943374db0b303f  24430e43881e6d49  97173bd6344fc549    200   627    627      239    920   16(0)     25(53)     0     0
  73  2c4c48ca481f2be7  f3f0f942cb435b9e  53980680c2d73641    200   653    653      238    924   16(0)     30(51)     0     0
  74  90270765de9a5003  f504a27c7ada51ab  5202fc41881d5e14    200   658    658      231    895   18(0)     40(45)     0     0
  75  21e1087405a78dd0  727ac04a7c520bb3  d8e53736c257493b    200   669    669      229    892   18(0)     43(44)     0     0
  76  68c00f8f19195fdd  858ffea04f77efea  5cc83c5605a54e73    200   680    680      236    926   16(0)     43(62)     0     0
  77  fdfea36316307585  3d834530cb510fc6  aacc51b69052ffe0    200   697    697      239    934   17(0)     40(82)     0     0
  78  9d64c392a17dc1a2  986d664a4c9f762c  b34f742c1726bdf1    200   697    697      241    933   17(0)     37(101)     0     0
  79  11d564f6ed42d11b  7b20e3fb57ef2148  151792d5ed323120    200   715    715      246    961   17(0)     41(58)     0     0
  80  90457ff825e7f6b5  596f1785938360e0  9a617946abc6ab0f    200   719    719      253    986   17(0)     40(109)     0     0
  81  48cd9ae07a180085  44c78b8d3f33553e  4b926fe59d00aeb3    200   720    720      264   1021   17(0)     42(60)     0     0
  82  1f203bf08bbf6c70  3db877c29efd6f33  a3fdadc86a909d2e    200   724    724      264   1015   17(0)     35(76)     0     0
  83  d02f447492498a55  da8178cefb6db01a  a2c52cfd3d0dd4fe    200   738    738      268   1029   16(0)     37(76)     0     0
  84  7f2eedf6330e6606  0464dff67392912c  1bb9bc24cc9d1b92    200   755    755      272   1051   17(0)     35(92)     0     0
  85  e2168cc1610f31e1  3aa177040f0f88e2  d6c9ced7c600b6ff    200   759    759      280   1078   17(0)     36(74)     0     0
  86  01869129c00e48b9  f59bb3cebf80bd7f  52258e0f8bd5ac6a    200   766    766      299   1152   16(0)     38(75)     0     0
  87  e86ff826a34424bb  de30acbdd3d027c2  1ddd1ab64190013e    200   775    775      310   1204   16(0)     32(118)     0     0
  88  724021d9ce1ee86b  fb1d2c7ee9bd8959  781eabb858f79b6b    200   792    792      309   1197   16(0)     29(118)     0     0
  89  d94444158c7de3bb  2d3565d907320c58  dfac83a6fc11a42a    200   796    796      320   1242   16(0)     30(70)     0     0
  90  de6b683be1cc70bb  a8d2d627981d70aa  a5a0f683fb168417    200   798    798      318   1236   17(0)     25(93)     0     0
  91  2413217eeccce40a  0edf8104dc6ba571  e62e58577e4b2594    200   809    809      314   1219   16(0)     27(94)     0     0
  92  0f4313619a2e503c  36117281e40c042f  faa5f9eddc25e388    200   810    810      314   1226   16(0)     28(87)     0     0
  93  592e301e88aa24c5  eab83e62b629e6c5  63a7830c7fecfa17    200   820    820      313   1222   16(0)     29(82)     0     0
  94  acd0387504d6ead9  11e1d285cc4f6f64  813f487c5c2fe31f    200   832    832      315   1227   17(0)     28(82)     0     0
  95  04ab766076d9c19f  049686ac278a80c9  4cd382a0cf768499    200   835    835      316   1234   17(0)     27(71)     0     0
  96  0730c88d796f771a  5dee9fd9fdd1b249  84a7fba19de8cc0d    200   845    845      322   1263   16(0)     27(70)     0     0
  97  3ef35159f8aac970  857d7a01da147f6c  319ba3d55de2f4fc    200   849    849      327   1279   17(0)     23(71)     0     0
  98  2c4302e2add1d5f8  165944a0cf4c3bd2  920f72dc38adaec6    200   849    849      329   1285   17(0)     21(72)     0     0
  99  61084b48e1cc7324  44e6f797dd53f637  66333863af110049    200   861    861      332   1291   16(0)     21(98)     0     0
 100  185251c05adf9e29  cc04dad6b97f73ae  9b43d5dcf1a3e3d2    200   875    875      336   1300   17(0)     22(169)     0     0
 101  cb55cbc17958cac4  1511de7e15e2c281  b071c7bcd06ed67e    200   886    886      340   1317   17(0)     18(173)     0     0
 102  b187a7ab9f6cdfd4  7026d955d7e5da0a  33880d8cdce0c30e    200   895    895      345   1321   18(0)     17(174)     0     0
 103  20bdb20f4afa5d5d  adffb22c2da482eb  b884900796a36cbf    200   904    904      349   1341   17(0)     16(181)     0     0
 104  5601f50373739d97  b33f897c5e7eef0a  2ce70089d83b2ab7    200   915    915      354   1365   18(0)     16(182)     0     0
 105  0cb127a7446cbd2d  3bd0a820238ccede  16acc32ee189d10e    200   924    924      356   1369   18(0)     15(183)     0     0
 106  fb3fe8d0e462b8f2  654639b6a39411dd  4450d1f5d653620a    200   932    932      352   1359   18(0)     16(182)     0     0
 107  666149b797f1117b  45a3e490e7e2f389  d83e765414f77db6    200   944    944      359   1386   18(0)     16(175)     0     0
 108  fd9107349dfd44fd  415c6720603fa2eb  b497c71331cfaec4    200   950    950      369   1422   18(0)     14(176)     0     0
 109  18f0f5918fe6a767  12559b8d22d36a5f  f35a443f0a3428b9    200   956    956      374   1450   18(0)      9(180)     0     0
 110  7d687a39e70c0b62  a372c1d79c5388dd  2b8476d5d8e9e613    200   966    966      375   1452   19(0)      9(180)     0     0
 111  2a68021b142ee695  c1b0f1ccba3d5b00  e13f3e87b1eaeda7    200   971    971      379   1467   19(0)      9(180)     0     0
 112  876441d97c987ecc  6f8fe47d39acde2e  f4a88b41489ba5f8    200   979    979      379   1465   19(0)     11(175)     0     0
 113  25ca8f79930c8e7b  47bd875715d15c53  28e3419bf8b36a68    200   987    987      385   1480   19(0)     10(176)     0     0
 114  b3fbd9f8e88a2fa1  facfe9ffcf8b89f1  502b8257b9b497f4    200   992    992      386   1480   19(0)      8(181)     0     0
 115  a7463ca50a7a02d9  2394226c05a4be73  7d84a14e8cf508a5    199   989    987      394   1517   19(0)      9(179)     1     0
 116  942f2ce0317af6fa  ac5b4046934d20cf  7faefb544c2096c7    199   997    995      392   1507   19(0)      7(182)     0     0
 117  12a65419cc65f998  a5133b4e42b87687  3de6d8e7bb70d829    199   998    996      392   1516   18(0)      7(193)     0     0
 118  8b30ab4898baf9c9  d61bb05198129a68  bb68c85f56026d6e    199  1006   1004      395   1525   18(0)      6(194)     0     0
 119  ed6cd9e2c2af3797  4cdff7301233aa15  7a92cb6fd27032c5    199  1015   1013      392   1514   19(0)      6(194)     0     0
 120  00c3d3379e0c586c  0ad07d188c7f3086  03caca77ee56e7cf    199  1026   1024      396   1531   20(0)      7(192)     0     0
 180  67cd5d7a58647eea  162bf30f1a4cbbde  e9c31f33def8f897    193  1121   1105      455   1752   24(0)      1(193)     0     0
 240  49558c77b0dc8ea0  d416a9ce15952130  0c344d70889234cb    192  1120   1102      460   1764   25(0)      1(192)     0     0
 300  cd6a25b47a78e97f  bb361ba8b1405430  399bdab0f674fe4f      0  1120      0      460   1764    0(0)      0(0)     0     0
 360  cd6a25b47a78e97f  bb361ba8b1405430  399bdab0f674fe4f      0  1120      0      460   1764    0(0)      0(0)     0     0
 420  cd6a25b47a78e97f  bb361ba8b1405430  399bdab0f674fe4f      0  1120      0      460   1764    0(0)      0(0)     0     0
 480  cd6a25b47a78e97f  bb361ba8b1405430  399bdab0f674fe4f      0  1120      0      460   1764    0(0)      0(0)     0     0
 540  cd6a25b47a78e97f  bb361ba8b1405430  399bdab0f674fe4f      0  1120      0      460   1764    0(0)      0(0)     0     0
 600  cd6a25b47a78e97f  bb361ba8b1405430  399bdab0f674fe4f      0  1120      0      460   1764    0(0)      0(0)     0     0
 660  cd6a25b47a78e97f  bb361ba8b1405430  399bdab0f674fe4f      0  1120      0      460   1764    0(0)      0(0)     0     0
 720  cd6a25b47a78e97f  bb361ba8b1405430  399bdab0f674fe4f      0  1120      0      460   1764    0(0)      0(0)     0     0
 780  cd6a25b47a78e97f  bb361ba8b1405430  399bdab0f674fe4f      0  1120      0      460   1764    0(0)      0(0)     0     0
 840  cd6a25b47a78e97f  bb361ba8b1405430  399bdab0f674fe4f      0  1120      0      460   1764    0(0)      0(0)     0     0
 900  cd6a25b47a78e97f  bb361ba8b1405430  399bdab0f674fe4f      0  1120      0      460   1764    0(0)      0(0)     0     0
 960  cd6a25b47a78e97f  bb361ba8b1405430  399bdab0f674fe4f      0  1120      0      460   1764    0(0)      0(0)     0     0
1020  cd6a25b47a78e97f  bb361ba8b1405430  399bdab0f674fe4f      0  1120      0      460   1764    0(0)      0(0)     0     0
1080  cd6a25b47a78e97f  bb361ba8b1405430  399bdab0f674fe4f      0  1120      0      460   1764    0(0)      0(0)     0     0
1140  cd6a25b47a78e97f  bb361ba8b1405430  399bdab0f674fe4f      0  1120      0      460   1764    0(0)      0(0)     0     0
1200  cd6a25b47a78e97f  bb361ba8b1405430  399bdab0f674fe4f      0  1120      0      460   1764    0(0)      0(0)     0     0
threads 1: 0.515 ms/tick, saturations 0, floating-point sentinel clean; per-tick hashes (reference)
threads 8: 0.342 ms/tick, saturations 0, floating-point sentinel clean; per-tick hashes identical
solve: every dynamic body asleep from tick 243; deepest point -0.188738 m (tick 67, bodies 168 193), at rest (the 60 ticks before every body sleeps, or the last 60) -0.0182653 m (tick 208, bodies 48 93); at most 317 dispatches a tick
rest: after tick 1200, over every touching pair (sleeping ones too): deepest point -0.00692084 m (bodies 7 32), 460 touching pairs
ref: twin (threads 1) identical to the reference (138 tick lines and the run hash; the reference's twin: MSVC 194234435, x64, contraction off)
ref: twin (threads 8) identical to the reference (138 tick lines and the run hash; the reference's twin: MSVC 194234435, x64, contraction off)
toy D pile200: run hash e35f4b17e66cbbff, final bodies cd6a25b47a78e97f manifolds bb361ba8b1405430 stages 399bdab0f674fe4f, threads agree, saturations 0 (twin: clang 18.1.3 (1ubuntu1), aarch64, contraction off)
