toy pile200, dialect D, 1200 ticks, threads 1 8; gravity 10, sleep on, contact recycling on
twin: clang 18.1.3 (1ubuntu1), aarch64, contraction off
layout sizes C/twin: Hull 112/112 HullFace 40/40 BodyState 112/112 BodyPose 56/56 BodyMass 144/144 Aabb 32/32 Params 344/344 Hash2 8/8 V3 24/24 Pair 24/24 Manifold 632/632 SatAxis 88/88 NarrowDiag 128/128 Constraint 840/840
scene pile200 (seed 6): 205 bodies (5 static), 203 hulls (40 irregular chunks, 30 redrawn), largest hull 14 vertices 9 faces 42 half-edges; mass 6.773 to 49.39 kg; quantisation range errors 0
  hull 0 (box 12 x 1 x 12 m): volume 144 (8abc 144), Ixx/density 1740 (V(b^2+c^2)/3 1740), Ixy -0
start: every position, orientation and velocity exact in D (the grid moved 4 values off their float)
tick  bodies-hash       manifolds-hash    stages-hash       awake pairs active touching points colours(ovf) islands(largest) slept woken
   1  51946a783c40a357  0000000000000000  946e2557b1056391    200     0      0        0      0    0(0)    200(1)     0     0
   2  421230bcce119eed  0000000000000000  946e2557b1056391    200     0      0        0      0    0(0)    200(1)     0     0
   3  ef795f338ecd80f6  0000000000000000  946e2557b1056391    200     0      0        0      0    0(0)    200(1)     0     0
   4  9267ad2fb7dd01b1  0000000000000000  946e2557b1056391    200     0      0        0      0    0(0)    200(1)     0     0
   5  3b6f56ce7e2aeb96  0000000000000000  946e2557b1056391    200     0      0        0      0    0(0)    200(1)     0     0
   6  186889e72fa73475  0000000000000000  946e2557b1056391    200     0      0        0      0    0(0)    200(1)     0     0
   7  5b90b5dd91cdc59d  0000000000000000  946e2557b1056391    200     0      0        0      0    0(0)    200(1)     0     0
   8  fac6f04ed962ad52  0000000000000000  946e2557b1056391    200     0      0        0      0    0(0)    200(1)     0     0
   9  bb2e20f16b2180ce  0000000000000000  946e2557b1056391    200     0      0        0      0    0(0)    200(1)     0     0
  10  bc3a7d6fda59c32c  0000000000000000  946e2557b1056391    200     0      0        0      0    0(0)    200(1)     0     0
  11  43e68e3cb1e06dcb  0000000000000000  946e2557b1056391    200     0      0        0      0    0(0)    200(1)     0     0
  12  55eb0380a14c2ae6  0000000000000000  946e2557b1056391    200     0      0        0      0    0(0)    200(1)     0     0
  13  69a52be01ae9015b  0000000000000000  946e2557b1056391    200     0      0        0      0    0(0)    200(1)     0     0
  14  10e2980a175e7cf6  0000000000000000  946e2557b1056391    200     0      0        0      0    0(0)    200(1)     0     0
  15  906b0a7a739b42b5  0000000000000000  946e2557b1056391    200     0      0        0      0    0(0)    200(1)     0     0
  16  6146efd38b769347  0000000000000000  946e2557b1056391    200     0      0        0      0    0(0)    200(1)     0     0
  17  1da3d6bf94d8ce96  0000000000000000  946e2557b1056391    200     0      0        0      0    0(0)    200(1)     0     0
  18  76cb5c018a95c001  0000000000000000  946e2557b1056391    200     0      0        0      0    0(0)    200(1)     0     0
  19  ac8ddcc05b54f00d  0000000000000000  946e2557b1056391    200     0      0        0      0    0(0)    200(1)     0     0
  20  34497a4d8ecdfaca  0000000000000000  946e2557b1056391    200     0      0        0      0    0(0)    200(1)     0     0
  21  2eecf849890d0da7  0000000000000000  946e2557b1056391    200     0      0        0      0    0(0)    200(1)     0     0
  22  be9aa47016a9951a  0000000000000000  946e2557b1056391    200     0      0        0      0    0(0)    200(1)     0     0
  23  f82cc697b50d3b6a  0000000000000000  946e2557b1056391    200     0      0        0      0    0(0)    200(1)     0     0
  24  e80194c0ab6166bd  0000000000000000  946e2557b1056391    200     0      0        0      0    0(0)    200(1)     0     0
  25  1494b8140eb4289e  0000000000000000  946e2557b1056391    200     0      0        0      0    0(0)    200(1)     0     0
  26  b51381e61513ea71  0000000000000000  946e2557b1056391    200     0      0        0      0    0(0)    200(1)     0     0
  27  0a92119ef29539c0  0000000000000000  946e2557b1056391    200     0      0        0      0    0(0)    200(1)     0     0
  28  dded8834683cd525  0000000000000000  946e2557b1056391    200     0      0        0      0    0(0)    200(1)     0     0
  29  ea803ef4cac57061  0000000000000000  946e2557b1056391    200     0      0        0      0    0(0)    200(1)     0     0
  30  f49beb4f3993ca31  0000000000000000  946e2557b1056391    200     0      0        0      0    0(0)    200(1)     0     0
  31  4cb0b8274074dbef  0000000000000000  946e2557b1056391    200     0      0        0      0    0(0)    200(1)     0     0
  32  4c404b0ddc43703c  0000000000000000  946e2557b1056391    200     0      0        0      0    0(0)    200(1)     0     0
  33  cfb56ee71a4203ff  0000000000000000  946e2557b1056391    200     0      0        0      0    0(0)    200(1)     0     0
  34  16afdea46912736c  0000000000000000  946e2557b1056391    200     0      0        0      0    0(0)    200(1)     0     0
  35  0e3b5d9a43c7f91c  0000000000000000  946e2557b1056391    200     0      0        0      0    0(0)    200(1)     0     0
  36  510975792916b612  0000000000000000  946e2557b1056391    200     0      0        0      0    0(0)    200(1)     0     0
  37  a5a7eb01433125ee  0000000000000000  946e2557b1056391    200     0      0        0      0    0(0)    200(1)     0     0
  38  421fcd1f9449556e  0000000000000000  946e2557b1056391    200     0      0        0      0    0(0)    200(1)     0     0
  39  23fbd3d36646daab  0000000000000000  946e2557b1056391    200     0      0        0      0    0(0)    200(1)     0     0
  40  4ab0f72266074b32  0000000000000000  946e2557b1056391    200     0      0        0      0    0(0)    200(1)     0     0
  41  ea454327cd950ad8  0000000000000000  946e2557b1056391    200     0      0        0      0    0(0)    200(1)     0     0
  42  b0f4046a899c5011  0000000000000000  946e2557b1056391    200     0      0        0      0    0(0)    200(1)     0     0
  43  4bbff1e9e4f327cb  0000000000000000  946e2557b1056391    200     0      0        0      0    0(0)    200(1)     0     0
  44  fec8aeee7c22de48  0000000000000000  946e2557b1056391    200     0      0        0      0    0(0)    200(1)     0     0
  45  347febb3ee502a39  2a14cf21ae6dd0a4  8df6602fa9e08fbe    200    17     17        1      4    1(0)    200(1)     0     0
  46  336227242628facb  1f5450d3a06f8039  c19cf2e7d18f4f98    200    25     25       22     88    1(0)    200(1)     0     0
  47  7d10f69816894186  8e47c85ad2024ae4  24de125d4de69634    200    29     29       24     96    3(0)    200(1)     0     0
  48  c9c4643750b86fed  0f259032637bcf03  cbb0fa104baef2f9    200    44     44       30    119    4(0)    200(1)     0     0
  49  06c5a0fd1b707cf3  a072a83fae3d422a  2735d9ec930adafa    200    53     53       44    172    4(0)    194(2)     0     0
  50  50dc71a23421f9cd  550832f76a4156a9  d0a689a8962c8685    200    63     63       50    198    4(0)    181(2)     0     0
  51  b976a68d953b5890  8f4cc1fe22c12ef9  70edd63a50d02b6d    200    76     76       54    210    4(0)    175(4)     0     0
  52  b9e8f2ea5cd7acf3  3415e2d419b59aa6  99192f5fe1ee9c78    200    89     89       66    257    4(0)    169(4)     0     0
  53  8a28d0c1629b6131  914899be17ef71c6  5958a63ed9b49455    200    94     94       77    302    5(0)    158(3)     0     0
  54  4c0fe16340f4b497  50f4724049d8585f  1df1cff717002800    200   114    114       81    323    6(0)    149(4)     0     0
  55  79754a658c046c84  4b734e240cd1486f  10e22ee29aea36f0    200   127    127       95    378    6(0)    145(4)     0     0
  56  8cb1b55a6e5930fe  3899e96d6717ac33  a11414eeb1883627    200   141    141      105    416    6(0)    133(5)     0     0
  57  3875cc05eccd2efa  bc7efd501b6f1818  52b42f8eec0a61f2    200   164    164      111    436    7(0)    125(8)     0     0
  58  0a6ab7f0ed7fb3ae  b31b1ff76c9dbd5e  c7ba866a595a003d    200   181    181      122    485    7(0)    117(9)     0     0
  59  60c4d564f472d0f9  c0a6b0302d4c9c4c  32686afdf2204dc3    200   204    204      132    515    8(0)    107(9)     0     0
  60  65dc0b4fa7877c56  b54d8b47d8ae4853  4f4d3d1cf60758cb    200   225    225      144    562    9(0)     99(10)     0     0
  61  7ead45e5efb3ae4a  a4fae1da2ad1f6be  7d743d8235e44f58    200   248    248      153    599   11(0)     89(11)     0     0
  62  55ccc76cad922500  a60f1a1f17499836  b1ec876405e12290    200   279    279      158    623   11(0)     79(12)     0     0
  63  656a4e2f346103bb  6c5dc96157f6e17f  ac87e38604437369    200   305    305      169    662   12(0)     75(12)     0     0
  64  3a99dbdad406b4b6  8cc663bccb21582e  715873b2b8b6bf89    200   331    331      183    713   12(0)     63(20)     0     0
  65  062345c09c7be6d8  68f703fb2168015a  814275e8edb59146    200   354    354      195    760   12(0)     53(21)     0     0
  66  8063ee07321854ad  dc6b53440ec57c9e  ddd0aeefba8e4251    200   385    385      210    821   13(0)     43(21)     0     0
  67  f23e3f7aa39c2a19  735d16d8333fb95b  95eef7bb6712438d    200   414    414      209    823   15(0)     29(27)     0     0
  68  7d6527f49cd24a69  e3acf66d626a1925  31a4af0df77bcee1    200   445    445      215    843   15(0)     31(27)     0     0
  69  6a85782a09ae6d02  7cbb0a9c31ce5751  5dcf5ae64317efd6    200   475    475      218    857   14(0)     28(30)     0     0
  70  3948acae0ebc2784  e2dcb8613ea35a64  e2738995519285de    200   503    503      225    890   16(0)     27(53)     0     0
  71  a9ab3202d942f3bb  0c75e1384bfefabc  63ea45d26568cb9d    200   528    528      233    922   17(0)     23(58)     0     0
  72  e97d900af23bfa36  d32c382bcfc7290d  d50ad53afecf352c    200   560    560      234    913   17(0)     22(40)     0     0
  73  8faca906722b8727  16fc08db6dc281a4  d47207ac2313fccf    200   586    586      231    913   17(0)     26(40)     0     0
  74  680dd691885682af  fae742e6f5870761  46f41de42408ae83    200   611    611      231    909   18(0)     26(65)     0     0
  75  ca6556801df3b252  54ecff4085d805f0  d622e89d29448420    200   631    631      224    882   19(0)     31(66)     0     0
  76  811c92e4c053e07a  8031bdf54e20cb70  569244abbff2a46d    200   650    650      223    884   19(0)     35(100)     0     0
  77  7042ca291f3ee60c  8057b042e6a5de8f  947a78a6aa7b92d5    200   666    666      225    887   18(0)     36(131)     0     0
  78  d35857e03cf0eccb  63a51d8d293df88e  44cf471efafe291d    200   683    683      238    932   18(0)     40(96)     0     0
  79  4f57f3056fd7a89b  2164eec9101fd6b7  7a8ff1b12f5f3b34    200   689    689      245    956   18(0)     34(109)     0     0
  80  fe5d302e30ba0632  79c23f96b9cad3b7  b1822f20248991a5    200   704    704      250    964   17(0)     31(116)     0     0
  81  3fe5372971ae6f28  48a3303eb789493d  d40c71f326b71e44    200   722    722      241    928   17(0)     27(119)     0     0
  82  4f95e7781464adc5  c7db112d268ee8eb  095d9b0164212490    200   742    742      243    939   17(0)     30(119)     0     0
  83  635d69758ec50b9c  552c7d9c9dab7d3b  4d27f51884d521c9    200   759    759      245    945   17(0)     33(79)     0     0
  84  3fdd816b83682597  f60d085b2c455517  721a6783ff4a6966    200   789    789      254    980   17(0)     35(120)     0     0
  85  5d687b44930c4855  7647ff0b6d3740a2  c763b4c74cb12d50    200   802    802      257    992   18(0)     28(128)     0     0
  86  4df5544b9e08c674  f874be155510247a  ec2b80266833e044    200   794    794      263   1015   17(0)     29(119)     0     0
  87  da888f9a46fadd45  3b0f8a63eebbfb4a  0aecd31dcc955e5a    200   802    802      273   1052   18(0)     27(133)     0     0
  88  de2f1a7f78a4140e  249acca2a9fb84a7  2c8d1e39450f746b    200   809    809      282   1087   19(0)     26(162)     0     0
  89  39dcf230e3cc5ee0  06d6261ee755402c  2cc9f2b48d938973    200   807    807      293   1132   19(0)     23(159)     0     0
  90  db2564e2f8a21c54  9ebffad462ef3def  db3429d462df3106    200   830    830      293   1127   19(0)     22(160)     0     0
  91  d1a590fde1169cfb  fc3f410f0ecd1689  a5ea655ef7537a5f    200   836    836      290   1117   19(0)     23(149)     0     0
  92  f544e146fb4610f5  fbccf0f87896a7b2  0aa821b86d61f400    200   840    840      294   1140   19(0)     24(148)     0     0
  93  80063067b817424b  47ebb24c1d263ebd  aad83ce0241bfaec    200   856    856      295   1149   19(0)     23(159)     0     0
  94  b87197cc3364770b  4d03717407a9c02e  32e68a7e91a7b72f    200   868    868      298   1156   19(0)     23(158)     0     0
  95  eb322069332fa999  7a91c5f6246da99b  2ea746cd1389f4d7    200   872    872      309   1199   20(0)     23(158)     0     0
  96  70aa4cb29a697f6b  40e8f81076adcfbf  a4b0602d4c7bb47f    200   877    877      310   1204   20(0)     23(147)     0     0
  97  f7eb44bd97581685  dda7ec310e42ae1f  7f54bde006711ce6    200   889    889      307   1197   21(0)     23(160)     0     0
  98  ada1361806ac5d37  d287660d5d80ccd9  92c9a111e94cd247    200   904    904      319   1240   21(0)     24(159)     0     0
  99  bc852d86e8f1ac4e  3c8c78b214f9c3fd  1b82be94a8732c9a    200   923    923      322   1246   22(0)     20(162)     0     0
 100  669ea8520f352501  5eb3c19f1ac31d96  f18172ce166f30ea    200   937    937      324   1252   23(0)     17(172)     0     0
 101  cf8eb436f92b1568  560b7e984280bd2e  ce99b7d1d6127960    200   939    939      332   1280   21(0)     17(151)     0     0
 102  9b1957b18dd2095a  43b72f58854fb0c3  d156460ded4b373b    200   945    945      336   1294   20(0)     16(165)     0     0
 103  39b8667fc7e941a5  f0931646acd48bb7  c62a5d42dbd043b2    200   959    959      341   1318   20(0)     15(166)     0     0
 104  48236d86b14a6f65  6c98251b322c97a2  dec74edc847e8c66    200   956    956      350   1341   20(0)     15(182)     0     0
 105  0bd058131a55d25d  6ccb3d6255fae3cb  89379051f5fef526    200   964    964      352   1348   20(0)     14(182)     0     0
 106  d513aecf9811bc48  5662ba0e463e6897  79265261ccbf47cd    200   967    967      361   1378   20(0)     15(182)     0     0
 107  beabd680181616a8  5eb9c13b23207814  11f4b9b6904ba803    200   973    973      363   1381   21(0)     12(184)     0     0
 108  694d2991000d95ee  36ff8413c78e2d92  4a96477c7a0e2ad0    200   974    974      367   1394   21(0)     12(185)     0     0
 109  14456cebee3468a3  75a1703e204b7bcb  7a428e3297f5c9c2    200   985    985      371   1419   22(0)     11(187)     0     0
 110  f92a4c8ecb8cf144  c903207248793435  7036539ed6071cac    200   990    990      371   1425   22(0)     11(187)     0     0
 111  e82e374f41602b04  84e43e9a7e70c439  e1473c874f3e091d    200   992    992      379   1457   23(0)     11(187)     0     0
 112  d8c358dd3778660a  920667aa8585e531  2e7600c630553ac9    200   996    996      382   1465   23(0)     11(186)     0     0
 113  f6f27a1f0e4d64ab  2429b6043f2b69a5  735493bd1f0d98c8    200   996    996      390   1498   23(0)     10(186)     0     0
 114  a7d173bd94144f63  662d0507063b329e  3eb9038210c622f1    200   999    999      388   1498   23(0)      7(190)     0     0
 115  8efe5a715bed9926  73ca3355e6d2d285  5bbf7741bbd6199b    200   996    996      389   1498   23(0)      7(189)     0     0
 116  efc8a58f16e95221  b1d5de5b0270b906  c0bab08c6076a8c1    200  1006   1006      390   1490   23(0)     10(186)     0     0
 117  ca51efb0b4116280  19bf595baf4fa098  9b0b894a33649078    200  1014   1014      390   1488   23(0)      9(187)     0     0
 118  47c9f3082cc4bac7  d939a09e81896eb2  c5bba818b6b4a318    200  1015   1015      396   1503   23(0)     10(184)     0     0
 119  825afb1d4f383e12  f3227ddcfd69082a  4e7ca3ab4708a786    200  1018   1018      392   1497   22(0)      6(192)     0     0
 120  8939e184a57a07c5  69161aaf9bcf37bc  bf627fc2067fa56c    200  1029   1029      389   1494   22(0)      7(191)     0     0
 180  105d8bc8358b51a7  7082874004ed8b1a  1da81d7a77c9910c    197  1182   1174      440   1683   23(0)      5(190)     0     0
 240  85f90490ffc33b16  b602a619c2fcc11f  e7f0b8d2135cedc7      0  1171      0      444   1702    0(0)      0(0)     0     0
 300  85f90490ffc33b16  b602a619c2fcc11f  e7f0b8d2135cedc7      0  1171      0      444   1702    0(0)      0(0)     0     0
 360  85f90490ffc33b16  b602a619c2fcc11f  e7f0b8d2135cedc7      0  1171      0      444   1702    0(0)      0(0)     0     0
 420  85f90490ffc33b16  b602a619c2fcc11f  e7f0b8d2135cedc7      0  1171      0      444   1702    0(0)      0(0)     0     0
 480  85f90490ffc33b16  b602a619c2fcc11f  e7f0b8d2135cedc7      0  1171      0      444   1702    0(0)      0(0)     0     0
 540  85f90490ffc33b16  b602a619c2fcc11f  e7f0b8d2135cedc7      0  1171      0      444   1702    0(0)      0(0)     0     0
 600  85f90490ffc33b16  b602a619c2fcc11f  e7f0b8d2135cedc7      0  1171      0      444   1702    0(0)      0(0)     0     0
 660  85f90490ffc33b16  b602a619c2fcc11f  e7f0b8d2135cedc7      0  1171      0      444   1702    0(0)      0(0)     0     0
 720  85f90490ffc33b16  b602a619c2fcc11f  e7f0b8d2135cedc7      0  1171      0      444   1702    0(0)      0(0)     0     0
 780  85f90490ffc33b16  b602a619c2fcc11f  e7f0b8d2135cedc7      0  1171      0      444   1702    0(0)      0(0)     0     0
 840  85f90490ffc33b16  b602a619c2fcc11f  e7f0b8d2135cedc7      0  1171      0      444   1702    0(0)      0(0)     0     0
 900  85f90490ffc33b16  b602a619c2fcc11f  e7f0b8d2135cedc7      0  1171      0      444   1702    0(0)      0(0)     0     0
 960  85f90490ffc33b16  b602a619c2fcc11f  e7f0b8d2135cedc7      0  1171      0      444   1702    0(0)      0(0)     0     0
1020  85f90490ffc33b16  b602a619c2fcc11f  e7f0b8d2135cedc7      0  1171      0      444   1702    0(0)      0(0)     0     0
1080  85f90490ffc33b16  b602a619c2fcc11f  e7f0b8d2135cedc7      0  1171      0      444   1702    0(0)      0(0)     0     0
1140  85f90490ffc33b16  b602a619c2fcc11f  e7f0b8d2135cedc7      0  1171      0      444   1702    0(0)      0(0)     0     0
1200  85f90490ffc33b16  b602a619c2fcc11f  e7f0b8d2135cedc7      0  1171      0      444   1702    0(0)      0(0)     0     0
threads 1: 0.522 ms/tick, saturations 0, floating-point sentinel clean; per-tick hashes (reference)
threads 8: 0.334 ms/tick, saturations 0, floating-point sentinel clean; per-tick hashes identical
solve: every dynamic body asleep from tick 236; deepest point -0.181356 m (tick 63, bodies 136 161), at rest (the 60 ticks before every body sleeps, or the last 60) -0.0186231 m (tick 177, bodies 62 107); at most 294 dispatches a tick
rest: after tick 1200, over every touching pair (sleeping ones too): deepest point -0.00944174 m (bodies 22 47), 444 touching pairs
ref: twin (threads 1) identical to the reference (138 tick lines and the run hash; the reference's twin: MSVC 194234435, x64, contraction off)
ref: twin (threads 8) identical to the reference (138 tick lines and the run hash; the reference's twin: MSVC 194234435, x64, contraction off)
toy D pile200: run hash 6bc4121051da5d65, final bodies 85f90490ffc33b16 manifolds b602a619c2fcc11f stages e7f0b8d2135cedc7, threads agree, saturations 0 (twin: clang 18.1.3 (1ubuntu1), aarch64, contraction off)
