toy pile200, dialect D, 1200 ticks, threads 1 8; gravity 10, sleep on, contact recycling on
twin: gcc 13.3.0, aarch64, contraction off
layout sizes C/twin: Hull 112/112 HullFace 40/40 BodyState 112/112 BodyPose 56/56 BodyMass 144/144 Aabb 32/32 Params 344/344 Hash2 8/8 V3 24/24 Pair 24/24 Manifold 632/632 SatAxis 88/88 NarrowDiag 128/128 Constraint 840/840
scene pile200 (seed 4): 205 bodies (5 static), 203 hulls (40 irregular chunks, 26 redrawn), largest hull 14 vertices 9 faces 42 half-edges; mass 5.02 to 51.19 kg; quantisation range errors 0
  hull 0 (box 12 x 1 x 12 m): volume 144 (8abc 144), Ixx/density 1740 (V(b^2+c^2)/3 1740), Ixy -0
start: every position, orientation and velocity exact in D (the grid moved 6 values off their float)
tick  bodies-hash       manifolds-hash    stages-hash       awake pairs active touching points colours(ovf) islands(largest) slept woken
   1  d724b92d1f5b38ca  0000000000000000  946e2557b1056391    200     0      0        0      0    0(0)    200(1)     0     0
   2  8715cb6e424b324f  0000000000000000  946e2557b1056391    200     0      0        0      0    0(0)    200(1)     0     0
   3  508e6ec195502221  0000000000000000  946e2557b1056391    200     0      0        0      0    0(0)    200(1)     0     0
   4  585ce54eb7d55b7e  0000000000000000  946e2557b1056391    200     0      0        0      0    0(0)    200(1)     0     0
   5  f23db8c0aa2865fd  0000000000000000  946e2557b1056391    200     0      0        0      0    0(0)    200(1)     0     0
   6  089080aa744eed68  0000000000000000  946e2557b1056391    200     0      0        0      0    0(0)    200(1)     0     0
   7  d67e233b541b828e  0000000000000000  946e2557b1056391    200     0      0        0      0    0(0)    200(1)     0     0
   8  8d2df32fe1f01031  0000000000000000  946e2557b1056391    200     0      0        0      0    0(0)    200(1)     0     0
   9  ae9ccc63dc594b67  0000000000000000  946e2557b1056391    200     0      0        0      0    0(0)    200(1)     0     0
  10  6542322b79285e8b  0000000000000000  946e2557b1056391    200     0      0        0      0    0(0)    200(1)     0     0
  11  512f1ad4a7131419  0000000000000000  946e2557b1056391    200     0      0        0      0    0(0)    200(1)     0     0
  12  1924d2cfb7e67c7f  0000000000000000  946e2557b1056391    200     0      0        0      0    0(0)    200(1)     0     0
  13  6b5fdce88542075f  0000000000000000  946e2557b1056391    200     0      0        0      0    0(0)    200(1)     0     0
  14  f29b8adfa34f7609  0000000000000000  946e2557b1056391    200     0      0        0      0    0(0)    200(1)     0     0
  15  eaecfa3a378fc08c  0000000000000000  946e2557b1056391    200     0      0        0      0    0(0)    200(1)     0     0
  16  fdaca51f8ce8dd2f  0000000000000000  946e2557b1056391    200     0      0        0      0    0(0)    200(1)     0     0
  17  20ac2d979dd0b784  0000000000000000  946e2557b1056391    200     0      0        0      0    0(0)    200(1)     0     0
  18  4a95712d42bebdff  0000000000000000  946e2557b1056391    200     0      0        0      0    0(0)    200(1)     0     0
  19  96fbc2ed6bb5464e  0000000000000000  946e2557b1056391    200     0      0        0      0    0(0)    200(1)     0     0
  20  53498beca82b6418  0000000000000000  946e2557b1056391    200     0      0        0      0    0(0)    200(1)     0     0
  21  2e8cd08c81a53341  0000000000000000  946e2557b1056391    200     0      0        0      0    0(0)    200(1)     0     0
  22  f0dfe1968ee93142  0000000000000000  946e2557b1056391    200     0      0        0      0    0(0)    200(1)     0     0
  23  7a4df183fd1962d1  0000000000000000  946e2557b1056391    200     0      0        0      0    0(0)    200(1)     0     0
  24  5ce7f58a17348188  0000000000000000  946e2557b1056391    200     0      0        0      0    0(0)    200(1)     0     0
  25  9f41dbf1cd839dd4  0000000000000000  946e2557b1056391    200     0      0        0      0    0(0)    200(1)     0     0
  26  1269185cc78e9c76  0000000000000000  946e2557b1056391    200     0      0        0      0    0(0)    200(1)     0     0
  27  a35ecd1e05bcafe5  0000000000000000  946e2557b1056391    200     0      0        0      0    0(0)    200(1)     0     0
  28  f675553c89f0565c  0000000000000000  946e2557b1056391    200     0      0        0      0    0(0)    200(1)     0     0
  29  276d4638f55bf81a  0000000000000000  946e2557b1056391    200     0      0        0      0    0(0)    200(1)     0     0
  30  64a8952b9402ae14  0000000000000000  946e2557b1056391    200     0      0        0      0    0(0)    200(1)     0     0
  31  a8a923ae19e245c2  0000000000000000  946e2557b1056391    200     0      0        0      0    0(0)    200(1)     0     0
  32  1a9bdd853531272f  0000000000000000  946e2557b1056391    200     0      0        0      0    0(0)    200(1)     0     0
  33  6079f56df9f7d893  0000000000000000  946e2557b1056391    200     0      0        0      0    0(0)    200(1)     0     0
  34  758b6a679db4abec  0000000000000000  946e2557b1056391    200     0      0        0      0    0(0)    200(1)     0     0
  35  a0a8e3f55c4a6633  0000000000000000  946e2557b1056391    200     0      0        0      0    0(0)    200(1)     0     0
  36  f63dd1f670a118fa  0000000000000000  946e2557b1056391    200     0      0        0      0    0(0)    200(1)     0     0
  37  169be922801ba074  0000000000000000  946e2557b1056391    200     0      0        0      0    0(0)    200(1)     0     0
  38  1a1e2b6c8dc4bcf6  0000000000000000  946e2557b1056391    200     0      0        0      0    0(0)    200(1)     0     0
  39  a3c70f50d6748ee0  0000000000000000  946e2557b1056391    200     0      0        0      0    0(0)    200(1)     0     0
  40  6aaef0d0cfed38fb  0000000000000000  946e2557b1056391    200     0      0        0      0    0(0)    200(1)     0     0
  41  17d43b8e1f730db7  0000000000000000  946e2557b1056391    200     0      0        0      0    0(0)    200(1)     0     0
  42  739df35a0bced259  0000000000000000  946e2557b1056391    200     0      0        0      0    0(0)    200(1)     0     0
  43  1b69eb03971a3847  0000000000000000  946e2557b1056391    200     0      0        0      0    0(0)    200(1)     0     0
  44  1c60cf4bf1b5bbaf  0000000000000000  946e2557b1056391    200     0      0        0      0    0(0)    200(1)     0     0
  45  45b0cab9425d0fdd  c7a35e8355d396af  3d67a93ae07e6c72    200    23     23        1      4    1(0)    200(1)     0     0
  46  6745334fad8136d5  d7ae7dfdb4429859  b8c2ee09d3b1b982    200    26     26       24     96    2(0)    200(1)     0     0
  47  8827fd414f918dd2  256be2b14aee35af  7ca10d81d706e841    200    33     33       26    104    2(0)    200(1)     0     0
  48  e436b93ba49cc70d  db0b91710ce8d8fa  780620c938d53706    200    51     51       32    127    3(0)    199(2)     0     0
  49  3d6c5a19fb42171f  e360ea0706a6625d  0fb831335c3dfc6b    200    56     56       46    183    3(0)    193(2)     0     0
  50  fe34f0ec7ea49bf2  863db284ef241651  422509d3eb2378be    200    65     65       52    207    3(0)    177(2)     0     0
  51  f6c0494e0cd6bdff  edf6ad85cde3798e  105c5419cc6e5c89    200    82     82       59    232    5(0)    171(3)     0     0
  52  427146c4d6efb930  5fd396586865e07b  401f57e4d6b3635e    200    95     95       70    278    5(0)    164(3)     0     0
  53  9b874f5549f7ca3e  0f8fa20c928607de  ba3cac8aebc58688    200   103    103       80    318    5(0)    155(3)     0     0
  54  48b4cfdcfe927b08  4356b7858945551a  2f6672439d0b12c9    200   117    117       86    340    6(0)    146(6)     0     0
  55  a3b9aa00b6f81df8  21c41d082d814a6d  6590a5c16b6c42bf    200   136    136       93    370    6(0)    140(6)     0     0
  56  d3eaf22215a42cc3  9c11390b5e18377d  9b7dfde9b6c681c7    200   149    149      108    423    6(0)    132(8)     0     0
  57  7ccd5d2899004102  de37ae1f182a178b  f53caada20acbda4    200   168    168      116    456    7(0)    119(9)     0     0
  58  f78a0056c9b4f119  155c1f958a9adaaa  e1d30a8af197de1e    200   198    198      128    503    8(0)    112(10)     0     0
  59  551fe26f123f4bba  c4d7936372b46419  3ae7bb123e2d2972    200   220    220      142    565   11(0)    103(11)     0     0
  60  46628544c904e66e  9c58a717f072e3a0  a1946d92d78e3695    200   256    256      145    573   13(0)     90(12)     0     0
  61  fb57aa2dc31c1a2d  dda39b824244473c  1ba724763fa92e0a    200   299    299      158    627   13(0)     87(11)     0     0
  62  19dce42d3393a182  380aecbcf2b2ec4c  3f4ae8648004a3e8    200   336    336      169    665   11(0)     75(15)     0     0
  63  359e5313b47073a8  e4272f6d4e813f07  de75e362ebf7dfe1    200   365    365      184    723   12(0)     68(22)     0     0
  64  260f66dfee6420c8  2e93ca28c8ca1d43  b4f396bc4272d45c    200   405    405      195    762   13(0)     59(30)     0     0
  65  489681215549b712  1670a7d820d476bd  cb8540524594b102    200   447    447      205    797   15(0)     44(35)     0     0
  66  a80b2b6e86744714  0a446bc87ba3e80e  f520c06965e97951    200   491    491      212    830   16(0)     42(34)     0     0
  67  3b13648ce3d5bb91  5cdcf8b625f2c9ec  782eca6e5e991fb6    200   524    524      225    881   16(0)     34(35)     0     0
  68  4247c59382476dba  2f3e8e7a3b8e56c1  8e7888b46a811467    200   585    585      224    873   18(0)     23(58)     0     0
  69  e1734df84c7eed1c  03d1059abfac73cb  44885344cb9c80e7    200   629    629      232    903   18(0)     23(59)     0     0
  70  bbbc4326a76affc1  e8b84b5bd81b139c  c04bfee3635d69dd    200   667    667      234    907   18(0)     25(56)     0     0
  71  c68d1f25e348c4b1  ae2c083b2ab24c84  d7d41311d273ab07    200   708    708      241    932   19(0)     26(73)     0     0
  72  23ac734154a9f0a4  949f8b7483940c07  12f82c391655b88d    200   737    737      243    935   17(0)     28(77)     0     0
  73  38118f211e2f699b  a1ee016b29d670d0  34e0701fe0fd27b2    200   779    779      254    980   18(0)     32(116)     0     0
  74  fec7da0512901c69  332338ac30a92095  4319b0bbbf80f7a0    200   817    817      257   1000   19(0)     27(124)     0     0
  75  e4e348c1d9d13843  308c8b06f577688f  b01a8a13e6b110ca    200   831    831      273   1050   18(0)     25(134)     0     0
  76  223481e72da7a24f  8898a053a9cc322b  3aab540cdb7a1e9f    200   840    840      277   1052   18(0)     19(150)     0     0
  77  c9f8e706812679ad  261dbb6d53b07725  dec9d325515c9ecf    200   858    858      281   1070   21(0)     21(174)     0     0
  78  ad892441d2296209  13bb1daf3373ddf7  2db5e9aa4075b29f    200   872    872      281   1064   20(0)     20(174)     0     0
  79  d58c336e8247e416  bb8d2b65fd589d83  d8e6f9042d6e29ce    200   890    890      297   1128   18(0)     19(107)     0     0
  80  0732cbdcf7471469  e9c8d194ebcfce7a  ad559d41d0e2b278    200   889    889      300   1139   20(0)     18(175)     0     0
  81  34f1d3f096af2a0b  4f52d98b15d5589f  19ab2c1636f4bd1a    200   901    901      297   1143   21(0)     18(175)     0     0
  82  6c26702f85d39f59  58281c909fe693ff  93f1c327cb80cbea    200   913    913      300   1143   21(0)     21(172)     0     0
  83  ceb69bcf27dbd1b8  22372379bc2b9b35  5081fbd38c7a21f8    200   917    917      304   1157   20(0)     22(170)     0     0
  84  6519a55f41346b85  50518638cbc78100  0447943658426c29    200   923    923      297   1135   20(0)     22(161)     0     0
  85  49655d452238298e  93c5f46d17705354  146b7d685d046e62    200   936    936      301   1146   20(0)     27(157)     0     0
  86  13c09becd2ff160c  c7e8e9f204023007  df149fcabf0da7fe    200   947    947      305   1159   20(0)     28(158)     0     0
  87  b1f2085b59f971f2  a7e193f40be103f3  879b4b5569356783    200   959    959      314   1189   22(0)     27(160)     0     0
  88  fe6a148e8f7c4f1a  5b2817e0aeeef527  47ef374c05f3565c    200   962    962      314   1188   20(0)     27(160)     0     0
  89  bc899e6480a57acf  13902556d66c8422  09651599b1232ece    200   980    980      316   1202   21(0)     26(152)     0     0
  90  af4879ccb2e8431a  7d63520b47feba4f  da6f64f25848b994    200   991    991      311   1185   21(0)     22(161)     0     0
  91  93ac8991895f5cdd  ece2f91b0405eccc  f17d9f5cc7f00576    200   997    997      318   1223   21(0)     22(172)     0     0
  92  9b4b1340877a47d8  d15c3ffcf5381b07  fb06ed53c25c1ca3    200  1008   1008      324   1250   21(0)     21(173)     0     0
  93  fd60c72fbcfa0438  0484229b8a4c4439  6e31d6d3640a2977    200  1019   1019      330   1283   20(0)     18(170)     0     0
  94  60eb7abf6b8d5428  bb43cfcec483c1b2  64f87f0424bd6c81    200  1033   1033      338   1309   21(0)     18(170)     0     0
  95  255279d9300d3cb3  497922c896b31b11  0d16ebace97cf9ad    200  1045   1045      350   1356   22(0)     16(173)     0     0
  96  29d7e80f3bc8926d  eb4ebb8466d3cdf1  866c9067bad2ba40    200  1050   1050      360   1385   21(0)     14(181)     0     0
  97  409b048724dfe25d  702eb85cd0af9822  9b1a9a0e6672626f    200  1055   1055      362   1390   22(0)     13(188)     0     0
  98  25a278fc2ab8a856  2049b0c54399f21a  0eb0a4cace44018d    200  1069   1069      361   1385   22(0)     13(188)     0     0
  99  9ab99017e303dca1  e20f49b6f41f7811  53dfead14f374b89    200  1088   1088      363   1393   22(0)     14(187)     0     0
 100  7d8f57b9ede37bcc  730a4a21628c0287  450d283738ef0011    200  1090   1090      364   1397   23(0)     15(178)     0     0
 101  608e8e0c69ad0c08  3e506622b665718f  5634218c4270468a    200  1102   1102      368   1409   23(0)     15(186)     0     0
 102  8955321c0554526d  d8a1ec5afb989080  8bef93ee190e4248    200  1105   1105      372   1426   22(0)     12(188)     0     0
 103  39a9f98324d9ec92  eb5c076b11227b95  d9239a26bf318809    200  1110   1110      373   1430   23(0)     10(190)     0     0
 104  ab8347b5528e56bb  963d22ff9f80f244  699b30a8aef78e52    200  1112   1112      373   1425   23(0)      9(192)     0     0
 105  7b202019751c9e67  128866ab088cabd6  20dbc2058df3af12    200  1116   1116      380   1443   22(0)      9(192)     0     0
 106  1e5f0c7890230338  7c1580913ab6b47d  f03d727c819628ef    200  1113   1113      377   1437   22(0)      9(192)     0     0
 107  69c9d1cc36362c43  86f2a3f2cd606c48  e3396e1f807eddde    200  1124   1124      379   1439   23(0)     11(190)     0     0
 108  3110ce6bea7e854c  8f581d0528ccb3d8  aef5c6ffed374ed8    200  1133   1133      387   1455   23(0)     11(189)     0     0
 109  20efc6c1f76f4185  8fc5743d4a793d3b  09fcef35894fcdbd    200  1155   1155      385   1452   23(0)     10(190)     0     0
 110  7c34649b7f893883  51cddc5703e53255  cd4541d89e7a3819    200  1163   1163      394   1490   23(0)      9(191)     0     0
 111  743587935d99e890  154f0269f858f09b  f365bd765fe5b126    200  1171   1171      392   1485   23(0)      8(191)     0     0
 112  a535829195170300  4afa078e4e05221f  555f9168c0b092a2    200  1167   1167      401   1515   24(0)     12(187)     0     0
 113  35926e31f94ab2f9  e0a500b7343f0839  00dc92b551300877    200  1182   1182      406   1534   23(0)      9(189)     0     0
 114  4501e8841ed7a94b  933d642b3ef85caf  751b941bf2105192    200  1190   1190      406   1531   23(0)      7(191)     0     0
 115  e7c1db7f357f36f3  cc9283ea5c9797b9  0c417cc06b911971    200  1195   1195      406   1536   23(0)     10(189)     0     0
 116  f4bab25834c2567c  885cf7688be9b7c0  49156e63d24e00aa    200  1200   1200      416   1565   23(0)      9(191)     0     0
 117  e87ef916c84a16f8  905c274705ccefae  25a725b184ec13f4    200  1208   1208      418   1580   23(0)      7(188)     0     0
 118  37abe410757bb106  87c38710586a97ba  90b2cc29d174b381    200  1217   1217      416   1572   23(0)      7(188)     0     0
 119  b78b5ba1c4762407  244578c693bd3660  18be0d4227d9dd80    200  1219   1219      421   1594   23(0)      8(187)     0     0
 120  08b32baf81460691  cc6d6b95411a97b8  173e5211245c2643    200  1222   1222      425   1610   23(0)      4(196)     0     0
 180  c58dd6d2e1250fa0  c0f0b49c59008490  577f3dfde5485d29    200  1254   1254      470   1797   24(0)      2(199)     0     0
 240  94a06589c9e49e8d  b359d807b88ac4da  b8fd1145f23ee521    199  1252   1250      471   1796   24(0)      1(199)     0     0
 300  0af8fc76c2b1bf18  0b95b6565e1dc727  1a12876263b63175      0  1253      0      471   1796    0(0)      0(0)     0     0
 360  0af8fc76c2b1bf18  0b95b6565e1dc727  1a12876263b63175      0  1253      0      471   1796    0(0)      0(0)     0     0
 420  0af8fc76c2b1bf18  0b95b6565e1dc727  1a12876263b63175      0  1253      0      471   1796    0(0)      0(0)     0     0
 480  0af8fc76c2b1bf18  0b95b6565e1dc727  1a12876263b63175      0  1253      0      471   1796    0(0)      0(0)     0     0
 540  0af8fc76c2b1bf18  0b95b6565e1dc727  1a12876263b63175      0  1253      0      471   1796    0(0)      0(0)     0     0
 600  0af8fc76c2b1bf18  0b95b6565e1dc727  1a12876263b63175      0  1253      0      471   1796    0(0)      0(0)     0     0
 660  0af8fc76c2b1bf18  0b95b6565e1dc727  1a12876263b63175      0  1253      0      471   1796    0(0)      0(0)     0     0
 720  0af8fc76c2b1bf18  0b95b6565e1dc727  1a12876263b63175      0  1253      0      471   1796    0(0)      0(0)     0     0
 780  0af8fc76c2b1bf18  0b95b6565e1dc727  1a12876263b63175      0  1253      0      471   1796    0(0)      0(0)     0     0
 840  0af8fc76c2b1bf18  0b95b6565e1dc727  1a12876263b63175      0  1253      0      471   1796    0(0)      0(0)     0     0
 900  0af8fc76c2b1bf18  0b95b6565e1dc727  1a12876263b63175      0  1253      0      471   1796    0(0)      0(0)     0     0
 960  0af8fc76c2b1bf18  0b95b6565e1dc727  1a12876263b63175      0  1253      0      471   1796    0(0)      0(0)     0     0
1020  0af8fc76c2b1bf18  0b95b6565e1dc727  1a12876263b63175      0  1253      0      471   1796    0(0)      0(0)     0     0
1080  0af8fc76c2b1bf18  0b95b6565e1dc727  1a12876263b63175      0  1253      0      471   1796    0(0)      0(0)     0     0
1140  0af8fc76c2b1bf18  0b95b6565e1dc727  1a12876263b63175      0  1253      0      471   1796    0(0)      0(0)     0     0
1200  0af8fc76c2b1bf18  0b95b6565e1dc727  1a12876263b63175      0  1253      0      471   1796    0(0)      0(0)     0     0
threads 1: 0.684 ms/tick, saturations 0, floating-point sentinel clean; per-tick hashes (reference)
threads 8: 0.385 ms/tick, saturations 0, floating-point sentinel clean; per-tick hashes identical
solve: every dynamic body asleep from tick 254; deepest point -0.183709 m (tick 62, bodies 111 136), at rest (the 60 ticks before every body sleeps, or the last 60) -0.00674339 m (tick 198, bodies 19 69); at most 305 dispatches a tick
rest: after tick 1200, over every touching pair (sleeping ones too): deepest point -0.00673878 m (bodies 19 69), 471 touching pairs
ref: twin (threads 1) identical to the reference (138 tick lines and the run hash; the reference's twin: MSVC 194234435, x64, contraction off)
ref: twin (threads 8) identical to the reference (138 tick lines and the run hash; the reference's twin: MSVC 194234435, x64, contraction off)
toy D pile200: run hash 4255c94690b63f79, final bodies 0af8fc76c2b1bf18 manifolds 0b95b6565e1dc727 stages 1a12876263b63175, threads agree, saturations 0 (twin: gcc 13.3.0, aarch64, contraction off)
