toy pile200, dialect D, 1200 ticks, threads 1 8; gravity 10, sleep on, contact recycling on
twin: gcc 13.3.0, aarch64, contraction off
layout sizes C/twin: Hull 112/112 HullFace 40/40 BodyState 112/112 BodyPose 56/56 BodyMass 144/144 Aabb 32/32 Params 344/344 Hash2 8/8 V3 24/24 Pair 24/24 Manifold 632/632 SatAxis 88/88 NarrowDiag 128/128 Constraint 840/840
scene pile200 (seed 5): 205 bodies (5 static), 203 hulls (40 irregular chunks, 30 redrawn), largest hull 12 vertices 8 faces 36 half-edges; mass 7.07 to 53.21 kg; quantisation range errors 0
  hull 0 (box 12 x 1 x 12 m): volume 144 (8abc 144), Ixx/density 1740 (V(b^2+c^2)/3 1740), Ixy -0
start: every position, orientation and velocity exact in D (the grid moved 8 values off their float)
tick  bodies-hash       manifolds-hash    stages-hash       awake pairs active touching points colours(ovf) islands(largest) slept woken
   1  6d3f50634e8f4174  0000000000000000  946e2557b1056391    200     0      0        0      0    0(0)    200(1)     0     0
   2  34d52d45d7805f00  0000000000000000  946e2557b1056391    200     0      0        0      0    0(0)    200(1)     0     0
   3  6d57e1e78f71c560  0000000000000000  946e2557b1056391    200     0      0        0      0    0(0)    200(1)     0     0
   4  12c54ad41c13a8b1  0000000000000000  946e2557b1056391    200     0      0        0      0    0(0)    200(1)     0     0
   5  59c3f2d24aea6428  0000000000000000  946e2557b1056391    200     0      0        0      0    0(0)    200(1)     0     0
   6  a47ba153f260a311  0000000000000000  946e2557b1056391    200     0      0        0      0    0(0)    200(1)     0     0
   7  fc6ca56260bcba2a  0000000000000000  946e2557b1056391    200     0      0        0      0    0(0)    200(1)     0     0
   8  9c396834e3b3c638  0000000000000000  946e2557b1056391    200     0      0        0      0    0(0)    200(1)     0     0
   9  17212bb14357559e  0000000000000000  946e2557b1056391    200     0      0        0      0    0(0)    200(1)     0     0
  10  fe82877edad935be  0000000000000000  946e2557b1056391    200     0      0        0      0    0(0)    200(1)     0     0
  11  a785be1d34bedf04  0000000000000000  946e2557b1056391    200     0      0        0      0    0(0)    200(1)     0     0
  12  74e007d0aa3986ee  0000000000000000  946e2557b1056391    200     0      0        0      0    0(0)    200(1)     0     0
  13  7efab3dcef268cdd  0000000000000000  946e2557b1056391    200     0      0        0      0    0(0)    200(1)     0     0
  14  b1af2302e455f804  0000000000000000  946e2557b1056391    200     0      0        0      0    0(0)    200(1)     0     0
  15  d4fbd4ce1fc8f3a1  0000000000000000  946e2557b1056391    200     0      0        0      0    0(0)    200(1)     0     0
  16  8fbdaf7d9225ea07  0000000000000000  946e2557b1056391    200     0      0        0      0    0(0)    200(1)     0     0
  17  e5b2797e014b5578  0000000000000000  946e2557b1056391    200     0      0        0      0    0(0)    200(1)     0     0
  18  f04696239c6a9319  0000000000000000  946e2557b1056391    200     0      0        0      0    0(0)    200(1)     0     0
  19  14f7e60cbcf35891  0000000000000000  946e2557b1056391    200     0      0        0      0    0(0)    200(1)     0     0
  20  7405882b7142b14b  0000000000000000  946e2557b1056391    200     0      0        0      0    0(0)    200(1)     0     0
  21  085f118a76e01c93  0000000000000000  946e2557b1056391    200     0      0        0      0    0(0)    200(1)     0     0
  22  46712f3ce414de80  0000000000000000  946e2557b1056391    200     0      0        0      0    0(0)    200(1)     0     0
  23  72deda70f4066052  0000000000000000  946e2557b1056391    200     0      0        0      0    0(0)    200(1)     0     0
  24  43d83f56f14b2acc  0000000000000000  946e2557b1056391    200     0      0        0      0    0(0)    200(1)     0     0
  25  0cda8e88bfc7efaa  0000000000000000  946e2557b1056391    200     0      0        0      0    0(0)    200(1)     0     0
  26  99fa6fe7d7c28476  0000000000000000  946e2557b1056391    200     0      0        0      0    0(0)    200(1)     0     0
  27  dae26731c22470e2  0000000000000000  946e2557b1056391    200     0      0        0      0    0(0)    200(1)     0     0
  28  c8db3eb39c323f02  0000000000000000  946e2557b1056391    200     0      0        0      0    0(0)    200(1)     0     0
  29  ce56897f20ee2a43  0000000000000000  946e2557b1056391    200     0      0        0      0    0(0)    200(1)     0     0
  30  588d1b612f9a82dd  0000000000000000  946e2557b1056391    200     0      0        0      0    0(0)    200(1)     0     0
  31  b7b66241970614f5  0000000000000000  946e2557b1056391    200     0      0        0      0    0(0)    200(1)     0     0
  32  cf6d29842b19bb8a  0000000000000000  946e2557b1056391    200     0      0        0      0    0(0)    200(1)     0     0
  33  17ff49c8da17a48c  0000000000000000  946e2557b1056391    200     0      0        0      0    0(0)    200(1)     0     0
  34  64a6a0d0e60040ce  0000000000000000  946e2557b1056391    200     0      0        0      0    0(0)    200(1)     0     0
  35  27bcd7fe4b67ccee  0000000000000000  946e2557b1056391    200     0      0        0      0    0(0)    200(1)     0     0
  36  fbb2ab4f3a75c2fd  0000000000000000  946e2557b1056391    200     0      0        0      0    0(0)    200(1)     0     0
  37  e2f35fc9cc31c5de  0000000000000000  946e2557b1056391    200     0      0        0      0    0(0)    200(1)     0     0
  38  d87748bb7a80fb5f  0000000000000000  946e2557b1056391    200     0      0        0      0    0(0)    200(1)     0     0
  39  7efa697675bdaf26  0000000000000000  946e2557b1056391    200     0      0        0      0    0(0)    200(1)     0     0
  40  1ac4d74bd20a13f6  0000000000000000  946e2557b1056391    200     0      0        0      0    0(0)    200(1)     0     0
  41  a8665dfc267aec51  0000000000000000  946e2557b1056391    200     0      0        0      0    0(0)    200(1)     0     0
  42  fc48332e11eb7236  0000000000000000  946e2557b1056391    200     0      0        0      0    0(0)    200(1)     0     0
  43  8c5cf01a2821d570  0000000000000000  946e2557b1056391    200     0      0        0      0    0(0)    200(1)     0     0
  44  417f359bcdad540c  0000000000000000  946e2557b1056391    200     0      0        0      0    0(0)    200(1)     0     0
  45  8a4912eb8be7d7ef  331f66c9f1c0c5aa  af25d7813e68cd65    200    17     17        1      4    1(0)    200(1)     0     0
  46  87161b189fb5174f  cef03efba59a1830  42814e707da733a0    200    25     25       25    100    1(0)    200(1)     0     0
  47  fb213070c06f1563  508a012fa308bb3b  d06e3b3d54ba62b8    200    31     31       25    100    2(0)    200(1)     0     0
  48  7f8395696cfd2094  814f8d06ecffe421  dd8054be4aec7581    200    45     45       30    119    3(0)    200(1)     0     0
  49  544ad6caeef6b5c3  7087257beff12f9f  efd17e3921e52833    200    56     56       46    180    3(0)    193(2)     0     0
  50  d908f64094988d50  cbf611f676e0a4aa  2e4489b312375fd4    200    65     65       50    199    4(0)    178(2)     0     0
  51  83975ba15974d20d  5c4408dfe705ad46  e44ef03e597c1bcb    200    80     80       57    225    5(0)    174(3)     0     0
  52  4204c773f682e559  d68591edeeaa68cb  7b72c397c979ccbd    200    88     88       66    263    6(0)    166(3)     0     0
  53  f34a207dd318915f  577563adc4b8e8a8  2b206d54d975e5f7    200    99     99       73    291    6(0)    156(3)     0     0
  54  b8953b91ebf292a0  998776ce6a099712  c641facfcec357c6    200   119    119       85    336    7(0)    152(3)     0     0
  55  d721a43b7d2f8a69  eab0332cd3fc3df7  a64b124d767225f9    200   127    127       94    375    6(0)    142(4)     0     0
  56  3f8e9fbe898282ed  e2f369edf69b12be  8d0b1cd9ebc282f1    200   140    140      101    402    6(0)    133(4)     0     0
  57  6c8bd489d1e7f15f  dbc36b3fbb34a0d3  41ecc1c3d805e73c    200   155    155      113    445    6(0)    127(5)     0     0
  58  88a8620e4a5e2b91  5d7055cf2a80e2c4  063521b651ea23f6    200   170    170      120    473    7(0)    117(6)     0     0
  59  d313808d6a0c284d  0f774e0a5814695d  d82280c9abcc4d8c    200   185    185      129    507    7(0)    110(7)     0     0
  60  2d9b6add53a167a8  54a84bc9210b652d  c171e9bb8dc03730    200   199    199      137    540    8(0)    102(7)     0     0
  61  12e7a563de1cb2a5  283a225017281c75  ccd52025d74a8f36    200   224    224      147    573    9(0)     93(11)     0     0
  62  3b58fcf91d61cf70  ccab7323dc0fff81  912afa70f7fca859    200   244    244      157    610   10(0)     84(13)     0     0
  63  faa83009eb6c06dc  10a7307670260e53  f5507bd305287f58    200   276    276      164    648   11(0)     73(13)     0     0
  64  cf3ad38a646ae58f  d5f444f834d7d2c3  c0a1c1312a17efe7    200   308    308      180    705   11(0)     68(13)     0     0
  65  27cb362181bdf56a  87a48ea36e8d5c27  f4ae95c4d3833573    200   336    336      191    748   13(0)     54(14)     0     0
  66  9062a5aafb8c8d10  fda06dd300853d08  6580cd9ccfe3b3e6    200   358    358      193    756   13(0)     46(16)     0     0
  67  a0175205702f5499  4b705355a961bc50  b83830aa770efc90    200   390    390      199    783   11(0)     41(16)     0     0
  68  c89f7bfefd2b5347  afff40a203e22a78  6b218b13ddbfb850    200   416    416      204    805   13(0)     38(24)     0     0
  69  898af044a5b55b19  59071df708b1d6c5  b6a6c038f044464c    200   446    446      207    810   13(0)     35(24)     0     0
  70  eb4ab683f084761f  697d48dbc1ae8427  5a3d7455dd938ab0    200   478    478      211    829   13(0)     34(33)     0     0
  71  1612c26188c21cd4  523126078688deee  5c0dedc328f6d64b    200   520    520      211    824   14(0)     34(29)     0     0
  72  6e0e64382643a75a  774cc4dd2c0ca20f  fcf4816480146bc1    200   550    550      219    854   14(0)     35(29)     0     0
  73  840a5bbc320d2e74  1a53e40984510976  2b7ddf2e34871aeb    200   558    558      219    851   14(0)     30(41)     0     0
  74  68342a1c9c54da78  002a7c2a5f2f4284  be28848822d086e5    200   571    571      224    866   14(0)     34(36)     0     0
  75  e02a79c8eee409e9  fbcbd46849445e16  0f606ce4a39e54c2    200   599    599      229    897   16(0)     35(37)     0     0
  76  6d630fa2fa80cd71  b1392f3fa25c1fc9  0d6e254589373eac    200   625    625      227    880   16(0)     36(73)     0     0
  77  c5bdfd395823601c  7226a7a82a05f7ca  a38877823cc0899f    200   651    651      233    888   17(0)     38(74)     0     0
  78  7f65faf36e415432  a99ba14b82737a2a  e2e719c32b946c2e    200   665    665      237    915   17(0)     41(82)     0     0
  79  803ab8a2f74bf669  47f643b464ba9b2d  ac584de73f3c1d7e    200   679    679      243    923   17(0)     44(69)     0     0
  80  15ce943c928ce86b  6ba0da35f1ab4d03  038de6f878c749dd    200   676    676      240    919   17(0)     41(72)     0     0
  81  35cdffe5657082e2  8b85dff1309d61ef  6149f5155562e524    200   697    697      242    937   18(0)     44(76)     0     0
  82  6413ca5e68720068  68d41f90406d7f3b  2ce930cf9652d96a    200   710    710      246    946   18(0)     45(71)     0     0
  83  0c756dcf83528596  382897b2adce5363  20f95c236b24a6b1    200   711    711      253    964   18(0)     40(92)     0     0
  84  172740e7170918a7  9537b470a0bfb709  412f33b4b44fb36d    200   721    721      258    985   18(0)     40(70)     0     0
  85  89ebf12389422ddc  40b692963dbb7eb9  cb2165f97afe20ea    200   739    739      264   1016   18(0)     38(121)     0     0
  86  841248622da361b3  cc2373f0b468f76f  01975cab8acc56a9    200   758    758      265   1015   19(0)     37(125)     0     0
  87  1bf9c968c89aa35c  878316a2c2ff6ef5  fe22365af28fbaa4    200   762    762      264   1007   18(0)     36(122)     0     0
  88  9d8321bdcc75147e  fd9732b6e23e9a0f  06e44442170bcbbf    200   760    760      275   1050   18(0)     37(120)     0     0
  89  44bcd6d8c460f682  46c5b02627dc3a9f  f845fbb78a8ed3a7    200   766    766      282   1080   18(0)     31(134)     0     0
  90  9992dc402f3a490a  2a2cb2c06cbcdb9e  e30f856295de79ad    200   770    770      286   1093   18(0)     31(132)     0     0
  91  515546bb3ac385d4  bb3063753d60c7d1  2e0b99dadf33157f    200   766    766      288   1102   18(0)     29(134)     0     0
  92  efc458061722bf83  a046ab07da3bed4d  dfab9c349a304aad    200   769    769      290   1119   18(0)     27(134)     0     0
  93  00598b5eeee3c90f  eba504a6af034b37  ce9517ea336388c1    200   787    787      292   1132   19(0)     26(136)     0     0
  94  e7ec88f6c18bd65c  718b88ef7e2e086c  20425212be04c4ca    200   789    789      299   1160   18(0)     22(138)     0     0
  95  81ca2585836a4b07  72b8c395ac4cc1c2  079a33805cbe3b24    200   793    793      306   1183   18(0)     23(125)     0     0
  96  8798f1350079aba4  253721e274b65937  b25b4f6fa5d046e4    200   792    792      306   1188   18(0)     19(128)     0     0
  97  6f970f7da7e9e15e  077dee09785957af  19ac0f8d881865ab    200   799    799      316   1223   18(0)     19(141)     0     0
  98  f94e795fa5cc313d  cece312883d6c937  d324844f7c07f186    200   805    805      315   1220   17(0)     15(162)     0     0
  99  abfaec2df14d539f  95f64d9d4c290288  2bbdfcaccab771dc    200   823    823      317   1227   17(0)     15(171)     0     0
 100  5ab32981153adcac  a167b01da93ef9ef  49c560b65187b88c    200   834    834      323   1246   17(0)     15(173)     0     0
 101  d6ab3fbdd678606d  97bd7d5eaef2a9d7  179ef9122cf2d71e    200   838    838      329   1264   18(0)     12(176)     0     0
 102  05f2c425dd0015f2  727f8f07d89ad868  271dc31e187afe86    200   839    839      328   1264   17(0)      7(187)     0     0
 103  a0a6209a37a4a3e9  19f26dbe519d8817  8efe760008125230    200   855    855      331   1272   17(0)      9(185)     0     0
 104  f1bfd7880a537d32  042f811dddc46294  5224956b9d3e8547    200   863    863      334   1276   18(0)      8(186)     0     0
 105  ac8a60b04414c14a  f3e7fb186e33e947  16bbbd251fa8648b    200   869    869      334   1280   17(0)      7(187)     0     0
 106  c8c0e65ded392d65  f7b88326ef94817d  302dd6908d929440    200   881    881      331   1262   18(0)      9(182)     0     0
 107  1bf31c25ac92b7ff  10f0b87f8120d1e8  e23c4b17f1598788    200   883    883      338   1295   18(0)     12(179)     0     0
 108  94aa13d693364ab3  9d1fd4580492930e  6282a3413a2c3729    200   894    894      348   1330   17(0)     11(177)     0     0
 109  b8439f4be6d31639  448f9de6f5185c33  104f32ada18b26af    200   906    906      349   1323   18(0)      9(180)     0     0
 110  0166a5264d7acfa7  5e4f614a2e099fdb  e5c13372696659bc    200   916    916      351   1329   18(0)      7(191)     0     0
 111  3e7d2190551add50  150e7112cc58e73c  acc872dcb19b5a07    200   916    916      358   1359   18(0)      6(195)     0     0
 112  6cdce47b6c1ef0bf  7cc6ac76b04fd95b  528ee580590b593c    200   923    923      362   1379   19(0)      6(194)     0     0
 113  e0450ef713116b68  ab48552b776bb3ef  ca357846a886a420    200   929    929      360   1371   20(0)      5(195)     0     0
 114  12d2225dcdd8293d  54ee4f7b3ab013b8  7525a58c737b182c    200   937    937      353   1356   19(0)      8(190)     0     0
 115  c06974016f9befb2  ffeb693012791dcc  5e76fbaebefed94c    200   944    944      357   1370   19(0)      8(190)     0     0
 116  93eb452f110fef7a  bfb6a9c0ae7b40ef  b3a6149b206af73f    200   962    962      361   1389   19(0)      6(194)     0     0
 117  67d203fa35c9ffbb  4218296d7ea66451  eab560bfab95a021    200   973    973      364   1404   19(0)      7(192)     0     0
 118  86097c7647a2b146  d154ed33a6fe4290  a7c786f157686532    200   991    991      365   1401   21(0)      7(192)     0     0
 119  7231afba280bdc3f  3cfeadfc175b72e5  a1cbd3939620152d    200   997    997      366   1410   21(0)      7(182)     0     0
 120  c4fe834f4e38eb35  40b21644510e2560  fc4cee07d918e95b    200  1006   1006      369   1429   21(0)      9(181)     0     0
 180  0c92bb2082458314  58384c574411f52a  615ada3ad6dbec6f    199  1180   1179      464   1765   22(0)      1(199)     0     0
 240  cd3d8b166ca30b04  93c9b2185b5bc41a  dcb5b02c9e0f4b83    199  1225   1224      488   1859   22(0)      2(198)     0     0
 300  1def626b48ec2c3d  57670e83941c2403  169e811217155e2a    199  1225   1224      485   1851   23(0)      1(199)     0     0
 360  f76b65611a6522ff  d547e5236b140610  39622961b8ffa6fe      0  1225      0      487   1855    0(0)      0(0)     0     0
 420  f76b65611a6522ff  d547e5236b140610  39622961b8ffa6fe      0  1225      0      487   1855    0(0)      0(0)     0     0
 480  f76b65611a6522ff  d547e5236b140610  39622961b8ffa6fe      0  1225      0      487   1855    0(0)      0(0)     0     0
 540  f76b65611a6522ff  d547e5236b140610  39622961b8ffa6fe      0  1225      0      487   1855    0(0)      0(0)     0     0
 600  f76b65611a6522ff  d547e5236b140610  39622961b8ffa6fe      0  1225      0      487   1855    0(0)      0(0)     0     0
 660  f76b65611a6522ff  d547e5236b140610  39622961b8ffa6fe      0  1225      0      487   1855    0(0)      0(0)     0     0
 720  f76b65611a6522ff  d547e5236b140610  39622961b8ffa6fe      0  1225      0      487   1855    0(0)      0(0)     0     0
 780  f76b65611a6522ff  d547e5236b140610  39622961b8ffa6fe      0  1225      0      487   1855    0(0)      0(0)     0     0
 840  f76b65611a6522ff  d547e5236b140610  39622961b8ffa6fe      0  1225      0      487   1855    0(0)      0(0)     0     0
 900  f76b65611a6522ff  d547e5236b140610  39622961b8ffa6fe      0  1225      0      487   1855    0(0)      0(0)     0     0
 960  f76b65611a6522ff  d547e5236b140610  39622961b8ffa6fe      0  1225      0      487   1855    0(0)      0(0)     0     0
1020  f76b65611a6522ff  d547e5236b140610  39622961b8ffa6fe      0  1225      0      487   1855    0(0)      0(0)     0     0
1080  f76b65611a6522ff  d547e5236b140610  39622961b8ffa6fe      0  1225      0      487   1855    0(0)      0(0)     0     0
1140  f76b65611a6522ff  d547e5236b140610  39622961b8ffa6fe      0  1225      0      487   1855    0(0)      0(0)     0     0
1200  f76b65611a6522ff  d547e5236b140610  39622961b8ffa6fe      0  1225      0      487   1855    0(0)      0(0)     0     0
threads 1: 0.777 ms/tick, saturations 0, floating-point sentinel clean; per-tick hashes (reference)
threads 8: 0.479 ms/tick, saturations 0, floating-point sentinel clean; per-tick hashes identical
solve: every dynamic body asleep from tick 351; deepest point -0.16777 m (tick 69, bodies 144 169), at rest (the 60 ticks before every body sleeps, or the last 60) -0.0123293 m (tick 314, bodies 15 40); at most 304 dispatches a tick
rest: after tick 1200, over every touching pair (sleeping ones too): deepest point -0.0123219 m (bodies 15 40), 487 touching pairs
ref: twin (threads 1) identical to the reference (138 tick lines and the run hash; the reference's twin: MSVC 194234435, x64, contraction off)
ref: twin (threads 8) identical to the reference (138 tick lines and the run hash; the reference's twin: MSVC 194234435, x64, contraction off)
toy D pile200: run hash acc5c986fad70771, final bodies f76b65611a6522ff manifolds d547e5236b140610 stages 39622961b8ffa6fe, threads agree, saturations 0 (twin: gcc 13.3.0, aarch64, contraction off)
