toy pile200, dialect F, 1200 ticks, threads 1 8; gravity 10, sleep on, contact recycling on
twin: clang 18.1.3 (1ubuntu1), aarch64, contraction off
layout sizes C/twin: Hull 68/68 HullFace 24/24 BodyState 60/60 BodyPose 28/28 BodyMass 80/80 Aabb 32/32 Params 184/184 Hash2 8/8 V3 12/12 Pair 24/24 Manifold 348/348 SatAxis 72/72 NarrowDiag 64/64 Constraint 460/460
scene pile200 (seed 2): 205 bodies (5 static), 203 hulls (40 irregular chunks, 18 redrawn), largest hull 14 vertices 9 faces 42 half-edges; mass 7.712 to 55.07 kg; quantisation range errors 0
  hull 0 (box 12 x 1 x 12 m): volume 144 (8abc 144), Ixx/density 1740 (V(b^2+c^2)/3 1740), Ixy -0
start: every position, orientation and velocity exact in F (the grid moved 4 values off their float)
tick  bodies-hash       manifolds-hash    stages-hash       awake pairs active touching points colours(ovf) islands(largest) slept woken
   1  7019f207a48e41ad  0000000000000000  946e2557b1056391    200     0      0        0      0    0(0)    200(1)     0     0
   2  e23f7b90985ed082  0000000000000000  946e2557b1056391    200     0      0        0      0    0(0)    200(1)     0     0
   3  63e63617b262e123  0000000000000000  946e2557b1056391    200     0      0        0      0    0(0)    200(1)     0     0
   4  69a10d3a85623e85  0000000000000000  946e2557b1056391    200     0      0        0      0    0(0)    200(1)     0     0
   5  73825ce5e223587b  0000000000000000  946e2557b1056391    200     0      0        0      0    0(0)    200(1)     0     0
   6  2092801cdd0a1dcb  0000000000000000  946e2557b1056391    200     0      0        0      0    0(0)    200(1)     0     0
   7  bc036b4061f675eb  0000000000000000  946e2557b1056391    200     0      0        0      0    0(0)    200(1)     0     0
   8  90215e5c5e19b9e0  0000000000000000  946e2557b1056391    200     0      0        0      0    0(0)    200(1)     0     0
   9  7ffbf8c55dd066c9  0000000000000000  946e2557b1056391    200     0      0        0      0    0(0)    200(1)     0     0
  10  736d8d58dfabb9ef  0000000000000000  946e2557b1056391    200     0      0        0      0    0(0)    200(1)     0     0
  11  30d94cf03aaa8dd3  0000000000000000  946e2557b1056391    200     0      0        0      0    0(0)    200(1)     0     0
  12  4ca39a401344c53e  0000000000000000  946e2557b1056391    200     0      0        0      0    0(0)    200(1)     0     0
  13  1ad1ed320830fb8e  0000000000000000  946e2557b1056391    200     0      0        0      0    0(0)    200(1)     0     0
  14  f985a034db270654  0000000000000000  946e2557b1056391    200     0      0        0      0    0(0)    200(1)     0     0
  15  640fa6ff6fd8fa9d  0000000000000000  946e2557b1056391    200     0      0        0      0    0(0)    200(1)     0     0
  16  b1f122ecdbf5a58c  0000000000000000  946e2557b1056391    200     0      0        0      0    0(0)    200(1)     0     0
  17  498840ae6c77c111  0000000000000000  946e2557b1056391    200     0      0        0      0    0(0)    200(1)     0     0
  18  92a9ab4e6cc5cf3a  0000000000000000  946e2557b1056391    200     0      0        0      0    0(0)    200(1)     0     0
  19  2567af3e7d7dcd56  0000000000000000  946e2557b1056391    200     0      0        0      0    0(0)    200(1)     0     0
  20  7af14a4d77e39b54  0000000000000000  946e2557b1056391    200     0      0        0      0    0(0)    200(1)     0     0
  21  5b82ab2c23880a09  0000000000000000  946e2557b1056391    200     0      0        0      0    0(0)    200(1)     0     0
  22  d0c68f3138f4b9b9  0000000000000000  946e2557b1056391    200     0      0        0      0    0(0)    200(1)     0     0
  23  5295a74ff054f9c8  0000000000000000  946e2557b1056391    200     0      0        0      0    0(0)    200(1)     0     0
  24  1c8701e2ac53fe7a  0000000000000000  946e2557b1056391    200     0      0        0      0    0(0)    200(1)     0     0
  25  ba8b5ccadf625f5d  0000000000000000  946e2557b1056391    200     0      0        0      0    0(0)    200(1)     0     0
  26  664917824bbef503  0000000000000000  946e2557b1056391    200     0      0        0      0    0(0)    200(1)     0     0
  27  f2467e7bedbf20d8  0000000000000000  946e2557b1056391    200     0      0        0      0    0(0)    200(1)     0     0
  28  9c46121a1aaa6c72  0000000000000000  946e2557b1056391    200     0      0        0      0    0(0)    200(1)     0     0
  29  6b049953b1e069e7  0000000000000000  946e2557b1056391    200     0      0        0      0    0(0)    200(1)     0     0
  30  7a7c4f5d9fd73e2e  0000000000000000  946e2557b1056391    200     0      0        0      0    0(0)    200(1)     0     0
  31  39f7f291e6011f68  0000000000000000  946e2557b1056391    200     0      0        0      0    0(0)    200(1)     0     0
  32  becfc1179b2098b8  0000000000000000  946e2557b1056391    200     0      0        0      0    0(0)    200(1)     0     0
  33  9437ba3a1ae7c904  0000000000000000  946e2557b1056391    200     0      0        0      0    0(0)    200(1)     0     0
  34  6ac1b9fa42e4a529  0000000000000000  946e2557b1056391    200     0      0        0      0    0(0)    200(1)     0     0
  35  94ea76cdfb4396fc  0000000000000000  946e2557b1056391    200     0      0        0      0    0(0)    200(1)     0     0
  36  fc780dbcf9455c38  0000000000000000  946e2557b1056391    200     0      0        0      0    0(0)    200(1)     0     0
  37  85c9866e48c7ba98  0000000000000000  946e2557b1056391    200     0      0        0      0    0(0)    200(1)     0     0
  38  f8a68c7fdfc3f573  0000000000000000  946e2557b1056391    200     0      0        0      0    0(0)    200(1)     0     0
  39  c6086da33d4f3cb5  0000000000000000  946e2557b1056391    200     0      0        0      0    0(0)    200(1)     0     0
  40  724828fb6ea54e27  0000000000000000  946e2557b1056391    200     0      0        0      0    0(0)    200(1)     0     0
  41  39e2e215c25c8ff6  0000000000000000  946e2557b1056391    200     0      0        0      0    0(0)    200(1)     0     0
  42  2a49f0f279a68112  0000000000000000  946e2557b1056391    200     0      0        0      0    0(0)    200(1)     0     0
  43  7a143d9b5b1a9fcc  0000000000000000  946e2557b1056391    200     0      0        0      0    0(0)    200(1)     0     0
  44  b75d96aeff378477  0000000000000000  946e2557b1056391    200     0      0        0      0    0(0)    200(1)     0     0
  45  f8ed1e0b14b47020  024402a18817f57d  0c4f691b2aca4331    200    16     16        3     12    1(0)    200(1)     0     0
  46  143fe1bcd3e401c3  71e659d6182871fa  15ecce591616b541    200    28     28       23     92    2(0)    200(1)     0     0
  47  21607e7a25a64c01  3ab714694825ba56  aa126623b1a6d255    200    32     32       28    108    2(0)    200(1)     0     0
  48  dea99983171f88a1  8f39a8fec136c7d5  d7650504292a7332    200    46     46       30    118    2(0)    197(2)     0     0
  49  4055c9faf008c7f9  6203cc0f866ff5cc  0739b7e5bcef8651    200    53     53       45    178    4(0)    195(2)     0     0
  50  0407dd95cbe7a568  3ba1939e8ab04c27  414af01116550cda    200    63     63       50    200    4(0)    180(2)     0     0
  51  4c067e4840587ab3  afae8b129196309c  06a9b5d5d3bd475b    200    81     81       56    219    4(0)    175(2)     0     0
  52  28f51f0f3518c2b6  ff3ff391b02b5883  8b635c2fd313e65b    200    82     82       71    280    4(0)    168(3)     0     0
  53  a4364438a06e992c  da1cdc96707e90df  31f13ff32a9834f3    200    96     96       74    293    5(0)    155(3)     0     0
  54  76be927aa5b49f44  b3f4f1367ce4da1b  97ccfd2258d24973    200   116    116       77    307    6(0)    152(3)     0     0
  55  6a4d2713fcf5b9f1  e924fb4ccdf4da1b  2a034514fbba8904    200   126    126       90    353    6(0)    149(4)     0     0
  56  ffe9fd6530b59da9  32059928887c7d70  b3ee5af5d4ce93a0    200   140    140       98    390    7(0)    136(4)     0     0
  57  c0b9234900b0f441  75168154abc08b22  cac57d06d42872c7    200   155    155      105    415    7(0)    129(8)     0     0
  58  4e6690fab356ac4c  da7a68b79a3cdf5e  dd0abde0d8f68703    200   169    169      119    474    7(0)    122(8)     0     0
  59  0aeaf213b19272cd  7ed3d11b7bdf8c00  d9bb042dfc9bf96f    200   187    187      128    506    8(0)    110(8)     0     0
  60  fc7af53488deb3a6  982652d38783cb7b  4745d3a7354f2984    200   209    209      139    550    8(0)    102(10)     0     0
  61  b98e68d91052a9b2  260f6e6ef003d5c1  955242b703235cce    200   228    228      151    597    9(0)     91(10)     0     0
  62  211e1070437c570b  652203956bf1912d  5c63a77dd9f36aac    200   252    252      159    627   10(0)     83(12)     0     0
  63  caa8a17071394886  1bfe9564d9f24166  51f64d73250241fc    200   268    268      174    688   10(0)     75(12)     0     0
  64  ae97b99ac0644c28  3e16412d4be69259  9b9594989a491c77    200   299    299      181    716   10(0)     62(14)     0     0
  65  ecb2dcf8552d4249  411c142295f3fc71  3664c0ee2c343c9e    200   340    340      191    756   11(0)     56(20)     0     0
  66  d8ac6ae7d8c9db97  49be385f4410f39f  fb61bfb3fa77cf0f    200   371    371      205    810   11(0)     47(21)     0     0
  67  e4c759af4489440d  0d485e62b8eebd52  3364f65410d60f5a    200   388    388      215    844   12(0)     40(22)     0     0
  68  4fefa936960b2ba6  56c78d6b327ce71c  fae49159702f0619    200   430    430      222    877   12(0)     30(29)     0     0
  69  f26096e2b52cfafa  ef5dc9ddb2c9f1af  539695b3cd4f5516    200   466    466      222    870   14(0)     26(38)     0     0
  70  9e05e15b426fd283  6241777ba7ff6886  4d8f368db4f0d276    200   494    494      232    905   13(0)     27(22)     0     0
  71  06ce6d336c0a8df8  e708aec6995ada52  ff523e24f3d4d3e3    200   523    523      239    923   13(0)     23(30)     0     0
  72  b54d4157ace54329  de629960ee175c07  b0c36d73b0219ab5    200   551    551      244    941   14(0)     22(37)     0     0
  73  74ba6e48579ac466  2f8e95edca8f4fdf  dc37127e73f3d31d    200   581    581      241    928   14(0)     21(42)     0     0
  74  3a230b0e4f721252  1474e9222fcaf118  caafef03a4d04f45    200   607    607      249    968   15(0)     28(78)     0     0
  75  903707926072c18c  fe31074e3051215e  26e8588ae2b3abef    200   632    632      254    978   15(0)     24(116)     0     0
  76  143c2106257b4812  fdf31682ac9e6990  a49d87b8f3715b77    200   647    647      251    969   17(0)     27(89)     0     0
  77  e7fb682586127b4e  d2a68369571f651c  987e4ffc0c0af6ac    200   669    669      256    989   18(0)     31(85)     0     0
  78  ed0f25ead7b6fa6d  256d51038beb86a7  c8bb715eaa068414    200   680    680      258    981   19(0)     29(93)     0     0
  79  6062750886b413d6  f6d6a71c90dbbeda  2fd31b475dd9ed21    200   693    693      260    988   20(0)     28(130)     0     0
  80  6d08d9fe08f38640  92ad19625636dec3  b1931548bb7e482b    200   701    701      264   1003   18(0)     29(118)     0     0
  81  020644c6dc13b1c7  ff510aaed4a7332e  61ed5d82bc1666e3    200   723    723      260    997   18(0)     31(132)     0     0
  82  a735bb5fa82b2336  6bae56a5355abc81  37bd282e4151fc42    200   730    730      262   1007   19(0)     33(141)     0     0
  83  f798d693459bb2fd  5057699f0fece957  353c4acdf5af529e    200   748    748      269   1026   18(0)     30(116)     0     0
  84  c9d0ae858d9cc0f0  22e09be96bcf518e  283a74d9684cd593    200   765    765      278   1046   18(0)     24(132)     0     0
  85  44c26a959dbba0ec  8a4ec69e99888dc4  eaf95f1ec6f6d60f    200   777    777      285   1073   18(0)     22(132)     0     0
  86  e00b794e68e008e8  379d3f86de4a916a  7bec8a1484ee952d    200   797    797      289   1106   18(0)     22(133)     0     0
  87  df2386baeac8b6dc  53e16b9b8ac5f235  ef08e831a94bd954    200   808    808      293   1122   20(0)     25(171)     0     0
  88  7008e2afe7a56b42  801c6329055d33f4  006038638a1f6fd7    200   832    832      296   1134   19(0)     23(173)     0     0
  89  9c49e97c1a97e48b  32417e816a5b5079  948bac8df65be628    200   843    843      292   1121   19(0)     21(174)     0     0
  90  c1bcb0d9668abc55  44013bdba3cf3c5f  d65da895b9168c2a    200   859    859      295   1131   21(0)     17(179)     0     0
  91  c88a84eecfb5256e  3dc427a2d209238d  c8832542819d604e    200   872    872      301   1148   23(0)     18(178)     0     0
  92  7e3c78e950f5ecbf  60e975ab9591e7f8  bf4e0e0515ee0396    200   882    882      312   1185   24(0)     15(182)     0     0
  93  918fad5d8f0580dd  56e2bd55ada3fac8  ba7672474dce47e2    199   899    897      310   1191   24(0)     14(183)     1     0
  94  1c5000fb1e8ea612  9cf3fda90c3e3b6d  a1ad89e6303168c3    199   912    910      317   1212   24(0)     12(186)     0     0
  95  05ae01724cc72b83  af7a7622513e9caf  8ac6c82cb5de0030    199   920    918      320   1224   23(0)     14(180)     0     0
  96  1683adcc581c4a18  24890dbb98e04f29  1e0a597095d4af17    199   938    936      328   1254   23(0)     11(183)     0     0
  97  f076de80f9c19367  0f5281d32e98c33a  b337afe9764d4616    199   953    951      328   1250   23(0)      9(187)     0     0
  98  57424af09a2ebc3d  1edb1369f64ddcc2  7fa7f75b6a2464d1    199   959    957      327   1247   21(0)     12(184)     0     0
  99  8ba16fcf6351bb65  6ff311661aebaf2d  20e26a917d0d7f21    199   965    963      333   1276   21(0)     13(181)     0     0
 100  41a75dd3716eae44  b44fff9b50dd239b  7ed78f513e0e6a27    199   966    964      342   1303   21(0)     13(181)     0     0
 101  3f7c06165cc53d94  536bc2b696a32835  7acbf7893323db66    199   976    974      346   1314   21(0)     11(183)     0     0
 102  a5822db126f468ea  f876fd59e0851d3d  5e0a5e5fc6d85cf3    199   989    987      346   1321   22(0)     13(180)     0     0
 103  6889eadffa74bc4e  bda442948224cc44  d8180b83b8cdd965    199  1005   1003      351   1338   22(0)     11(182)     0     0
 104  b958503425d75edc  a81136653683b80e  8602b42378e6878b    199  1026   1024      359   1370   21(0)      9(187)     0     0
 105  77d3ea1b5428c466  845004f444e402c1  7c9ca2776f58c039    199  1038   1036      358   1365   21(0)     11(181)     0     0
 106  2cb5113e783c5f92  f7fe370b5e35e56d  cc3cf5809031af8d    199  1045   1043      360   1378   21(0)     12(180)     0     0
 107  ca738a5113b213bf  857c62bc276e3190  55c03751f76da404    199  1052   1050      363   1386   21(0)     13(179)     0     0
 108  d4a1f88cd14c8add  1cf42a5f8762c1bb  4aa871788a80cf79    199  1065   1063      366   1388   22(0)     13(179)     0     0
 109  4af8c38673fb5477  8306e326854d6042  969670f6c395eb78    199  1081   1079      365   1388   22(0)      9(187)     0     0
 110  5c60f37d7aed74f2  80fec61137a58547  640bd31e8edc5648    199  1081   1079      369   1404   20(0)     10(186)     0     0
 111  600b533cf3503533  85bc17c0b8e7adce  833c989bd86cabd0    199  1088   1086      385   1473   20(0)     10(186)     0     0
 112  c884d7837d8cfdaa  c39fd543e525a7f7  397990458fc83ee1    199  1098   1096      393   1504   20(0)      6(194)     0     0
 113  81d61a3fa6d221e6  b0d35adeee07ee17  2282b1130223672a    199  1107   1105      393   1500   21(0)      4(196)     0     0
 114  8210fb34c4189ef3  a883ba673239fa97  9777142ba8218e9e    199  1113   1111      397   1516   22(0)      5(188)     0     0
 115  bb0babf39d26a551  93bdb8904fbaf877  f29f45139870cda4    199  1116   1114      396   1509   22(0)      8(186)     0     0
 116  471bb43749ce6b9d  b149fd8fc5ba59d2  b15ef9ca9848dea4    199  1117   1115      402   1533   22(0)      8(186)     0     0
 117  e8b59c771fdc21c5  024f9744513c7318  00368f67684621f6    199  1118   1116      398   1524   22(0)      8(186)     0     0
 118  f132eb1058866004  53fc9f178ad53294  fce51da3e17954b7    199  1124   1122      399   1521   22(0)      9(185)     0     0
 119  072c7289afa5d0eb  53341bea5a39bfbb  3c6df6d620d7489a    199  1125   1123      399   1517   22(0)     10(185)     0     0
 120  331a6313370f3ce9  38013b2b9174f684  7d70440b023d8e3c    199  1123   1121      407   1546   22(0)     10(185)     0     0
 180  c28d1c60decba419  4b4d9f208574d5e6  f7dfc3056a16cf96    199  1232   1230      482   1816   23(0)      2(197)     0     0
 240  e064850211eb1c66  4c7a7f9c2058c86f  38a6a93031b5da72      1  1229      8      484   1823    8(0)      1(1)     0     0
 300  1a0e11bae3caebca  c82382bdc9fbf2c9  292b4d077bed0e72      0  1229      0      484   1823    0(0)      0(0)     0     0
 360  1a0e11bae3caebca  c82382bdc9fbf2c9  292b4d077bed0e72      0  1229      0      484   1823    0(0)      0(0)     0     0
 420  1a0e11bae3caebca  c82382bdc9fbf2c9  292b4d077bed0e72      0  1229      0      484   1823    0(0)      0(0)     0     0
 480  1a0e11bae3caebca  c82382bdc9fbf2c9  292b4d077bed0e72      0  1229      0      484   1823    0(0)      0(0)     0     0
 540  1a0e11bae3caebca  c82382bdc9fbf2c9  292b4d077bed0e72      0  1229      0      484   1823    0(0)      0(0)     0     0
 600  1a0e11bae3caebca  c82382bdc9fbf2c9  292b4d077bed0e72      0  1229      0      484   1823    0(0)      0(0)     0     0
 660  1a0e11bae3caebca  c82382bdc9fbf2c9  292b4d077bed0e72      0  1229      0      484   1823    0(0)      0(0)     0     0
 720  1a0e11bae3caebca  c82382bdc9fbf2c9  292b4d077bed0e72      0  1229      0      484   1823    0(0)      0(0)     0     0
 780  1a0e11bae3caebca  c82382bdc9fbf2c9  292b4d077bed0e72      0  1229      0      484   1823    0(0)      0(0)     0     0
 840  1a0e11bae3caebca  c82382bdc9fbf2c9  292b4d077bed0e72      0  1229      0      484   1823    0(0)      0(0)     0     0
 900  1a0e11bae3caebca  c82382bdc9fbf2c9  292b4d077bed0e72      0  1229      0      484   1823    0(0)      0(0)     0     0
 960  1a0e11bae3caebca  c82382bdc9fbf2c9  292b4d077bed0e72      0  1229      0      484   1823    0(0)      0(0)     0     0
1020  1a0e11bae3caebca  c82382bdc9fbf2c9  292b4d077bed0e72      0  1229      0      484   1823    0(0)      0(0)     0     0
1080  1a0e11bae3caebca  c82382bdc9fbf2c9  292b4d077bed0e72      0  1229      0      484   1823    0(0)      0(0)     0     0
1140  1a0e11bae3caebca  c82382bdc9fbf2c9  292b4d077bed0e72      0  1229      0      484   1823    0(0)      0(0)     0     0
1200  1a0e11bae3caebca  c82382bdc9fbf2c9  292b4d077bed0e72      0  1229      0      484   1823    0(0)      0(0)     0     0
threads 1: 0.642 ms/tick, saturations 0, floating-point sentinel clean; per-tick hashes (reference)
threads 8: 0.404 ms/tick, saturations 0, floating-point sentinel clean; per-tick hashes identical
solve: every dynamic body asleep from tick 254; deepest point -0.172919 m (tick 60, bodies 91 116), at rest (the 60 ticks before every body sleeps, or the last 60) -0.0120237 m (tick 194, bodies 27 52); at most 305 dispatches a tick
rest: after tick 1200, over every touching pair (sleeping ones too): deepest point -0.0120137 m (bodies 27 52), 484 touching pairs
ref: twin (threads 1) identical to the reference (138 tick lines and the run hash; the reference's twin: MSVC 194234435, x64, contraction off)
ref: twin (threads 8) identical to the reference (138 tick lines and the run hash; the reference's twin: MSVC 194234435, x64, contraction off)
toy F pile200: run hash e0107f7f75a0c32a, final bodies 1a0e11bae3caebca manifolds c82382bdc9fbf2c9 stages 292b4d077bed0e72, threads agree, saturations 0 (twin: clang 18.1.3 (1ubuntu1), aarch64, contraction off)
