toy stack10, dialect F, 3600 ticks, threads 1 8; gravity 10, sleep on, contact recycling on
twin: clang 18.1.3 (1ubuntu1), aarch64, contraction off
layout sizes C/twin: Hull 68/68 HullFace 24/24 BodyState 60/60 BodyPose 28/28 BodyMass 80/80 Aabb 32/32 Params 184/184 Hash2 8/8 V3 12/12 Pair 24/24 Manifold 348/348 SatAxis 72/72 NarrowDiag 64/64 Constraint 460/460
scene stack10 (seed 1): 11 bodies (1 static), 2 hulls (0 irregular chunks, 0 redrawn), largest hull 8 vertices 6 faces 24 half-edges; mass 125 to 125 kg; quantisation range errors 0
  hull 0 (box 20 x 1 x 20 m): volume 400 (8abc 400), Ixx/density 13366.7 (V(b^2+c^2)/3 13366.7), Ixy -0
start: every position, orientation and velocity exact in F (the grid moved 0 values off their float)
tick  bodies-hash       manifolds-hash    stages-hash       awake pairs active touching points colours(ovf) islands(largest) slept woken
   1  af514bfb1bc33542  a3c425e61a5a5770  0c64902f27cb32c9     10    10     10       10     40    2(0)     10(1)     0     0
   2  c9201bbc4a5958e2  ea134dc151f813e4  32dbfe05b6d42411     10    10     10       10     40    2(0)      1(10)     0     0
   3  e950ae8ac3f5842b  c1b6e88bf30c7ecc  32dbfe05b6d42411     10    10     10       10     40    2(0)      1(10)     0     0
   4  019d4e7a3229b587  c3e9172158609ee2  32dbfe05b6d42411     10    10     10       10     40    2(0)      1(10)     0     0
   5  b678eaecb4a894a8  f2f9680548a966b0  32dbfe05b6d42411     10    10     10       10     40    2(0)      1(10)     0     0
   6  3a00df7e8a384d7f  f491c71660e99814  32dbfe05b6d42411     10    10     10       10     40    2(0)      1(10)     0     0
   7  b705dbb796af3f11  2e78ec2431a26bbf  32dbfe05b6d42411     10    10     10       10     40    2(0)      1(10)     0     0
   8  19efd3d3a610f327  b450d23283b65fb5  32dbfe05b6d42411     10    10     10       10     40    2(0)      1(10)     0     0
   9  43b248130dc84ebc  ea67cccbb6993174  32dbfe05b6d42411     10    10     10       10     40    2(0)      1(10)     0     0
  10  4c29f0815aa85f08  c88d8f6793153bad  32dbfe05b6d42411     10    10     10       10     40    2(0)      1(10)     0     0
  11  163c9b1ad7c08116  ef5e7b4ef14c2f16  32dbfe05b6d42411     10    10     10       10     40    2(0)      1(10)     0     0
  12  a72cf50ff332c3e1  244ad49ed76d7eb0  32dbfe05b6d42411     10    10     10       10     40    2(0)      1(10)     0     0
  13  e411f386388fdb76  cf18503837b1f709  32dbfe05b6d42411     10    10     10       10     40    2(0)      1(10)     0     0
  14  90f93f0fe6a8eb63  bc7526aa9d922b6e  32dbfe05b6d42411     10    10     10       10     40    2(0)      1(10)     0     0
  15  1704cade5a6fc3d9  168e41690afe648b  32dbfe05b6d42411     10    10     10       10     40    2(0)      1(10)     0     0
  16  def64465a941065c  15bf8d8e8816f75a  32dbfe05b6d42411     10    10     10       10     40    2(0)      1(10)     0     0
  17  4d4dc0fddf2cde5b  c779ccd9aaf2e6db  32dbfe05b6d42411     10    10     10       10     40    2(0)      1(10)     0     0
  18  ea12b8b041812835  b90b6be8d59f6e9e  32dbfe05b6d42411     10    10     10       10     40    2(0)      1(10)     0     0
  19  0dedcad7aef04cc4  ccb7ef26036fc412  32dbfe05b6d42411     10    10     10       10     40    2(0)      1(10)     0     0
  20  a5953a25f98fc923  885e8435bc7401ec  32dbfe05b6d42411     10    10     10       10     40    2(0)      1(10)     0     0
  21  a6155f21938895da  4604c613e9fd6850  32dbfe05b6d42411     10    10     10       10     40    2(0)      1(10)     0     0
  22  590ee9dfb79efc36  2377b64c4e7e6d74  32dbfe05b6d42411     10    10     10       10     40    2(0)      1(10)     0     0
  23  872caf231cee4be6  1c1e6db89193b519  32dbfe05b6d42411     10    10     10       10     40    2(0)      1(10)     0     0
  24  a789f8782fd29994  a82a0a44c1b76194  32dbfe05b6d42411     10    10     10       10     40    2(0)      1(10)     0     0
  25  ac376d1d2dbfc9c1  6a1433169e3ff0d9  32dbfe05b6d42411     10    10     10       10     40    2(0)      1(10)     0     0
  26  251491782f784514  1a18b57b9c4ac1ec  32dbfe05b6d42411     10    10     10       10     40    2(0)      1(10)     0     0
  27  867a3d8d999205fe  ee6eeed9bcae16b0  32dbfe05b6d42411     10    10     10       10     40    2(0)      1(10)     0     0
  28  dd4cc8c00fd70040  3843078324b9fec2  32dbfe05b6d42411     10    10     10       10     40    2(0)      1(10)     0     0
  29  24a2ccf0d6aa188b  91e33d30ac25fb3a  32dbfe05b6d42411     10    10     10       10     40    2(0)      1(10)     0     0
  30  5443d4508c0d5862  ec78fd380ac86a57  32dbfe05b6d42411     10    10     10       10     40    2(0)      1(10)     0     0
  31  076b2b41993f0131  2236ce9335b319a8  32dbfe05b6d42411     10    10     10       10     40    2(0)      1(10)     0     0
  32  385d64f3bb489a66  38229fb13eaf3b1b  32dbfe05b6d42411     10    10     10       10     40    2(0)      1(10)     0     0
  33  4b1d957e008b576e  8f9866ab578522e7  32dbfe05b6d42411     10    10     10       10     40    2(0)      1(10)     0     0
  34  ca6022e7fa5deeb6  8fe2e90bc1ad317a  32dbfe05b6d42411     10    10     10       10     40    2(0)      1(10)     0     0
  35  b517c7fbfd529f8c  8acc9c7514bbae11  32dbfe05b6d42411     10    10     10       10     40    2(0)      1(10)     0     0
  36  1b19d2ca56f858aa  3bdf78570f57107a  32dbfe05b6d42411     10    10     10       10     40    2(0)      1(10)     0     0
  37  f3159810d292b9e0  db076601dac97285  32dbfe05b6d42411     10    10     10       10     40    2(0)      1(10)     0     0
  38  44cdcb1d79375063  9e118e2bdfa0d38a  32dbfe05b6d42411     10    10     10       10     40    2(0)      1(10)     0     0
  39  2d672c1cd773bde3  fc19c4aa7788ebc7  32dbfe05b6d42411     10    10     10       10     40    2(0)      1(10)     0     0
  40  fc1fca4687ccb0c5  2f1a370ab1836070  32dbfe05b6d42411     10    10     10       10     40    2(0)      1(10)     0     0
  41  26605ad402441801  caa29670c005ff3d  32dbfe05b6d42411     10    10     10       10     40    2(0)      1(10)     0     0
  42  26605ad402441801  caa29670c005ff3d  574eb976215cd5e8      0    10      0       10     40    0(0)      0(10)    10     0
  43  26605ad402441801  caa29670c005ff3d  574eb976215cd5e8      0    10      0       10     40    0(0)      0(0)     0     0
  44  26605ad402441801  caa29670c005ff3d  574eb976215cd5e8      0    10      0       10     40    0(0)      0(0)     0     0
  45  26605ad402441801  caa29670c005ff3d  574eb976215cd5e8      0    10      0       10     40    0(0)      0(0)     0     0
  46  26605ad402441801  caa29670c005ff3d  574eb976215cd5e8      0    10      0       10     40    0(0)      0(0)     0     0
  47  26605ad402441801  caa29670c005ff3d  574eb976215cd5e8      0    10      0       10     40    0(0)      0(0)     0     0
  48  26605ad402441801  caa29670c005ff3d  574eb976215cd5e8      0    10      0       10     40    0(0)      0(0)     0     0
  49  26605ad402441801  caa29670c005ff3d  574eb976215cd5e8      0    10      0       10     40    0(0)      0(0)     0     0
  50  26605ad402441801  caa29670c005ff3d  574eb976215cd5e8      0    10      0       10     40    0(0)      0(0)     0     0
  51  26605ad402441801  caa29670c005ff3d  574eb976215cd5e8      0    10      0       10     40    0(0)      0(0)     0     0
  52  26605ad402441801  caa29670c005ff3d  574eb976215cd5e8      0    10      0       10     40    0(0)      0(0)     0     0
  53  26605ad402441801  caa29670c005ff3d  574eb976215cd5e8      0    10      0       10     40    0(0)      0(0)     0     0
  54  26605ad402441801  caa29670c005ff3d  574eb976215cd5e8      0    10      0       10     40    0(0)      0(0)     0     0
  55  26605ad402441801  caa29670c005ff3d  574eb976215cd5e8      0    10      0       10     40    0(0)      0(0)     0     0
  56  26605ad402441801  caa29670c005ff3d  574eb976215cd5e8      0    10      0       10     40    0(0)      0(0)     0     0
  57  26605ad402441801  caa29670c005ff3d  574eb976215cd5e8      0    10      0       10     40    0(0)      0(0)     0     0
  58  26605ad402441801  caa29670c005ff3d  574eb976215cd5e8      0    10      0       10     40    0(0)      0(0)     0     0
  59  26605ad402441801  caa29670c005ff3d  574eb976215cd5e8      0    10      0       10     40    0(0)      0(0)     0     0
  60  26605ad402441801  caa29670c005ff3d  574eb976215cd5e8      0    10      0       10     40    0(0)      0(0)     0     0
  61  26605ad402441801  caa29670c005ff3d  574eb976215cd5e8      0    10      0       10     40    0(0)      0(0)     0     0
  62  26605ad402441801  caa29670c005ff3d  574eb976215cd5e8      0    10      0       10     40    0(0)      0(0)     0     0
  63  26605ad402441801  caa29670c005ff3d  574eb976215cd5e8      0    10      0       10     40    0(0)      0(0)     0     0
  64  26605ad402441801  caa29670c005ff3d  574eb976215cd5e8      0    10      0       10     40    0(0)      0(0)     0     0
  65  26605ad402441801  caa29670c005ff3d  574eb976215cd5e8      0    10      0       10     40    0(0)      0(0)     0     0
  66  26605ad402441801  caa29670c005ff3d  574eb976215cd5e8      0    10      0       10     40    0(0)      0(0)     0     0
  67  26605ad402441801  caa29670c005ff3d  574eb976215cd5e8      0    10      0       10     40    0(0)      0(0)     0     0
  68  26605ad402441801  caa29670c005ff3d  574eb976215cd5e8      0    10      0       10     40    0(0)      0(0)     0     0
  69  26605ad402441801  caa29670c005ff3d  574eb976215cd5e8      0    10      0       10     40    0(0)      0(0)     0     0
  70  26605ad402441801  caa29670c005ff3d  574eb976215cd5e8      0    10      0       10     40    0(0)      0(0)     0     0
  71  26605ad402441801  caa29670c005ff3d  574eb976215cd5e8      0    10      0       10     40    0(0)      0(0)     0     0
  72  26605ad402441801  caa29670c005ff3d  574eb976215cd5e8      0    10      0       10     40    0(0)      0(0)     0     0
  73  26605ad402441801  caa29670c005ff3d  574eb976215cd5e8      0    10      0       10     40    0(0)      0(0)     0     0
  74  26605ad402441801  caa29670c005ff3d  574eb976215cd5e8      0    10      0       10     40    0(0)      0(0)     0     0
  75  26605ad402441801  caa29670c005ff3d  574eb976215cd5e8      0    10      0       10     40    0(0)      0(0)     0     0
  76  26605ad402441801  caa29670c005ff3d  574eb976215cd5e8      0    10      0       10     40    0(0)      0(0)     0     0
  77  26605ad402441801  caa29670c005ff3d  574eb976215cd5e8      0    10      0       10     40    0(0)      0(0)     0     0
  78  26605ad402441801  caa29670c005ff3d  574eb976215cd5e8      0    10      0       10     40    0(0)      0(0)     0     0
  79  26605ad402441801  caa29670c005ff3d  574eb976215cd5e8      0    10      0       10     40    0(0)      0(0)     0     0
  80  26605ad402441801  caa29670c005ff3d  574eb976215cd5e8      0    10      0       10     40    0(0)      0(0)     0     0
  81  26605ad402441801  caa29670c005ff3d  574eb976215cd5e8      0    10      0       10     40    0(0)      0(0)     0     0
  82  26605ad402441801  caa29670c005ff3d  574eb976215cd5e8      0    10      0       10     40    0(0)      0(0)     0     0
  83  26605ad402441801  caa29670c005ff3d  574eb976215cd5e8      0    10      0       10     40    0(0)      0(0)     0     0
  84  26605ad402441801  caa29670c005ff3d  574eb976215cd5e8      0    10      0       10     40    0(0)      0(0)     0     0
  85  26605ad402441801  caa29670c005ff3d  574eb976215cd5e8      0    10      0       10     40    0(0)      0(0)     0     0
  86  26605ad402441801  caa29670c005ff3d  574eb976215cd5e8      0    10      0       10     40    0(0)      0(0)     0     0
  87  26605ad402441801  caa29670c005ff3d  574eb976215cd5e8      0    10      0       10     40    0(0)      0(0)     0     0
  88  26605ad402441801  caa29670c005ff3d  574eb976215cd5e8      0    10      0       10     40    0(0)      0(0)     0     0
  89  26605ad402441801  caa29670c005ff3d  574eb976215cd5e8      0    10      0       10     40    0(0)      0(0)     0     0
  90  26605ad402441801  caa29670c005ff3d  574eb976215cd5e8      0    10      0       10     40    0(0)      0(0)     0     0
  91  26605ad402441801  caa29670c005ff3d  574eb976215cd5e8      0    10      0       10     40    0(0)      0(0)     0     0
  92  26605ad402441801  caa29670c005ff3d  574eb976215cd5e8      0    10      0       10     40    0(0)      0(0)     0     0
  93  26605ad402441801  caa29670c005ff3d  574eb976215cd5e8      0    10      0       10     40    0(0)      0(0)     0     0
  94  26605ad402441801  caa29670c005ff3d  574eb976215cd5e8      0    10      0       10     40    0(0)      0(0)     0     0
  95  26605ad402441801  caa29670c005ff3d  574eb976215cd5e8      0    10      0       10     40    0(0)      0(0)     0     0
  96  26605ad402441801  caa29670c005ff3d  574eb976215cd5e8      0    10      0       10     40    0(0)      0(0)     0     0
  97  26605ad402441801  caa29670c005ff3d  574eb976215cd5e8      0    10      0       10     40    0(0)      0(0)     0     0
  98  26605ad402441801  caa29670c005ff3d  574eb976215cd5e8      0    10      0       10     40    0(0)      0(0)     0     0
  99  26605ad402441801  caa29670c005ff3d  574eb976215cd5e8      0    10      0       10     40    0(0)      0(0)     0     0
 100  26605ad402441801  caa29670c005ff3d  574eb976215cd5e8      0    10      0       10     40    0(0)      0(0)     0     0
 101  26605ad402441801  caa29670c005ff3d  574eb976215cd5e8      0    10      0       10     40    0(0)      0(0)     0     0
 102  26605ad402441801  caa29670c005ff3d  574eb976215cd5e8      0    10      0       10     40    0(0)      0(0)     0     0
 103  26605ad402441801  caa29670c005ff3d  574eb976215cd5e8      0    10      0       10     40    0(0)      0(0)     0     0
 104  26605ad402441801  caa29670c005ff3d  574eb976215cd5e8      0    10      0       10     40    0(0)      0(0)     0     0
 105  26605ad402441801  caa29670c005ff3d  574eb976215cd5e8      0    10      0       10     40    0(0)      0(0)     0     0
 106  26605ad402441801  caa29670c005ff3d  574eb976215cd5e8      0    10      0       10     40    0(0)      0(0)     0     0
 107  26605ad402441801  caa29670c005ff3d  574eb976215cd5e8      0    10      0       10     40    0(0)      0(0)     0     0
 108  26605ad402441801  caa29670c005ff3d  574eb976215cd5e8      0    10      0       10     40    0(0)      0(0)     0     0
 109  26605ad402441801  caa29670c005ff3d  574eb976215cd5e8      0    10      0       10     40    0(0)      0(0)     0     0
 110  26605ad402441801  caa29670c005ff3d  574eb976215cd5e8      0    10      0       10     40    0(0)      0(0)     0     0
 111  26605ad402441801  caa29670c005ff3d  574eb976215cd5e8      0    10      0       10     40    0(0)      0(0)     0     0
 112  26605ad402441801  caa29670c005ff3d  574eb976215cd5e8      0    10      0       10     40    0(0)      0(0)     0     0
 113  26605ad402441801  caa29670c005ff3d  574eb976215cd5e8      0    10      0       10     40    0(0)      0(0)     0     0
 114  26605ad402441801  caa29670c005ff3d  574eb976215cd5e8      0    10      0       10     40    0(0)      0(0)     0     0
 115  26605ad402441801  caa29670c005ff3d  574eb976215cd5e8      0    10      0       10     40    0(0)      0(0)     0     0
 116  26605ad402441801  caa29670c005ff3d  574eb976215cd5e8      0    10      0       10     40    0(0)      0(0)     0     0
 117  26605ad402441801  caa29670c005ff3d  574eb976215cd5e8      0    10      0       10     40    0(0)      0(0)     0     0
 118  26605ad402441801  caa29670c005ff3d  574eb976215cd5e8      0    10      0       10     40    0(0)      0(0)     0     0
 119  26605ad402441801  caa29670c005ff3d  574eb976215cd5e8      0    10      0       10     40    0(0)      0(0)     0     0
 120  26605ad402441801  caa29670c005ff3d  574eb976215cd5e8      0    10      0       10     40    0(0)      0(0)     0     0
 180  26605ad402441801  caa29670c005ff3d  574eb976215cd5e8      0    10      0       10     40    0(0)      0(0)     0     0
 240  26605ad402441801  caa29670c005ff3d  574eb976215cd5e8      0    10      0       10     40    0(0)      0(0)     0     0
 300  26605ad402441801  caa29670c005ff3d  574eb976215cd5e8      0    10      0       10     40    0(0)      0(0)     0     0
 360  26605ad402441801  caa29670c005ff3d  574eb976215cd5e8      0    10      0       10     40    0(0)      0(0)     0     0
 420  26605ad402441801  caa29670c005ff3d  574eb976215cd5e8      0    10      0       10     40    0(0)      0(0)     0     0
 480  26605ad402441801  caa29670c005ff3d  574eb976215cd5e8      0    10      0       10     40    0(0)      0(0)     0     0
 540  26605ad402441801  caa29670c005ff3d  574eb976215cd5e8      0    10      0       10     40    0(0)      0(0)     0     0
 600  26605ad402441801  caa29670c005ff3d  574eb976215cd5e8      0    10      0       10     40    0(0)      0(0)     0     0
 660  26605ad402441801  caa29670c005ff3d  574eb976215cd5e8      0    10      0       10     40    0(0)      0(0)     0     0
 720  26605ad402441801  caa29670c005ff3d  574eb976215cd5e8      0    10      0       10     40    0(0)      0(0)     0     0
 780  26605ad402441801  caa29670c005ff3d  574eb976215cd5e8      0    10      0       10     40    0(0)      0(0)     0     0
 840  26605ad402441801  caa29670c005ff3d  574eb976215cd5e8      0    10      0       10     40    0(0)      0(0)     0     0
 900  26605ad402441801  caa29670c005ff3d  574eb976215cd5e8      0    10      0       10     40    0(0)      0(0)     0     0
 960  26605ad402441801  caa29670c005ff3d  574eb976215cd5e8      0    10      0       10     40    0(0)      0(0)     0     0
1020  26605ad402441801  caa29670c005ff3d  574eb976215cd5e8      0    10      0       10     40    0(0)      0(0)     0     0
1080  26605ad402441801  caa29670c005ff3d  574eb976215cd5e8      0    10      0       10     40    0(0)      0(0)     0     0
1140  26605ad402441801  caa29670c005ff3d  574eb976215cd5e8      0    10      0       10     40    0(0)      0(0)     0     0
1200  26605ad402441801  caa29670c005ff3d  574eb976215cd5e8      0    10      0       10     40    0(0)      0(0)     0     0
1260  26605ad402441801  caa29670c005ff3d  574eb976215cd5e8      0    10      0       10     40    0(0)      0(0)     0     0
1320  26605ad402441801  caa29670c005ff3d  574eb976215cd5e8      0    10      0       10     40    0(0)      0(0)     0     0
1380  26605ad402441801  caa29670c005ff3d  574eb976215cd5e8      0    10      0       10     40    0(0)      0(0)     0     0
1440  26605ad402441801  caa29670c005ff3d  574eb976215cd5e8      0    10      0       10     40    0(0)      0(0)     0     0
1500  26605ad402441801  caa29670c005ff3d  574eb976215cd5e8      0    10      0       10     40    0(0)      0(0)     0     0
1560  26605ad402441801  caa29670c005ff3d  574eb976215cd5e8      0    10      0       10     40    0(0)      0(0)     0     0
1620  26605ad402441801  caa29670c005ff3d  574eb976215cd5e8      0    10      0       10     40    0(0)      0(0)     0     0
1680  26605ad402441801  caa29670c005ff3d  574eb976215cd5e8      0    10      0       10     40    0(0)      0(0)     0     0
1740  26605ad402441801  caa29670c005ff3d  574eb976215cd5e8      0    10      0       10     40    0(0)      0(0)     0     0
1800  26605ad402441801  caa29670c005ff3d  574eb976215cd5e8      0    10      0       10     40    0(0)      0(0)     0     0
1860  26605ad402441801  caa29670c005ff3d  574eb976215cd5e8      0    10      0       10     40    0(0)      0(0)     0     0
1920  26605ad402441801  caa29670c005ff3d  574eb976215cd5e8      0    10      0       10     40    0(0)      0(0)     0     0
1980  26605ad402441801  caa29670c005ff3d  574eb976215cd5e8      0    10      0       10     40    0(0)      0(0)     0     0
2040  26605ad402441801  caa29670c005ff3d  574eb976215cd5e8      0    10      0       10     40    0(0)      0(0)     0     0
2100  26605ad402441801  caa29670c005ff3d  574eb976215cd5e8      0    10      0       10     40    0(0)      0(0)     0     0
2160  26605ad402441801  caa29670c005ff3d  574eb976215cd5e8      0    10      0       10     40    0(0)      0(0)     0     0
2220  26605ad402441801  caa29670c005ff3d  574eb976215cd5e8      0    10      0       10     40    0(0)      0(0)     0     0
2280  26605ad402441801  caa29670c005ff3d  574eb976215cd5e8      0    10      0       10     40    0(0)      0(0)     0     0
2340  26605ad402441801  caa29670c005ff3d  574eb976215cd5e8      0    10      0       10     40    0(0)      0(0)     0     0
2400  26605ad402441801  caa29670c005ff3d  574eb976215cd5e8      0    10      0       10     40    0(0)      0(0)     0     0
2460  26605ad402441801  caa29670c005ff3d  574eb976215cd5e8      0    10      0       10     40    0(0)      0(0)     0     0
2520  26605ad402441801  caa29670c005ff3d  574eb976215cd5e8      0    10      0       10     40    0(0)      0(0)     0     0
2580  26605ad402441801  caa29670c005ff3d  574eb976215cd5e8      0    10      0       10     40    0(0)      0(0)     0     0
2640  26605ad402441801  caa29670c005ff3d  574eb976215cd5e8      0    10      0       10     40    0(0)      0(0)     0     0
2700  26605ad402441801  caa29670c005ff3d  574eb976215cd5e8      0    10      0       10     40    0(0)      0(0)     0     0
2760  26605ad402441801  caa29670c005ff3d  574eb976215cd5e8      0    10      0       10     40    0(0)      0(0)     0     0
2820  26605ad402441801  caa29670c005ff3d  574eb976215cd5e8      0    10      0       10     40    0(0)      0(0)     0     0
2880  26605ad402441801  caa29670c005ff3d  574eb976215cd5e8      0    10      0       10     40    0(0)      0(0)     0     0
2940  26605ad402441801  caa29670c005ff3d  574eb976215cd5e8      0    10      0       10     40    0(0)      0(0)     0     0
3000  26605ad402441801  caa29670c005ff3d  574eb976215cd5e8      0    10      0       10     40    0(0)      0(0)     0     0
3060  26605ad402441801  caa29670c005ff3d  574eb976215cd5e8      0    10      0       10     40    0(0)      0(0)     0     0
3120  26605ad402441801  caa29670c005ff3d  574eb976215cd5e8      0    10      0       10     40    0(0)      0(0)     0     0
3180  26605ad402441801  caa29670c005ff3d  574eb976215cd5e8      0    10      0       10     40    0(0)      0(0)     0     0
3240  26605ad402441801  caa29670c005ff3d  574eb976215cd5e8      0    10      0       10     40    0(0)      0(0)     0     0
3300  26605ad402441801  caa29670c005ff3d  574eb976215cd5e8      0    10      0       10     40    0(0)      0(0)     0     0
3360  26605ad402441801  caa29670c005ff3d  574eb976215cd5e8      0    10      0       10     40    0(0)      0(0)     0     0
3420  26605ad402441801  caa29670c005ff3d  574eb976215cd5e8      0    10      0       10     40    0(0)      0(0)     0     0
3480  26605ad402441801  caa29670c005ff3d  574eb976215cd5e8      0    10      0       10     40    0(0)      0(0)     0     0
3540  26605ad402441801  caa29670c005ff3d  574eb976215cd5e8      0    10      0       10     40    0(0)      0(0)     0     0
3600  26605ad402441801  caa29670c005ff3d  574eb976215cd5e8      0    10      0       10     40    0(0)      0(0)     0     0
threads 1: 0.081 ms/tick, saturations 0, floating-point sentinel clean; per-tick hashes (reference)
threads 8: 0.085 ms/tick, saturations 0, floating-point sentinel clean; per-tick hashes identical
solve: every dynamic body asleep from tick 42; deepest point -0.0051319 m (tick 41, bodies 1 2), at rest (the 60 ticks before every body sleeps, or the last 60) -0.0051319 m (tick 41, bodies 1 2); at most 40 dispatches a tick
rest: after tick 3600, over every touching pair (sleeping ones too): deepest point -0.0051319 m (bodies 1 2), 10 touching pairs
ref: twin (threads 1) identical to the reference (178 tick lines and the run hash; the reference's twin: MSVC 194234435, x64, contraction off)
ref: twin (threads 8) identical to the reference (178 tick lines and the run hash; the reference's twin: MSVC 194234435, x64, contraction off)
toy F stack10: run hash 89a398f70995181a, final bodies 26605ad402441801 manifolds caa29670c005ff3d stages 574eb976215cd5e8, threads agree, saturations 0 (twin: clang 18.1.3 (1ubuntu1), aarch64, contraction off)
