toy bounce, dialect V4, 600 ticks, threads 1 8; gravity 10, sleep on, contact recycling on
twin: clang 18.1.3 (1ubuntu1), aarch64, contraction off
layout sizes C/twin: Hull 68/68 HullFace 24/24 BodyState 60/60 BodyPose 40/40 BodyMass 80/80 Aabb 32/32 Params 184/184 Hash2 8/8 V3 12/12 Pair 24/24 Manifold 348/348 SatAxis 72/72 NarrowDiag 64/64 Constraint 460/460
scene bounce (seed 1): 2 bodies (1 static), 2 hulls (0 irregular chunks, 0 redrawn), largest hull 8 vertices 6 faces 24 half-edges; mass 125 to 125 kg; quantisation range errors 0
  hull 0 (box 20 x 1 x 20 m): volume 400 (8abc 400), Ixx/density 13366.7 (V(b^2+c^2)/3 13366.7), Ixy -0
start: every position, orientation and velocity exact in V4 (the grid moved 0 values off their float)
tick  bodies-hash       manifolds-hash    stages-hash       awake pairs active touching points colours(ovf) islands(largest) slept woken
   1  edd28051b856f9e6  0000000000000000  dd5d5143d89215b6      1     0      0        0      0    0(0)      1(1)     0     0
   2  a8704e44a6b0731f  0000000000000000  dd5d5143d89215b6      1     0      0        0      0    0(0)      1(1)     0     0
   3  4ab173cf40f0cab8  0000000000000000  dd5d5143d89215b6      1     0      0        0      0    0(0)      1(1)     0     0
   4  20140b5576ac2d32  0000000000000000  dd5d5143d89215b6      1     0      0        0      0    0(0)      1(1)     0     0
   5  e50f0e64abeffcbf  0000000000000000  dd5d5143d89215b6      1     0      0        0      0    0(0)      1(1)     0     0
   6  430ab90e5d3a4d58  0000000000000000  dd5d5143d89215b6      1     0      0        0      0    0(0)      1(1)     0     0
   7  59d64172876c749e  0000000000000000  dd5d5143d89215b6      1     0      0        0      0    0(0)      1(1)     0     0
   8  e1c536c067a9bff1  0000000000000000  dd5d5143d89215b6      1     0      0        0      0    0(0)      1(1)     0     0
   9  c35df4735174b540  0000000000000000  dd5d5143d89215b6      1     0      0        0      0    0(0)      1(1)     0     0
  10  b8e2d36e5752f8fb  0000000000000000  dd5d5143d89215b6      1     0      0        0      0    0(0)      1(1)     0     0
  11  9da91ff2de61e155  0000000000000000  dd5d5143d89215b6      1     0      0        0      0    0(0)      1(1)     0     0
  12  30562904fa6832e7  0000000000000000  dd5d5143d89215b6      1     0      0        0      0    0(0)      1(1)     0     0
  13  e0e4edcca9d6711d  0000000000000000  dd5d5143d89215b6      1     0      0        0      0    0(0)      1(1)     0     0
  14  44ea2ddff92d22e6  0000000000000000  dd5d5143d89215b6      1     0      0        0      0    0(0)      1(1)     0     0
  15  791a368b52b29148  0000000000000000  dd5d5143d89215b6      1     0      0        0      0    0(0)      1(1)     0     0
  16  9a23e58ec4063ad8  0000000000000000  dd5d5143d89215b6      1     0      0        0      0    0(0)      1(1)     0     0
  17  855fb4aac23f5ad7  0000000000000000  dd5d5143d89215b6      1     0      0        0      0    0(0)      1(1)     0     0
  18  1755d3dd1f6cadf6  0000000000000000  dd5d5143d89215b6      1     0      0        0      0    0(0)      1(1)     0     0
  19  bc176f42ac3e37d3  0000000000000000  dd5d5143d89215b6      1     0      0        0      0    0(0)      1(1)     0     0
  20  44f0ea232ebf0fab  0000000000000000  dd5d5143d89215b6      1     0      0        0      0    0(0)      1(1)     0     0
  21  4a6961f6f9732978  0000000000000000  dd5d5143d89215b6      1     0      0        0      0    0(0)      1(1)     0     0
  22  d82c2d460f008354  0000000000000000  dd5d5143d89215b6      1     0      0        0      0    0(0)      1(1)     0     0
  23  2c8e2b5bf1ec37ff  0000000000000000  dd5d5143d89215b6      1     0      0        0      0    0(0)      1(1)     0     0
  24  816685373808147f  0000000000000000  dd5d5143d89215b6      1     0      0        0      0    0(0)      1(1)     0     0
  25  d224fd04ebc48e3c  0000000000000000  dd5d5143d89215b6      1     0      0        0      0    0(0)      1(1)     0     0
  26  a4cc9cdf4a67ba18  0000000000000000  dd5d5143d89215b6      1     0      0        0      0    0(0)      1(1)     0     0
  27  8f3f5adf50e5a5bb  0000000000000000  dd5d5143d89215b6      1     0      0        0      0    0(0)      1(1)     0     0
  28  9913894d901302a5  0000000000000000  dd5d5143d89215b6      1     0      0        0      0    0(0)      1(1)     0     0
  29  910792f2fa64109f  0000000000000000  dd5d5143d89215b6      1     0      0        0      0    0(0)      1(1)     0     0
  30  e4a574b12fc948e2  0000000000000000  dd5d5143d89215b6      1     0      0        0      0    0(0)      1(1)     0     0
  31  49fbf3875147e8fe  0000000000000000  dd5d5143d89215b6      1     0      0        0      0    0(0)      1(1)     0     0
  32  6033775fd7d9a6d3  0000000000000000  dd5d5143d89215b6      1     0      0        0      0    0(0)      1(1)     0     0
  33  57c370c0063d096a  0000000000000000  dd5d5143d89215b6      1     0      0        0      0    0(0)      1(1)     0     0
  34  22126cd09467e5e9  0000000000000000  dd5d5143d89215b6      1     0      0        0      0    0(0)      1(1)     0     0
  35  f0027aa04c078bb3  0000000000000000  dd5d5143d89215b6      1     0      0        0      0    0(0)      1(1)     0     0
  36  7752e917539a13a1  f011247fd5558db8  b849fd8090140b31      1     1      1        0      0    1(0)      1(1)     0     0
  37  3971de35fd0a2360  277b79178f523a21  78e73fa28c29697d      1     1      1        1      4    1(0)      1(1)     0     0
  38  2af67bdf70df5c9e  715be822cc147cb2  78e73fa28c29697d      1     1      1        1      4    1(0)      1(1)     0     0
  39  76a710026626e7e3  c0e3037bc6336409  78e73fa28c29697d      1     1      1        1      4    1(0)      1(1)     0     0
  40  65a1341b110e4d8a  f433957351940ad8  78e73fa28c29697d      1     1      1        1      4    1(0)      1(1)     0     0
  41  d279f7a38362da6f  5a6eea365fc63da9  78e73fa28c29697d      1     1      1        0      0    1(0)      1(1)     0     0
  42  6b47dd2d0cf78419  0000000000000000  dd5d5143d89215b6      1     0      0        0      0    0(0)      1(1)     0     0
  43  30bb43496ccc5bf1  0000000000000000  dd5d5143d89215b6      1     0      0        0      0    0(0)      1(1)     0     0
  44  00aacc08b921d496  0000000000000000  dd5d5143d89215b6      1     0      0        0      0    0(0)      1(1)     0     0
  45  f72629e724d029e5  0000000000000000  dd5d5143d89215b6      1     0      0        0      0    0(0)      1(1)     0     0
  46  c59c3fc5d0e101d3  0000000000000000  dd5d5143d89215b6      1     0      0        0      0    0(0)      1(1)     0     0
  47  f1ec14079cb92446  0000000000000000  dd5d5143d89215b6      1     0      0        0      0    0(0)      1(1)     0     0
  48  f4f9803253c66d9b  0000000000000000  dd5d5143d89215b6      1     0      0        0      0    0(0)      1(1)     0     0
  49  d3d5838dd585ad4b  0000000000000000  dd5d5143d89215b6      1     0      0        0      0    0(0)      1(1)     0     0
  50  add0ba218fa7475d  0000000000000000  dd5d5143d89215b6      1     0      0        0      0    0(0)      1(1)     0     0
  51  d93c2e5c8252c205  0000000000000000  dd5d5143d89215b6      1     0      0        0      0    0(0)      1(1)     0     0
  52  a84a42ab44fbdaab  0000000000000000  dd5d5143d89215b6      1     0      0        0      0    0(0)      1(1)     0     0
  53  06c1fa1aa5fc45bd  0000000000000000  dd5d5143d89215b6      1     0      0        0      0    0(0)      1(1)     0     0
  54  dc1717a4038a3876  0000000000000000  dd5d5143d89215b6      1     0      0        0      0    0(0)      1(1)     0     0
  55  dc3e615e36b16fd6  0000000000000000  dd5d5143d89215b6      1     0      0        0      0    0(0)      1(1)     0     0
  56  83a3bc60ff179cb4  0000000000000000  dd5d5143d89215b6      1     0      0        0      0    0(0)      1(1)     0     0
  57  d905df6b2d4e7825  0000000000000000  dd5d5143d89215b6      1     0      0        0      0    0(0)      1(1)     0     0
  58  088a9ecc33edd71f  0000000000000000  dd5d5143d89215b6      1     0      0        0      0    0(0)      1(1)     0     0
  59  b10a799b82f54a02  0000000000000000  dd5d5143d89215b6      1     0      0        0      0    0(0)      1(1)     0     0
  60  dfaf335ec00db6f1  0000000000000000  dd5d5143d89215b6      1     0      0        0      0    0(0)      1(1)     0     0
  61  1b6c7c519eb04715  0000000000000000  dd5d5143d89215b6      1     0      0        0      0    0(0)      1(1)     0     0
  62  68d5a5b139cd2c1e  0000000000000000  dd5d5143d89215b6      1     0      0        0      0    0(0)      1(1)     0     0
  63  e7cba727b731aa59  0000000000000000  dd5d5143d89215b6      1     0      0        0      0    0(0)      1(1)     0     0
  64  a93fb71e010aa67c  0000000000000000  dd5d5143d89215b6      1     0      0        0      0    0(0)      1(1)     0     0
  65  21e52a48ceae1364  0000000000000000  dd5d5143d89215b6      1     0      0        0      0    0(0)      1(1)     0     0
  66  93073582e44414e3  0000000000000000  dd5d5143d89215b6      1     0      0        0      0    0(0)      1(1)     0     0
  67  d28614ade95582b4  0000000000000000  dd5d5143d89215b6      1     0      0        0      0    0(0)      1(1)     0     0
  68  6886f867611418f6  0000000000000000  dd5d5143d89215b6      1     0      0        0      0    0(0)      1(1)     0     0
  69  d4018229c6c7349e  0000000000000000  dd5d5143d89215b6      1     0      0        0      0    0(0)      1(1)     0     0
  70  922c8244614a178f  0000000000000000  dd5d5143d89215b6      1     0      0        0      0    0(0)      1(1)     0     0
  71  ecd16294feacdd68  83f0883620e802fc  b849fd8090140b31      1     1      1        0      0    1(0)      1(1)     0     0
  72  44e10008ad14d6a1  4646d1e6b96657a9  78e73fa28c29697d      1     1      1        0      0    1(0)      1(1)     0     0
  73  cef6b17fe2c6991c  7bc6ed62552cb64f  78e73fa28c29697d      1     1      1        1      4    1(0)      1(1)     0     0
  74  048d5508d5f24fea  60bdd37b9ac4d98d  78e73fa28c29697d      1     1      1        1      4    1(0)      1(1)     0     0
  75  02071c50ccf54bc1  f0dc1b6ccf2854ce  78e73fa28c29697d      1     1      1        1      4    1(0)      1(1)     0     0
  76  b233fd8fba4c1635  b093fc3200c46683  78e73fa28c29697d      1     1      1        1      4    1(0)      1(1)     0     0
  77  71470c87ae285bf5  c0032afa7ec11692  78e73fa28c29697d      1     1      1        0      0    1(0)      1(1)     0     0
  78  79b4f9a517a394a4  13a13a113e76e628  78e73fa28c29697d      1     1      1        0      0    1(0)      1(1)     0     0
  79  6f561f9b81b33996  f04f917f68da04ca  78e73fa28c29697d      1     1      1        0      0    1(0)      1(1)     0     0
  80  da8e71e3c4f10879  9c3a0548b11b2e95  78e73fa28c29697d      1     1      1        0      0    1(0)      1(1)     0     0
  81  e0f24c03f118f1ad  9c3a0548b11b2e95  78e73fa28c29697d      1     1      1        0      0    1(0)      1(1)     0     0
  82  acf49e4a505f668b  9c3a0548b11b2e95  78e73fa28c29697d      1     1      1        0      0    1(0)      1(1)     0     0
  83  fa23ef529fb33d56  d56217f4ebb4e464  78e73fa28c29697d      1     1      1        0      0    1(0)      1(1)     0     0
  84  be9be753bd225e6f  4422ffa5a421b8e7  78e73fa28c29697d      1     1      1        0      0    1(0)      1(1)     0     0
  85  890fe3c03826216b  4422ffa5a421b8e7  78e73fa28c29697d      1     1      1        0      0    1(0)      1(1)     0     0
  86  983d6b72dbc13bb2  7f05d6e6e401db0d  78e73fa28c29697d      1     1      1        0      0    1(0)      1(1)     0     0
  87  6686c68e732ac5c5  48a0c8aa141adcce  78e73fa28c29697d      1     1      1        0      0    1(0)      1(1)     0     0
  88  b65806dd75b51b28  52b4224844b44d7d  78e73fa28c29697d      1     1      1        0      0    1(0)      1(1)     0     0
  89  774f7be4731ed0d0  0b246f7666336960  78e73fa28c29697d      1     1      1        0      0    1(0)      1(1)     0     0
  90  3b0926c8f0c6e979  2625097b163aceb6  78e73fa28c29697d      1     1      1        1      4    1(0)      1(1)     0     0
  91  d7b82082ce2bf9a6  7e9667f97d72b885  78e73fa28c29697d      1     1      1        1      4    1(0)      1(1)     0     0
  92  6c17cb9433d3076a  8028fdaf02064846  78e73fa28c29697d      1     1      1        1      4    1(0)      1(1)     0     0
  93  4c73e863d6eb717c  66c2ee264f17f31b  78e73fa28c29697d      1     1      1        1      4    1(0)      1(1)     0     0
  94  2ef86d7ef6037a7a  ed9af3ef0ccaa742  78e73fa28c29697d      1     1      1        1      4    1(0)      1(1)     0     0
  95  64819f5910517710  700331f415a31884  78e73fa28c29697d      1     1      1        1      4    1(0)      1(1)     0     0
  96  a3af5252db8ac919  1a7d8c7edabd7f64  78e73fa28c29697d      1     1      1        1      4    1(0)      1(1)     0     0
  97  cfea25e7a25c9306  6c61e782d7df78e5  78e73fa28c29697d      1     1      1        1      4    1(0)      1(1)     0     0
  98  da92c89e4459d601  0541dc95b2ca7b6a  78e73fa28c29697d      1     1      1        1      4    1(0)      1(1)     0     0
  99  ba3dd54f43d23c4d  ef111b2dd2d05c16  78e73fa28c29697d      1     1      1        1      4    1(0)      1(1)     0     0
 100  bc8b0525d499968a  8b1845c10d7ca36b  78e73fa28c29697d      1     1      1        1      4    1(0)      1(1)     0     0
 101  d344b257163720cf  f6332d783642eca9  78e73fa28c29697d      1     1      1        1      4    1(0)      1(1)     0     0
 102  6cfa892876629b35  529575fd0bf2a6c5  78e73fa28c29697d      1     1      1        1      4    1(0)      1(1)     0     0
 103  c7182bd3005e4645  52e188d16d9a3a66  78e73fa28c29697d      1     1      1        1      4    1(0)      1(1)     0     0
 104  8a671cb2705aab42  84a8b645ebccff02  78e73fa28c29697d      1     1      1        1      4    1(0)      1(1)     0     0
 105  eac4915aa6760333  c5c8790afc5c9115  78e73fa28c29697d      1     1      1        1      4    1(0)      1(1)     0     0
 106  6a5a6ede5bd481b2  e701ae87816a55ba  78e73fa28c29697d      1     1      1        1      4    1(0)      1(1)     0     0
 107  f779402bd9a336c5  2d0e414a4cee9592  78e73fa28c29697d      1     1      1        1      4    1(0)      1(1)     0     0
 108  7c07270675b32c17  497ed1181de93904  78e73fa28c29697d      1     1      1        1      4    1(0)      1(1)     0     0
 109  9286cd7265f43d7b  95c131fa94a84db4  78e73fa28c29697d      1     1      1        1      4    1(0)      1(1)     0     0
 110  d1c669e1619810db  d5d90983d0d3cdf2  78e73fa28c29697d      1     1      1        1      4    1(0)      1(1)     0     0
 111  afe020abf542ea84  066981365fd75851  78e73fa28c29697d      1     1      1        1      4    1(0)      1(1)     0     0
 112  6a88ad4b604f474f  94460407bdf23d35  78e73fa28c29697d      1     1      1        1      4    1(0)      1(1)     0     0
 113  12a62b614b1fa573  38b353f5e104ba08  78e73fa28c29697d      1     1      1        1      4    1(0)      1(1)     0     0
 114  ae5992da54dd7bd1  01f71843ac6c5381  78e73fa28c29697d      1     1      1        1      4    1(0)      1(1)     0     0
 115  9b3918f18e4417ec  aca75108d9fe6428  78e73fa28c29697d      1     1      1        1      4    1(0)      1(1)     0     0
 116  7d699244d3f30587  e91eed79d419b6bd  78e73fa28c29697d      1     1      1        1      4    1(0)      1(1)     0     0
 117  8ae0e30bebdd7a1f  8006b4b61682a2f9  78e73fa28c29697d      1     1      1        1      4    1(0)      1(1)     0     0
 118  243a728edb3bf959  8c706b0ae9b943d7  78e73fa28c29697d      1     1      1        1      4    1(0)      1(1)     0     0
 119  cf721cded1ee79b1  dcfb16836650022e  78e73fa28c29697d      1     1      1        1      4    1(0)      1(1)     0     0
 120  f10ffc4bbc7dfbe3  427627a468bf76ec  78e73fa28c29697d      1     1      1        1      4    1(0)      1(1)     0     0
 180  3d28d5a88f105f6e  dec86d450df340ee  2184b9899b304957      0     1      0        1      4    0(0)      0(0)     0     0
 240  3d28d5a88f105f6e  dec86d450df340ee  2184b9899b304957      0     1      0        1      4    0(0)      0(0)     0     0
 300  3d28d5a88f105f6e  dec86d450df340ee  2184b9899b304957      0     1      0        1      4    0(0)      0(0)     0     0
 360  3d28d5a88f105f6e  dec86d450df340ee  2184b9899b304957      0     1      0        1      4    0(0)      0(0)     0     0
 420  3d28d5a88f105f6e  dec86d450df340ee  2184b9899b304957      0     1      0        1      4    0(0)      0(0)     0     0
 480  3d28d5a88f105f6e  dec86d450df340ee  2184b9899b304957      0     1      0        1      4    0(0)      0(0)     0     0
 540  3d28d5a88f105f6e  dec86d450df340ee  2184b9899b304957      0     1      0        1      4    0(0)      0(0)     0     0
 600  3d28d5a88f105f6e  dec86d450df340ee  2184b9899b304957      0     1      0        1      4    0(0)      0(0)     0     0
threads 1: 0.068 ms/tick, saturations 0, floating-point sentinel clean; per-tick hashes (reference)
threads 8: 0.055 ms/tick, saturations 0, floating-point sentinel clean; per-tick hashes identical
solve: every dynamic body asleep from tick 128; deepest point -0.0625036 m (tick 37, bodies 0 1), at rest (the 60 ticks before every body sleeps, or the last 60) -0.0125713 m (tick 90, bodies 0 1); at most 30 dispatches a tick
rest: after tick 600, over every touching pair (sleeping ones too): deepest point -7.05719e-05 m (bodies 0 1), 1 touching pairs
ref: twin (threads 1) identical to the reference (128 tick lines and the run hash; the reference's twin: MSVC 194234435, x64, contraction off)
ref: twin (threads 8) identical to the reference (128 tick lines and the run hash; the reference's twin: MSVC 194234435, x64, contraction off)
toy V4 bounce: run hash b0af3f647a8ee84c, final bodies 3d28d5a88f105f6e manifolds dec86d450df340ee stages 2184b9899b304957, threads agree, saturations 0 (twin: clang 18.1.3 (1ubuntu1), aarch64, contraction off)
