toy pile200, dialect V4, 1200 ticks, threads 1 8; gravity 10, sleep on, contact recycling on
twin: clang 18.1.3 (1ubuntu1), aarch64, contraction off
layout sizes C/twin: Hull 68/68 HullFace 24/24 BodyState 60/60 BodyPose 40/40 BodyMass 80/80 Aabb 32/32 Params 184/184 Hash2 8/8 V3 12/12 Pair 24/24 Manifold 348/348 SatAxis 72/72 NarrowDiag 64/64 Constraint 460/460
scene pile200 (seed 4): 205 bodies (5 static), 203 hulls (40 irregular chunks, 26 redrawn), largest hull 14 vertices 9 faces 42 half-edges; mass 5.02 to 51.19 kg; quantisation range errors 0
  hull 0 (box 12 x 1 x 12 m): volume 144 (8abc 144), Ixx/density 1740 (V(b^2+c^2)/3 1740), Ixy -0
start: every position, orientation and velocity exact in V4 (the grid moved 6 values off their float)
tick  bodies-hash       manifolds-hash    stages-hash       awake pairs active touching points colours(ovf) islands(largest) slept woken
   1  fd124bd6cc87ac1e  0000000000000000  946e2557b1056391    200     0      0        0      0    0(0)    200(1)     0     0
   2  f3f417c69fcd1187  0000000000000000  946e2557b1056391    200     0      0        0      0    0(0)    200(1)     0     0
   3  70b7736be45f0c74  0000000000000000  946e2557b1056391    200     0      0        0      0    0(0)    200(1)     0     0
   4  5e9539c4b4497cec  0000000000000000  946e2557b1056391    200     0      0        0      0    0(0)    200(1)     0     0
   5  62c4a3c8999f073b  0000000000000000  946e2557b1056391    200     0      0        0      0    0(0)    200(1)     0     0
   6  6c5fe5eba47b06b9  0000000000000000  946e2557b1056391    200     0      0        0      0    0(0)    200(1)     0     0
   7  e971386a31fdcd17  0000000000000000  946e2557b1056391    200     0      0        0      0    0(0)    200(1)     0     0
   8  6b626544b0667092  0000000000000000  946e2557b1056391    200     0      0        0      0    0(0)    200(1)     0     0
   9  f2da16ff03396e89  0000000000000000  946e2557b1056391    200     0      0        0      0    0(0)    200(1)     0     0
  10  46234d002c8e179a  0000000000000000  946e2557b1056391    200     0      0        0      0    0(0)    200(1)     0     0
  11  01e003ed6bd028c2  0000000000000000  946e2557b1056391    200     0      0        0      0    0(0)    200(1)     0     0
  12  80dcec71b42ac5d9  0000000000000000  946e2557b1056391    200     0      0        0      0    0(0)    200(1)     0     0
  13  7a474860f30084e4  0000000000000000  946e2557b1056391    200     0      0        0      0    0(0)    200(1)     0     0
  14  2c79225e2e3e9eca  0000000000000000  946e2557b1056391    200     0      0        0      0    0(0)    200(1)     0     0
  15  b7e089a8a09be183  0000000000000000  946e2557b1056391    200     0      0        0      0    0(0)    200(1)     0     0
  16  1234ab6a6c402ed1  0000000000000000  946e2557b1056391    200     0      0        0      0    0(0)    200(1)     0     0
  17  b8142dfbb9f79a69  0000000000000000  946e2557b1056391    200     0      0        0      0    0(0)    200(1)     0     0
  18  61b0dc6bdb14f622  0000000000000000  946e2557b1056391    200     0      0        0      0    0(0)    200(1)     0     0
  19  8524bd83133a71a1  0000000000000000  946e2557b1056391    200     0      0        0      0    0(0)    200(1)     0     0
  20  de33d12e57e8d327  0000000000000000  946e2557b1056391    200     0      0        0      0    0(0)    200(1)     0     0
  21  8e86afe62be20c56  0000000000000000  946e2557b1056391    200     0      0        0      0    0(0)    200(1)     0     0
  22  58fd09be0f2e7b75  0000000000000000  946e2557b1056391    200     0      0        0      0    0(0)    200(1)     0     0
  23  13012e8c771fa558  0000000000000000  946e2557b1056391    200     0      0        0      0    0(0)    200(1)     0     0
  24  1a0beda00c7c3955  0000000000000000  946e2557b1056391    200     0      0        0      0    0(0)    200(1)     0     0
  25  13a507f2f532125b  0000000000000000  946e2557b1056391    200     0      0        0      0    0(0)    200(1)     0     0
  26  7689a626e1b2e5c0  0000000000000000  946e2557b1056391    200     0      0        0      0    0(0)    200(1)     0     0
  27  2381ef3fb2fe3e74  0000000000000000  946e2557b1056391    200     0      0        0      0    0(0)    200(1)     0     0
  28  0b3e71e857ea84f6  0000000000000000  946e2557b1056391    200     0      0        0      0    0(0)    200(1)     0     0
  29  68797d0f3b0a352f  0000000000000000  946e2557b1056391    200     0      0        0      0    0(0)    200(1)     0     0
  30  9a126630dbd14a29  0000000000000000  946e2557b1056391    200     0      0        0      0    0(0)    200(1)     0     0
  31  265803368770b179  0000000000000000  946e2557b1056391    200     0      0        0      0    0(0)    200(1)     0     0
  32  69edb8d27311f4ce  0000000000000000  946e2557b1056391    200     0      0        0      0    0(0)    200(1)     0     0
  33  d669624b690e2438  0000000000000000  946e2557b1056391    200     0      0        0      0    0(0)    200(1)     0     0
  34  548dd1a2e6fb7762  0000000000000000  946e2557b1056391    200     0      0        0      0    0(0)    200(1)     0     0
  35  8fcba5bde454a3db  0000000000000000  946e2557b1056391    200     0      0        0      0    0(0)    200(1)     0     0
  36  d84c6385995a1144  0000000000000000  946e2557b1056391    200     0      0        0      0    0(0)    200(1)     0     0
  37  e244210047603762  0000000000000000  946e2557b1056391    200     0      0        0      0    0(0)    200(1)     0     0
  38  7b78c5c126a74d06  0000000000000000  946e2557b1056391    200     0      0        0      0    0(0)    200(1)     0     0
  39  a90b9000e38a42dc  0000000000000000  946e2557b1056391    200     0      0        0      0    0(0)    200(1)     0     0
  40  fe386459998cff95  0000000000000000  946e2557b1056391    200     0      0        0      0    0(0)    200(1)     0     0
  41  7ecb15bed463513e  0000000000000000  946e2557b1056391    200     0      0        0      0    0(0)    200(1)     0     0
  42  250051d6acaab7b2  0000000000000000  946e2557b1056391    200     0      0        0      0    0(0)    200(1)     0     0
  43  34d744a9bf0729da  0000000000000000  946e2557b1056391    200     0      0        0      0    0(0)    200(1)     0     0
  44  a639bda397f1a9c8  0000000000000000  946e2557b1056391    200     0      0        0      0    0(0)    200(1)     0     0
  45  1821ce0f020b4107  89fafda4808bddd4  3d67a93ae07e6c72    200    23     23        1      4    1(0)    200(1)     0     0
  46  8f1b1e2766a14c04  4861aba4871c1688  b8c2ee09d3b1b982    200    26     26       24     96    2(0)    200(1)     0     0
  47  4c2a6fc5fe75c3c6  e741c4b97151af32  7ca10d81d706e841    200    33     33       26    104    2(0)    200(1)     0     0
  48  7a6da61a37952cde  4cf7a664cedee3d0  780620c938d53706    200    51     51       32    127    3(0)    199(2)     0     0
  49  83ab66c4fb4a1ff9  6c2568fae67449d3  0fb831335c3dfc6b    200    56     56       46    183    3(0)    193(2)     0     0
  50  5660fb8c12f348db  2e803bd95942d5fd  422509d3eb2378be    200    65     65       52    207    3(0)    177(2)     0     0
  51  23cec58983b334d1  2c0f0dd4d161126b  105c5419cc6e5c89    200    82     82       59    232    5(0)    171(3)     0     0
  52  9bf854e8cb8290bc  2b1125d7632dbd34  401f57e4d6b3635e    200    95     95       70    278    5(0)    164(3)     0     0
  53  23311dac76305ad1  8a45bd0ed89859f7  ba3cac8aebc58688    200   103    103       80    318    5(0)    155(3)     0     0
  54  54e263484aa75521  9b841a321835415c  2f6672439d0b12c9    200   117    117       86    340    6(0)    146(6)     0     0
  55  096dd893abc200ad  002c9a5d0f8b91df  6590a5c16b6c42bf    200   136    136       93    370    6(0)    140(6)     0     0
  56  12988fabc53786d1  b5c8b4e0f6a5f4ec  9b7dfde9b6c681c7    200   149    149      108    423    6(0)    132(8)     0     0
  57  8a7ced3c772dc9fa  428be78dc75be035  dcda4c5486ebc0e8    200   169    169      116    456    7(0)    119(9)     0     0
  58  13b22a43b101e95a  06e1b55557e8edf2  c23b915bafea8128    200   198    198      128    503    8(0)    112(10)     0     0
  59  e15ac083328af142  77e30eeb58ba07f8  3ae7bb123e2d2972    200   220    220      142    565   11(0)    103(11)     0     0
  60  79b70b01862cd840  5341db3f99544285  1e39bbd8c53e9234    200   254    254      145    573   12(0)     90(12)     0     0
  61  78b96d24ff444c0c  ebd577853d7e67f2  4425dd0d7165b88b    200   297    297      158    630   12(0)     87(11)     0     0
  62  ccf7d40467f9bbfa  f602b95430ef3f73  6aaf6575ed22eb33    200   339    339      169    665   11(0)     75(15)     0     0
  63  c952f0b70d12625a  c435428c652757a9  c44ec7cced8d3b0c    200   364    364      183    719   12(0)     68(22)     0     0
  64  264fdfd29b880c38  176c3c593d251782  d9c1b1a438afab98    200   401    401      197    771   13(0)     60(30)     0     0
  65  2b6f6fc7b16c3099  c4301308ecb82d00  cc94fcaccfcea404    200   445    445      206    802   15(0)     43(35)     0     0
  66  5a3a3fcc4fdc91ba  be2a91bd3f6412ca  0d8100bbad467b6c    200   493    493      213    836   16(0)     41(34)     0     0
  67  447abdfcb34487cc  16810ea979b6808b  9aa3fd3711a1ec0e    200   523    523      224    874   16(0)     34(35)     0     0
  68  109219443e4f4803  537955f862e6060b  7e03656177b54068    200   580    580      226    888   18(0)     23(58)     0     0
  69  70a8b0adb2dd40d8  27e5a8895da12ce7  3aee0665d0e0b91d    200   628    628      235    912   18(0)     24(59)     0     0
  70  a818e0cb4b4ff9c0  b52e9f655a940f60  affe09b0cfe7bdcf    200   672    672      231    891   18(0)     23(55)     0     0
  71  b8c04d45f47ab114  7daab6207064efd5  fba826806392bad1    200   710    710      240    933   19(0)     25(65)     0     0
  72  2b477ee5618275c3  75933a7260f8fef4  d93e6cfecba22a79    200   741    741      244    948   19(0)     26(65)     0     0
  73  aaf59795874213f0  87dfe04e2ff9924e  21ec75599286cba5    200   774    774      254    987   19(0)     27(78)     0     0
  74  d1f16e364350e5f4  475aea96de548958  f16b31473c51efa7    200   798    798      259    999   18(0)     24(126)     0     0
  75  41f0f2b7cfd4b3b2  472ba490e7aee3d3  6a1154c8d3f2b868    200   827    827      270   1029   18(0)     23(127)     0     0
  76  de8ddda17bb91693  79cbc1fae9697119  3745e4d992b66622    200   819    819      268   1029   18(0)     19(136)     0     0
  77  a067343dbdcbd0ed  307af0a69a06221a  9597f19d9a0b8a7f    200   836    836      280   1071   18(0)     23(162)     0     0
  78  107499f4583d81f0  b24fe96d337e8f96  9573dcc5f2d670d2    200   871    871      295   1123   18(0)     18(182)     0     0
  79  0ad8b6660d16e73d  282dd8c00fca5df3  c9ff51fcb104b555    200   892    892      307   1167   20(0)     15(186)     0     0
  80  7241df5a11ce61b6  a884e634c0e6f400  c1509b2538c41ef5    200   907    907      305   1168   22(0)     17(184)     0     0
  81  10d9722718d8502e  2717d3e25d6770de  c5cfa26a8c583001    200   917    917      306   1167   22(0)     19(181)     0     0
  82  11813f6e25a732da  d3afe84c18743e7f  f78367ccc9155c96    200   925    925      317   1196   21(0)     20(180)     0     0
  83  da86904c496f914b  ec413993fff9ed48  73e074b60a425b08    200   922    922      319   1206   22(0)     17(184)     0     0
  84  6b44c026fb6bcd63  1164018aa52b589d  a02bfb428d71fa23    200   938    938      323   1215   21(0)     19(179)     0     0
  85  4442a0903116ce4d  77dfe86ee0625848  aecd9e31cd5484a9    200   941    941      322   1219   21(0)     19(179)     0     0
  86  5a263ed763d9ba5f  a1a6a4f9f19182b8  5d2ddd72ae531f01    200   940    940      329   1251   22(0)     19(180)     0     0
  87  4b48fb3234a12a35  1f1953e1fafe2819  362c3a692a1729ca    200   949    949      339   1284   22(0)     21(176)     0     0
  88  51cced808c42d32d  69b118f2a74bf836  9004ecb6c921c983    200   956    956      343   1302   21(0)     20(177)     0     0
  89  00972740c00892a2  a45f780c07fe488c  f04b3436e488313e    200   974    974      348   1317   20(0)     17(181)     0     0
  90  4ed38d0928786863  ed314ee897eb24b4  ed98718b6da2d392    200   983    983      350   1333   21(0)     18(177)     0     0
  91  ebb6c754b636f77d  d9c9048656a47af3  813f6c7eab8754ac    200   987    987      354   1348   21(0)     18(180)     0     0
  92  e1050b8a961dbf3d  cd5fec4af54f5d67  7a1dc529bc632fee    200  1007   1007      359   1363   21(0)     18(180)     0     0
  93  39542b0dd71a5432  15687457c51945cd  206049768d862d79    200  1023   1023      361   1374   21(0)     17(181)     0     0
  94  2541a09eb50e694c  1cb45ef88b51f03c  c36edcb901ad5de9    200  1026   1026      371   1405   21(0)     15(185)     0     0
  95  8171733fcf40dbc4  b54e461f0704bc38  6cae9eec87bc1a86    200  1033   1033      376   1419   21(0)     12(181)     0     0
  96  ca34f217bafa00b7  e1d445caf6b279d2  8912654190ece2a4    200  1042   1042      378   1422   21(0)     11(182)     0     0
  97  95dfc08e19612e11  0fcd84d3cca8198e  4f247e159ea0b2ec    200  1055   1055      377   1420   21(0)     13(181)     0     0
  98  16634ba848782a6a  14edbbb92db8d8ba  522622ec85ea99ae    200  1056   1056      384   1445   21(0)     12(181)     0     0
  99  618ebcfe2bb7be45  86ae9e6d716c83c3  7d14d4eda89511a1    200  1067   1067      388   1459   21(0)     13(181)     0     0
 100  3d9889689917dd67  8d10f62c7c839c6f  2c23e579e52fa006    200  1077   1077      392   1481   21(0)     14(184)     0     0
 101  ff598450fa3b1620  276236589ac99753  19cd77f725eca597    200  1091   1091      391   1478   22(0)     17(181)     0     0
 102  0a38dd9a524591fa  e27cea23410da7d8  00419d402d6a74e9    200  1104   1104      396   1492   20(0)     16(182)     0     0
 103  ba459ef7f1a758b3  a2914ebd80e6d1e6  8d3bf9b481ebce42    200  1111   1111      410   1540   21(0)     13(185)     0     0
 104  9085e4741dc0d0c4  a1f0236719880630  b5dc179d6a2603d8    200  1123   1123      408   1533   21(0)     11(188)     0     0
 105  6d3bc0940d0ccf41  d3bd1ab26c5d1e5d  d1dde1567086fd13    200  1130   1130      420   1582   22(0)     12(187)     0     0
 106  5b5afd1b12e03c73  a1c64f27693f7130  f08d9cf9526841ff    200  1138   1138      420   1592   21(0)      7(194)     0     0
 107  18687ae2aa14eff5  46a9dc57c8a0868f  10c0ece9cbfd62b8    200  1150   1150      427   1610   21(0)      7(193)     0     0
 108  b20661272b1eceb3  92377b6090b7e184  7276520b02ccb8e6    200  1150   1150      431   1624   21(0)      7(194)     0     0
 109  73d6995af31be5e8  efd1d4a0d6a4c661  15058e3d799cd719    200  1160   1160      430   1622   22(0)      8(189)     0     0
 110  e86adb606bab2b57  6b2b404b5ae4b0c7  f0aba3153b55a1e6    200  1167   1167      433   1629   22(0)     10(191)     0     0
 111  f6c0ff909476cb1c  1cd0f9670adc6941  b34b3e9319101eb5    200  1168   1168      439   1650   22(0)     11(190)     0     0
 112  5adf4ce4a617c477  5c0ad471b3d3dbf8  f35e17b3ce5ef703    200  1176   1176      442   1664   22(0)     11(190)     0     0
 113  0c0e343a2bc09a56  dec921e4758b17b2  bb7fd508bfb16276    200  1189   1189      447   1679   22(0)     10(191)     0     0
 114  9b4e2b39d6e3f627  042fd72b6332b82c  3ddb3e9deafcbfce    200  1199   1199      450   1687   22(0)     10(191)     0     0
 115  0ecd3fa5bb6fe042  c371007d2661de84  08e7f6a42ea35559    200  1203   1203      452   1693   22(0)     10(191)     0     0
 116  597e823af0b584fe  39c950e48954a760  f1fbc65a433951ba    200  1205   1205      452   1697   22(0)     10(191)     0     0
 117  ffd6ae926510a454  64f428b9fb848531  a93c379f45bf35e8    200  1211   1211      457   1720   22(0)      9(192)     0     0
 118  4cc1d5ba76c64f79  aac6b6f96b8bcc78  eed5b49a48fa8396    200  1216   1216      458   1710   22(0)      7(194)     0     0
 119  453761a5d9bb7dfb  4d39629c2a136e36  11b71c4d5b847b48    200  1216   1216      460   1713   22(0)      7(193)     0     0
 120  c8cee9f18e20d5ea  6b178c49a6e4a970  ff32c46d18cfc604    200  1221   1221      460   1710   22(0)      6(194)     0     0
 180  d7d799dc83ece0ad  eb85d5337cc861ae  24696b953b47d6c2    195  1247   1235      484   1809   23(0)      2(194)     0     0
 240  d45a20307c9650df  47b879dbb8f16f0b  5c04a2ef101768a7    194  1260   1246      495   1855   23(0)      1(194)     0     0
 300  f6a98eba75afe156  5e19f21b69262205  5743aa701f85364e    194  1263   1249      498   1867   23(0)      1(194)     0     0
 360  9fe14eb74ddfbd72  4e522c6ad94be36f  65bbcd208fe83739      0  1263      0      498   1867    0(0)      0(0)     0     0
 420  9fe14eb74ddfbd72  4e522c6ad94be36f  65bbcd208fe83739      0  1263      0      498   1867    0(0)      0(0)     0     0
 480  9fe14eb74ddfbd72  4e522c6ad94be36f  65bbcd208fe83739      0  1263      0      498   1867    0(0)      0(0)     0     0
 540  9fe14eb74ddfbd72  4e522c6ad94be36f  65bbcd208fe83739      0  1263      0      498   1867    0(0)      0(0)     0     0
 600  9fe14eb74ddfbd72  4e522c6ad94be36f  65bbcd208fe83739      0  1263      0      498   1867    0(0)      0(0)     0     0
 660  9fe14eb74ddfbd72  4e522c6ad94be36f  65bbcd208fe83739      0  1263      0      498   1867    0(0)      0(0)     0     0
 720  9fe14eb74ddfbd72  4e522c6ad94be36f  65bbcd208fe83739      0  1263      0      498   1867    0(0)      0(0)     0     0
 780  9fe14eb74ddfbd72  4e522c6ad94be36f  65bbcd208fe83739      0  1263      0      498   1867    0(0)      0(0)     0     0
 840  9fe14eb74ddfbd72  4e522c6ad94be36f  65bbcd208fe83739      0  1263      0      498   1867    0(0)      0(0)     0     0
 900  9fe14eb74ddfbd72  4e522c6ad94be36f  65bbcd208fe83739      0  1263      0      498   1867    0(0)      0(0)     0     0
 960  9fe14eb74ddfbd72  4e522c6ad94be36f  65bbcd208fe83739      0  1263      0      498   1867    0(0)      0(0)     0     0
1020  9fe14eb74ddfbd72  4e522c6ad94be36f  65bbcd208fe83739      0  1263      0      498   1867    0(0)      0(0)     0     0
1080  9fe14eb74ddfbd72  4e522c6ad94be36f  65bbcd208fe83739      0  1263      0      498   1867    0(0)      0(0)     0     0
1140  9fe14eb74ddfbd72  4e522c6ad94be36f  65bbcd208fe83739      0  1263      0      498   1867    0(0)      0(0)     0     0
1200  9fe14eb74ddfbd72  4e522c6ad94be36f  65bbcd208fe83739      0  1263      0      498   1867    0(0)      0(0)     0     0
threads 1: 0.682 ms/tick, saturations 0, floating-point sentinel clean; per-tick hashes (reference)
threads 8: 0.475 ms/tick, saturations 0, floating-point sentinel clean; per-tick hashes identical
solve: every dynamic body asleep from tick 306; deepest point -0.183687 m (tick 62, bodies 111 136), at rest (the 60 ticks before every body sleeps, or the last 60) -0.0100732 m (tick 269, bodies 35 166); at most 293 dispatches a tick
rest: after tick 1200, over every touching pair (sleeping ones too): deepest point -0.0100558 m (bodies 35 166), 498 touching pairs
ref: twin (threads 1) identical to the reference (138 tick lines and the run hash; the reference's twin: MSVC 194234435, x64, contraction off)
ref: twin (threads 8) identical to the reference (138 tick lines and the run hash; the reference's twin: MSVC 194234435, x64, contraction off)
toy V4 pile200: run hash ab78b2be4daa5804, final bodies 9fe14eb74ddfbd72 manifolds 4e522c6ad94be36f stages 65bbcd208fe83739, threads agree, saturations 0 (twin: clang 18.1.3 (1ubuntu1), aarch64, contraction off)
