toy pile200, dialect V4, 1200 ticks, threads 1 8; gravity 10, sleep on, contact recycling on
twin: clang 18.1.3 (1ubuntu1), aarch64, contraction off
layout sizes C/twin: Hull 68/68 HullFace 24/24 BodyState 60/60 BodyPose 40/40 BodyMass 80/80 Aabb 32/32 Params 184/184 Hash2 8/8 V3 12/12 Pair 24/24 Manifold 348/348 SatAxis 72/72 NarrowDiag 64/64 Constraint 460/460
scene pile200 (seed 1): 205 bodies (5 static), 203 hulls (40 irregular chunks, 16 redrawn), largest hull 14 vertices 9 faces 42 half-edges; mass 5.309 to 55.65 kg; quantisation range errors 0
  hull 0 (box 12 x 1 x 12 m): volume 144 (8abc 144), Ixx/density 1740 (V(b^2+c^2)/3 1740), Ixy -0
start: every position, orientation and velocity exact in V4 (the grid moved 7 values off their float)
tick  bodies-hash       manifolds-hash    stages-hash       awake pairs active touching points colours(ovf) islands(largest) slept woken
   1  1b6d08a1048eed3b  0095df9bcfd1da7f  3f01c69ff9767d9d    200     1      1        0      0    1(0)    200(1)     0     0
   2  3d479f379eda26ac  c06bef31f9d50eb2  4f7b7497340a0071    200     1      1        0      0    1(0)    200(1)     0     0
   3  a9ffd013435195fc  c06bef31f9d50eb2  4f7b7497340a0071    200     1      1        0      0    1(0)    200(1)     0     0
   4  9c8279831b5f9ce8  c06bef31f9d50eb2  4f7b7497340a0071    200     1      1        0      0    1(0)    200(1)     0     0
   5  50077ac8a53b217e  c06bef31f9d50eb2  4f7b7497340a0071    200     1      1        0      0    1(0)    200(1)     0     0
   6  880a96cc856d15a5  c06bef31f9d50eb2  4f7b7497340a0071    200     1      1        0      0    1(0)    200(1)     0     0
   7  1941fe74427a9ef3  c06bef31f9d50eb2  4f7b7497340a0071    200     1      1        0      0    1(0)    200(1)     0     0
   8  4c117fc085786d73  c06bef31f9d50eb2  4f7b7497340a0071    200     1      1        0      0    1(0)    200(1)     0     0
   9  749a71609100eb35  c06bef31f9d50eb2  4f7b7497340a0071    200     1      1        0      0    1(0)    200(1)     0     0
  10  72758ffcf5b2db8b  c06bef31f9d50eb2  4f7b7497340a0071    200     1      1        0      0    1(0)    200(1)     0     0
  11  ec3f2ed4b268b44a  c06bef31f9d50eb2  4f7b7497340a0071    200     1      1        0      0    1(0)    200(1)     0     0
  12  c49957eae4aba205  c06bef31f9d50eb2  4f7b7497340a0071    200     1      1        0      0    1(0)    200(1)     0     0
  13  4fc81d5704cf8df2  c06bef31f9d50eb2  4f7b7497340a0071    200     1      1        0      0    1(0)    200(1)     0     0
  14  72defd89583b66f9  c06bef31f9d50eb2  4f7b7497340a0071    200     1      1        0      0    1(0)    200(1)     0     0
  15  6c1a0d5b8b826646  c06bef31f9d50eb2  4f7b7497340a0071    200     1      1        0      0    1(0)    200(1)     0     0
  16  4a894b2e9aaf2b60  c06bef31f9d50eb2  4f7b7497340a0071    200     1      1        0      0    1(0)    200(1)     0     0
  17  4e390d735eedb5db  c06bef31f9d50eb2  4f7b7497340a0071    200     1      1        0      0    1(0)    200(1)     0     0
  18  8b613661851a63de  c06bef31f9d50eb2  4f7b7497340a0071    200     1      1        0      0    1(0)    200(1)     0     0
  19  ce63cfc20dc003ca  c06bef31f9d50eb2  4f7b7497340a0071    200     1      1        0      0    1(0)    200(1)     0     0
  20  4710ffc70eaeb4c9  c06bef31f9d50eb2  4f7b7497340a0071    200     1      1        0      0    1(0)    200(1)     0     0
  21  f84633f13b14508b  c06bef31f9d50eb2  4f7b7497340a0071    200     1      1        0      0    1(0)    200(1)     0     0
  22  b678ee41513728f2  c06bef31f9d50eb2  4f7b7497340a0071    200     1      1        0      0    1(0)    200(1)     0     0
  23  65febed9e001cce4  c06bef31f9d50eb2  4f7b7497340a0071    200     1      1        0      0    1(0)    200(1)     0     0
  24  6ce5f821df880882  c06bef31f9d50eb2  4f7b7497340a0071    200     1      1        0      0    1(0)    200(1)     0     0
  25  54d3c654e21fdab9  c06bef31f9d50eb2  4f7b7497340a0071    200     1      1        0      0    1(0)    200(1)     0     0
  26  2e5fbcbe8d146844  2ed5eaf70c624ce8  4f7b7497340a0071    200     1      1        0      0    1(0)    200(1)     0     0
  27  41bf6b0cb4aa43bf  2ed5eaf70c624ce8  4f7b7497340a0071    200     1      1        0      0    1(0)    200(1)     0     0
  28  e3dec08a15e339db  2ed5eaf70c624ce8  4f7b7497340a0071    200     1      1        0      0    1(0)    200(1)     0     0
  29  e7e7cc5a855e87e6  2ed5eaf70c624ce8  4f7b7497340a0071    200     1      1        0      0    1(0)    200(1)     0     0
  30  7329c37e59332884  2ed5eaf70c624ce8  4f7b7497340a0071    200     1      1        0      0    1(0)    200(1)     0     0
  31  02c97b2918a3364c  2ed5eaf70c624ce8  4f7b7497340a0071    200     1      1        0      0    1(0)    200(1)     0     0
  32  009784c5e26cae66  2ed5eaf70c624ce8  4f7b7497340a0071    200     1      1        0      0    1(0)    200(1)     0     0
  33  c3d405bd9f205490  2ed5eaf70c624ce8  4f7b7497340a0071    200     1      1        0      0    1(0)    200(1)     0     0
  34  6f8ae0bc385e6740  2ed5eaf70c624ce8  4f7b7497340a0071    200     1      1        0      0    1(0)    200(1)     0     0
  35  bb7c4e533841f74d  2ed5eaf70c624ce8  4f7b7497340a0071    200     1      1        0      0    1(0)    200(1)     0     0
  36  2bee3bcd703b71a3  2ed5eaf70c624ce8  4f7b7497340a0071    200     1      1        0      0    1(0)    200(1)     0     0
  37  bad2da58dd9fcbd6  2ed5eaf70c624ce8  4f7b7497340a0071    200     1      1        0      0    1(0)    200(1)     0     0
  38  2e25915a4018cca1  2ed5eaf70c624ce8  4f7b7497340a0071    200     1      1        0      0    1(0)    200(1)     0     0
  39  b3950141c8636725  2ed5eaf70c624ce8  4f7b7497340a0071    200     1      1        0      0    1(0)    200(1)     0     0
  40  18e202a5a41ccd6a  2ed5eaf70c624ce8  4f7b7497340a0071    200     1      1        0      0    1(0)    200(1)     0     0
  41  8de1b75ef3249ac5  2ed5eaf70c624ce8  4f7b7497340a0071    200     1      1        0      0    1(0)    200(1)     0     0
  42  e21293f3dd35c4cc  2ed5eaf70c624ce8  4f7b7497340a0071    200     1      1        0      0    1(0)    200(1)     0     0
  43  fe4b9bdcdc7eab84  2ed5eaf70c624ce8  4f7b7497340a0071    200     1      1        0      0    1(0)    200(1)     0     0
  44  e7bd41cabfe6a1ea  2ed5eaf70c624ce8  4f7b7497340a0071    200     1      1        0      0    1(0)    200(1)     0     0
  45  b3318c69797629e7  573dc7910fb82963  af0e726fd15c6697    200    24     24        0      0    2(0)    200(1)     0     0
  46  4c4e889e2922df72  06bdd6bfa9bc3b2e  b18c120be6f7ce73    200    26     26       23     92    2(0)    200(1)     0     0
  47  5bd610970f330f48  fd809212e7076f93  f6f65912b9b919a4    200    35     35       25    100    2(0)    200(1)     0     0
  48  537dc345232e45b0  bb2bfc33a63e3682  0b9dfa8dfc92359c    200    46     46       33    128    2(0)    200(1)     0     0
  49  1191b2ea2531613b  3f2d856a2efdfd5a  d4436054da027abe    200    52     52       47    184    3(0)    190(2)     0     0
  50  a58f288831b84321  36e4da43023a83ca  6a895f6c1fa6ff09    200    62     62       47    186    3(0)    177(2)     0     0
  51  d9dfe03a20964da0  d6a7ac2f482fa0fd  7f609ba3085a0994    200    75     75       54    214    3(0)    177(3)     0     0
  52  3e7289210f438fcf  f828ebd808892f54  868cc6effddbbebb    200    80     80       67    264    4(0)    170(3)     0     0
  53  30a524b9338e05fa  6bcda915560d83a0  af80ab0aafe46f17    200    91     91       70    277    4(0)    157(3)     0     0
  54  4c6eaf0513f3a1b7  3b383684502fba5b  2d47df5a56f0e711    200   106    106       82    319    4(0)    152(4)     0     0
  55  58dff0d3123174b4  4dada686f489d32f  457362ad3e17a234    200   120    120       93    363    5(0)    142(4)     0     0
  56  edaebd0f9ee40762  5a9ca6f26ef6bb81  95b0ed8e7fb102c5    200   135    135      103    407    6(0)    133(4)     0     0
  57  360731506e43a9a7  b1ce1856499fd031  e70551e52d63f40b    200   151    151      113    449    6(0)    125(5)     0     0
  58  c6833eb4c6b18d0f  d3ef3cc46bd9e25a  8015b084522a92d9    200   172    172      121    476    8(0)    115(5)     0     0
  59  6a5546470c0b02c5  1bf2022e6c4a357b  d483438855c0c75e    200   197    197      126    501    9(0)    106(6)     0     0
  60  c7bb82c4afe7a940  c6efe82331d07d71  f278687425ba18fa    200   228    228      137    540   10(0)    102(6)     0     0
  61  4d165415e2b742c2  c4f20d623c06b139  d06faea831505959    200   259    259      148    585   10(0)     92(6)     0     0
  62  6a0ba03dd3199502  b369761d86cc628b  035f8a00e33a2e9a    200   291    291      162    636   10(0)     85(11)     0     0
  63  3dad154bf4580ee1  a70d3e1224b53456  d5c5046b4112236e    200   325    325      168    654   11(0)     75(12)     0     0
  64  698cc79e7f1079f9  8d409aaad6bc9632  4258f6dcf2641179    200   357    357      177    699   11(0)     70(25)     0     0
  65  5fb82b405600c279  9b80364ce52a9a12  bffba62edd9de890    200   399    399      195    771   12(0)     59(19)     0     0
  66  368b6a9b1ab6feba  a3dadee49e423310  0cbdd81f36da60b6    200   429    429      208    817   13(0)     52(20)     0     0
  67  d2a7d8cee1c9adae  5fcafcbad06f5988  84f2eccd148b3a38    200   476    476      218    852   15(0)     44(25)     0     0
  68  f79436ce5a6939b8  589d303a955f8f26  86407eb6c72a9dc5    200   517    517      224    876   14(0)     37(23)     0     0
  69  2b653823d1dcd027  bfb7f3c7ce2b9da0  59c3ec7edba502cf    200   545    545      236    909   14(0)     33(38)     0     0
  70  3726883c2efad980  db17c0d07be9a49d  a8e351f0b5a51eaf    200   589    589      237    919   14(0)     28(55)     0     0
  71  457f189ec66d040d  2440659de27b06a1  db8a03743f2c95e3    200   637    637      244    953   15(0)     29(55)     0     0
  72  5c0aba1e6e42ebb6  451acd02eacffded  5586bba7fc2507cc    200   667    667      255    986   17(0)     26(92)     0     0
  73  63df540b1f1226ee  3fe5fa87ac8e6ecf  f54c3bea770e9549    200   695    695      263   1032   17(0)     23(100)     0     0
  74  cd8323d483b66236  2c81477b68cb9862  d8626f5ecea161fc    200   720    720      282   1090   16(0)     20(110)     0     0
  75  217cee9a5828b1ee  c8ceb6d3661959af  0a5410364a472024    200   741    741      275   1066   16(0)     21(139)     0     0
  76  f57f2cc86158eeb1  c4a2fc4aacf24fc2  fb73475c4427a778    200   746    746      275   1061   16(0)     22(92)     0     0
  77  1e39972aab6c771e  06f7a52c73236639  c0609cd848107f0c    200   753    753      274   1063   16(0)     22(111)     0     0
  78  79af523caaf9cbcf  6f43eb5c64feaf76  1bdd75553e5121b8    200   768    768      277   1070   16(0)     27(158)     0     0
  79  863980ef10b00463  770e930dc4bb90c2  f75e0117fe90c16e    200   777    777      278   1074   16(0)     29(158)     0     0
  80  06054b60e582aa4b  b569186093bb02b2  7297637ab3ad7909    200   782    782      282   1089   18(0)     27(165)     0     0
  81  dc3dfcdda83df2f8  e0e6a2e155d9eeac  6ec2650cd68d6410    200   775    775      279   1075   18(0)     23(172)     0     0
  82  3b509f3fb9157df5  d77f14e06c052a3d  028246ea7e5e3b2f    200   793    793      294   1121   17(0)     25(154)     0     0
  83  46cab94a61445984  8a6ff7510353e5f8  8aeabef1161d7ca9    200   812    812      295   1128   16(0)     22(172)     0     0
  84  2e5d346abee8ce28  7bea0f1af391936f  57e00701d01d7e77    200   816    816      296   1133   16(0)     22(169)     0     0
  85  98276d5db8468f61  d92b58cab76ac260  835513caa5c5384f    200   830    830      298   1145   17(0)     25(165)     0     0
  86  c448d981e219791c  0d19e5fd8cfe4b27  e5c1c9f2bb0a5021    200   846    846      305   1171   16(0)     24(166)     0     0
  87  48fe5d657d5fc19f  dd783921ee052c46  01de5a1f01e9f843    200   855    855      315   1208   17(0)     25(163)     0     0
  88  042714ff5cf744a3  bac14ec491460b8b  971fdbf99bab829e    200   870    870      324   1236   17(0)     24(168)     0     0
  89  c497cd98fff40786  239c6a3aa40427da  31a8b5f578ebb138    200   880    880      329   1254   19(0)     21(175)     0     0
  90  5c494e21ef0c37fc  b3bf90102f3b6810  62eafa8afc98dd1a    200   882    882      336   1288   17(0)     20(176)     0     0
  91  d7f20de4233664e7  2f28cab0b5bd8217  1364dc844cd25490    200   892    892      339   1306   17(0)     19(175)     0     0
  92  a8b0fcd7be86f47c  f7fbbd36d4edea82  fe733f61a858a568    200   905    905      344   1324   18(0)     20(174)     0     0
  93  abf24928c05ceedf  010e245eb35c5966  ce63cebcb9fe79f7    200   916    916      345   1332   19(0)     22(172)     0     0
  94  55b923f3c83485b6  6942f98d83a2a137  454716a4a44a9d38    200   917    917      347   1339   18(0)     21(174)     0     0
  95  b2bd465d36238066  04b94865bcfd0117  277899cf7a179589    200   940    940      343   1321   17(0)     17(180)     0     0
  96  026c979abdf299da  b99988ec3ab3153f  92a3566e3fa45275    200   949    949      346   1333   18(0)     18(179)     0     0
  97  eb2e97372be2e499  89d1dbbfd74df3b3  6a27db289054f1c1    200   964    964      347   1329   18(0)     18(181)     0     0
  98  62f5a2e5e8735ffb  ff19b5f972001315  525a7553c7a571a0    200   965    965      340   1292   19(0)     19(180)     0     0
  99  659d45582aca0377  b0960c3c89ee1f8c  e771ce9bf6ced7f1    200   975    975      340   1298   20(0)     22(176)     0     0
 100  b38503e9e7e7ffc0  1e13265847050a11  696c5b54634b12cd    200   974    974      349   1337   20(0)     23(173)     0     0
 101  d9b95f50ea24d40c  86424f99afef02cc  383abad53e9add70    200   990    990      355   1357   20(0)     22(174)     0     0
 102  1a393c1a48a8c224  3ede97f73a262ea7  04f877cc3993fe7b    200  1000   1000      355   1354   20(0)     18(178)     0     0
 103  bab32e90e8826749  bc727bd02b42b370  9aa957faac553f81    200  1004   1004      361   1375   19(0)     15(179)     0     0
 104  e01ff233e7830bf5  27e59bd58b3500e0  79057a41498cf33d    200  1014   1014      369   1404   20(0)     15(180)     0     0
 105  3395ffdc80d1184c  81fa1241fb7f0260  10979f7c2cb401be    200  1037   1037      377   1425   21(0)     12(187)     0     0
 106  5a1b6bb81686fe46  2f66978f66048548  9785725f30456b77    200  1047   1047      390   1482   21(0)      8(191)     0     0
 107  905beb85ec3169c1  ab3ffe3b244cfc48  09469aebcf51c174    200  1052   1052      393   1495   21(0)     10(190)     0     0
 108  128d629fdfa771ff  0c2ac773b1f3a8ce  dd1c82828f0e7677    200  1065   1065      398   1516   22(0)     10(190)     0     0
 109  bfdf2f237ba8b619  c91670dd57451154  3eb5ef28f0ab8131    200  1071   1071      400   1526   22(0)     12(179)     0     0
 110  6b2bc62276b89643  c1c269a470faa630  808e2b3a7c3506ce    200  1082   1082      409   1563   23(0)     12(179)     0     0
 111  79168a8cbc1d000d  344a160f78a2f3c7  ebc41327a9e84212    200  1095   1095      406   1557   23(0)      9(190)     0     0
 112  e9239a2c944183c1  43c4ba3edbc47275  6d3bde680c0b1327    200  1100   1100      412   1575   22(0)     10(189)     0     0
 113  48c6d225e784c680  89e528b00a6430a6  0190546d0ffc5ae9    200  1092   1092      413   1583   21(0)     10(189)     0     0
 114  0a635f9e1ba4c893  080ac0d134a4cc35  7b9327a7ce41d6dc    200  1101   1101      420   1608   21(0)     11(188)     0     0
 115  6b75d9daea4b30a2  a7deb9feb5273c6f  2358aa5e09131b36    200  1110   1110      423   1612   21(0)     12(187)     0     0
 116  7b440fd8d763e967  1653f415c9a176f1  d9cd0c25566508fe    200  1115   1115      425   1613   21(0)     12(187)     0     0
 117  00d1683c7a94cd75  b82e54ddd4e5f9fc  98172bc5a458ddfc    200  1123   1123      429   1630   21(0)     14(185)     0     0
 118  fb5c5f07cdb16016  fb1f27cb998a378c  2b9d50bd3d7fe035    200  1135   1135      432   1654   23(0)     12(187)     0     0
 119  306ed3a4d097edc0  35e6e0b71a500d93  48b511fd877b4007    200  1139   1139      432   1660   23(0)     11(188)     0     0
 120  a35d149695e0d762  9a20531094fa7124  6cecff70a4c8f682    200  1146   1146      443   1699   23(0)     11(187)     0     0
 180  ceb75436f5dba5a1  d92e2bca0d991210  92845ad57670b2d4    193  1221   1207      508   1942   22(0)      1(193)     0     0
 240  c85926a86024f2b0  74050ab20a843158  e57316737c22828f    193  1223   1209      508   1941   22(0)      1(193)     0     0
 300  0480f2f99622a5ed  1a351e079e5693d8  61a3a8e57e6794ab      0  1223      0      508   1941    0(0)      0(0)     0     0
 360  0480f2f99622a5ed  1a351e079e5693d8  61a3a8e57e6794ab      0  1223      0      508   1941    0(0)      0(0)     0     0
 420  0480f2f99622a5ed  1a351e079e5693d8  61a3a8e57e6794ab      0  1223      0      508   1941    0(0)      0(0)     0     0
 480  0480f2f99622a5ed  1a351e079e5693d8  61a3a8e57e6794ab      0  1223      0      508   1941    0(0)      0(0)     0     0
 540  0480f2f99622a5ed  1a351e079e5693d8  61a3a8e57e6794ab      0  1223      0      508   1941    0(0)      0(0)     0     0
 600  0480f2f99622a5ed  1a351e079e5693d8  61a3a8e57e6794ab      0  1223      0      508   1941    0(0)      0(0)     0     0
 660  0480f2f99622a5ed  1a351e079e5693d8  61a3a8e57e6794ab      0  1223      0      508   1941    0(0)      0(0)     0     0
 720  0480f2f99622a5ed  1a351e079e5693d8  61a3a8e57e6794ab      0  1223      0      508   1941    0(0)      0(0)     0     0
 780  0480f2f99622a5ed  1a351e079e5693d8  61a3a8e57e6794ab      0  1223      0      508   1941    0(0)      0(0)     0     0
 840  0480f2f99622a5ed  1a351e079e5693d8  61a3a8e57e6794ab      0  1223      0      508   1941    0(0)      0(0)     0     0
 900  0480f2f99622a5ed  1a351e079e5693d8  61a3a8e57e6794ab      0  1223      0      508   1941    0(0)      0(0)     0     0
 960  0480f2f99622a5ed  1a351e079e5693d8  61a3a8e57e6794ab      0  1223      0      508   1941    0(0)      0(0)     0     0
1020  0480f2f99622a5ed  1a351e079e5693d8  61a3a8e57e6794ab      0  1223      0      508   1941    0(0)      0(0)     0     0
1080  0480f2f99622a5ed  1a351e079e5693d8  61a3a8e57e6794ab      0  1223      0      508   1941    0(0)      0(0)     0     0
1140  0480f2f99622a5ed  1a351e079e5693d8  61a3a8e57e6794ab      0  1223      0      508   1941    0(0)      0(0)     0     0
1200  0480f2f99622a5ed  1a351e079e5693d8  61a3a8e57e6794ab      0  1223      0      508   1941    0(0)      0(0)     0     0
threads 1: 0.631 ms/tick, saturations 0, floating-point sentinel clean; per-tick hashes (reference)
threads 8: 0.425 ms/tick, saturations 0, floating-point sentinel clean; per-tick hashes identical
solve: every dynamic body asleep from tick 272; deepest point -0.168564 m (tick 65, bodies 172 197), at rest (the 60 ticks before every body sleeps, or the last 60) -0.00743961 m (tick 225, bodies 151 177); at most 293 dispatches a tick
rest: after tick 1200, over every touching pair (sleeping ones too): deepest point -0.0069654 m (bodies 25 145), 508 touching pairs
ref: twin (threads 1) identical to the reference (138 tick lines and the run hash; the reference's twin: MSVC 194234435, x64, contraction off)
ref: twin (threads 8) identical to the reference (138 tick lines and the run hash; the reference's twin: MSVC 194234435, x64, contraction off)
toy V4 pile200: run hash 0d00672e56320956, final bodies 0480f2f99622a5ed manifolds 1a351e079e5693d8 stages 61a3a8e57e6794ab, threads agree, saturations 0 (twin: clang 18.1.3 (1ubuntu1), aarch64, contraction off)
