b3ref2 pile200 (seed 8), 120 ticks: Box3D, 60 Hz, 4 substeps, gravity -10, hertz 30, damping 10, push 3 m/s, restitution threshold 1 m/s, sleep on, contact recycling on (0.05 m), continuous off, 1 worker, mass from the scene (b3Body_SetMassData)
hulls: 203 (163 boxes through b3MakeBoxHull, 40 through b3CreateHull), vertex/face/edge counts differ on 0; Box3D's centroid at most 3.65e-08 m from the scene's centre of mass, volume within 1.97e-07 (relative)
mass from Box3D's shapes against the scene's: mass within 2.16e-07 (relative, body 104), centre within 3.65e-08 m, inertia within 1.21e-06 (relative Frobenius, body 149); the scene's values set
traj /Users/matthewabbott/lpf-m11/lab/gpu/results/mac-m5/rosetta-toy/accept/pilehead-s8.Box3D.traj: 121 records of 205 bodies, every 1 ticks
tick  stepped awake-after touching points deepest
   1      200         200        0      0 0
   2      200         200        0      0 0
   3      200         200        0      0 0
   4      200         200        0      0 0
   5      200         200        0      0 0
   6      200         200        0      0 0
   7      200         200        0      0 0
   8      200         200        0      0 0
   9      200         200        0      0 0
  10      200         200        0      0 0
  11      200         200        0      0 0
  12      200         200        0      0 0
  13      200         200        0      0 0
  14      200         200        0      0 0
  15      200         200        0      0 0
  16      200         200        0      0 0
  17      200         200        0      0 0
  18      200         200        0      0 0
  19      200         200        0      0 0
  20      200         200        0      0 0
  21      200         200        0      0 0
  22      200         200        0      0 0
  23      200         200        0      0 0
  24      200         200        0      0 0
  25      200         200        0      0 0
  26      200         200        0      0 0
  27      200         200        0      0 0
  28      200         200        0      0 0
  29      200         200        0      0 0
  30      200         200        0      0 0
  31      200         200        0      0 0
  32      200         200        0      0 0
  33      200         200        0      0 0
  34      200         200        0      0 0
  35      200         200        0      0 0
  36      200         200        0      0 0
  37      200         200        0      0 0
  38      200         200        0      0 0
  39      200         200        0      0 0
  40      200         200        0      0 0
  41      200         200        0      0 0
  42      200         200        0      0 0
  43      200         200        0      0 0
  44      200         200        0      0 0
  45      200         200        1      4 -0.00364023
  46      200         200       25    100 -0.0967817
  47      200         200       26    104 -0.0537853
  48      200         200       32    124 -0.0547489
  49      200         200       47    182 -0.107169
  50      200         200       53    203 -0.0979459
  51      200         200       62    247 -0.107199
  52      200         200       70    278 -0.106663
  53      200         200       78    308 -0.0981599
  54      200         200       91    358 -0.0896381
  55      200         200       99    387 -0.104013
  56      200         200      106    415 -0.106692
  57      200         200      123    478 -0.137681
  58      200         200      131    515 -0.122814
  59      200         200      142    550 -0.107972
  60      200         200      153    597 -0.174454
  61      200         200      161    629 -0.158843
  62      200         200      173    686 -0.146725
  63      200         200      184    715 -0.173072
  64      200         200      195    763 -0.148074
  65      200         200      213    836 -0.142476
  66      200         200      220    861 -0.129152
  67      200         200      219    855 -0.117909
  68      200         200      238    931 -0.10301
  69      200         200      242    946 -0.0988113
  70      200         200      249    978 -0.116678
  71      200         200      261   1017 -0.113361
  72      200         200      257   1006 -0.112571
  73      200         200      262   1013 -0.114561
  74      200         200      278   1075 -0.0779248
  75      200         200      280   1090 -0.0602536
  76      200         200      284   1100 -0.0566837
  77      200         200      287   1107 -0.0329439
  78      200         200      281   1087 -0.0269923
  79      200         200      285   1103 -0.0207903
  80      200         200      284   1090 -0.0221292
  81      200         200      289   1106 -0.0282191
  82      200         200      295   1136 -0.0254139
  83      200         200      303   1175 -0.0391231
  84      200         200      311   1188 -0.0344371
  85      200         200      317   1213 -0.0309076
  86      200         200      324   1247 -0.026375
  87      200         200      326   1251 -0.0256396
  88      200         200      333   1277 -0.035015
  89      200         200      335   1280 -0.0472654
  90      200         200      339   1296 -0.0539209
  91      200         200      342   1306 -0.0339069
  92      200         200      342   1305 -0.0418513
  93      200         200      345   1310 -0.0373158
  94      200         200      349   1329 -0.0424173
  95      200         200      349   1323 -0.0367647
  96      200         200      359   1357 -0.0356287
  97      200         200      366   1394 -0.0303913
  98      200         200      369   1406 -0.0674159
  99      200         200      368   1402 -0.0409493
 100      200         200      362   1387 -0.0388811
 101      200         200      370   1404 -0.0321684
 102      200         200      371   1409 -0.0280377
 103      200         200      372   1410 -0.0254511
 104      200         200      374   1426 -0.0230373
 105      200         200      377   1434 -0.0248987
 106      200         200      385   1469 -0.0249085
 107      200         200      381   1455 -0.0226871
 108      200         200      386   1469 -0.0195131
 109      200         200      393   1496 -0.0296431
 110      200         200      397   1512 -0.0258363
 111      200         200      396   1506 -0.0286748
 112      200         200      400   1518 -0.0247578
 113      200         200      401   1518 -0.0211914
 114      200         200      398   1514 -0.0182951
 115      200         200      400   1521 -0.0159667
 116      200         200      400   1523 -0.0138419
 117      200         200      402   1531 -0.0172367
 118      200         200      404   1539 -0.0150093
 119      200         200      405   1546 -0.01609
 120      200         200      405   1544 -0.0190713
solve: 200 bodies awake at the end; deepest point -0.174454 m (tick 60, bodies 106 131), at rest (the 60 ticks before every body sleeps, or the last 60) -0.173072 m (tick 63, bodies 147 172); Box3D
rest: after tick 120, over every touching pair (sleeping ones too): deepest point -0.0190713 m (bodies 121 146), 405 touching pairs
box3d: 200 bodies awake after the last step
b3ref2 pile200: done, 205 bodies, 1059 contacts (awake 1059) at the end
