b3ref2 pile200 (seed 2), 120 ticks: Box3D, 60 Hz, 4 substeps, gravity -10, hertz 30, damping 10, push 3 m/s, restitution threshold 1 m/s, sleep on, contact recycling on (0.05 m), continuous off, 1 worker, mass from the scene (b3Body_SetMassData)
hulls: 203 (163 boxes through b3MakeBoxHull, 40 through b3CreateHull), vertex/face/edge counts differ on 0; Box3D's centroid at most 7.49e-08 m from the scene's centre of mass, volume within 2.23e-07 (relative)
mass from Box3D's shapes against the scene's: mass within 2.27e-07 (relative, body 204), centre within 7.49e-08 m, inertia within 1.68e-06 (relative Frobenius, body 99); the scene's values set
traj /Users/matthewabbott/lpf-m11/lab/gpu/results/mac-m5/rosetta-toy/accept/pilehead-s2.Box3D.traj: 121 records of 205 bodies, every 1 ticks
tick  stepped awake-after touching points deepest
   1      200         200        0      0 0
   2      200         200        0      0 0
   3      200         200        0      0 0
   4      200         200        0      0 0
   5      200         200        0      0 0
   6      200         200        0      0 0
   7      200         200        0      0 0
   8      200         200        0      0 0
   9      200         200        0      0 0
  10      200         200        0      0 0
  11      200         200        0      0 0
  12      200         200        0      0 0
  13      200         200        0      0 0
  14      200         200        0      0 0
  15      200         200        0      0 0
  16      200         200        0      0 0
  17      200         200        0      0 0
  18      200         200        0      0 0
  19      200         200        0      0 0
  20      200         200        0      0 0
  21      200         200        0      0 0
  22      200         200        0      0 0
  23      200         200        0      0 0
  24      200         200        0      0 0
  25      200         200        0      0 0
  26      200         200        0      0 0
  27      200         200        0      0 0
  28      200         200        0      0 0
  29      200         200        0      0 0
  30      200         200        0      0 0
  31      200         200        0      0 0
  32      200         200        0      0 0
  33      200         200        0      0 0
  34      200         200        0      0 0
  35      200         200        0      0 0
  36      200         200        0      0 0
  37      200         200        0      0 0
  38      200         200        0      0 0
  39      200         200        0      0 0
  40      200         200        0      0 0
  41      200         200        0      0 0
  42      200         200        0      0 0
  43      200         200        0      0 0
  44      200         200        0      0 0
  45      200         200        3     12 -0.00850338
  46      200         200       23     92 -0.103344
  47      200         200       28    108 -0.101365
  48      200         200       29    112 -0.0632406
  49      200         200       45    174 -0.111408
  50      200         200       50    199 -0.0987911
  51      200         200       59    226 -0.0814574
  52      200         200       70    276 -0.108883
  53      200         200       75    297 -0.110666
  54      200         200       80    317 -0.0955055
  55      200         200       91    354 -0.114138
  56      200         200      101    394 -0.117733
  57      200         200      110    434 -0.147764
  58      200         200      121    476 -0.130358
  59      200         200      130    504 -0.108605
  60      200         200      140    550 -0.140092
  61      200         200      147    577 -0.137782
  62      200         200      157    611 -0.123507
  63      200         200      167    656 -0.15065
  64      200         200      176    688 -0.160637
  65      200         200      191    730 -0.139408
  66      200         200      199    778 -0.143972
  67      200         200      209    825 -0.125046
  68      200         200      214    836 -0.108874
  69      200         200      222    865 -0.176697
  70      200         200      227    881 -0.158118
  71      200         200      230    888 -0.136674
  72      200         200      231    891 -0.119818
  73      200         200      229    875 -0.100626
  74      200         200      228    879 -0.085576
  75      200         200      236    904 -0.07291
  76      200         200      236    906 -0.0638971
  77      200         200      243    923 -0.0495339
  78      200         200      246    940 -0.0404767
  79      200         200      247    943 -0.0409356
  80      200         200      250    967 -0.036432
  81      200         200      254    989 -0.032909
  82      200         200      256    992 -0.0506464
  83      200         200      255    989 -0.0334768
  84      200         200      269   1045 -0.0350185
  85      200         200      274   1064 -0.0326768
  86      200         200      268   1042 -0.0294596
  87      200         200      270   1049 -0.0245821
  88      200         200      277   1074 -0.0207725
  89      200         200      281   1083 -0.0181998
  90      200         200      293   1130 -0.0200696
  91      200         200      300   1149 -0.028612
  92      200         200      307   1168 -0.0371744
  93      200         200      310   1193 -0.0311072
  94      200         200      314   1214 -0.0285196
  95      200         200      323   1254 -0.0232655
  96      200         200      332   1292 -0.0193328
  97      200         200      336   1307 -0.0230601
  98      200         200      340   1317 -0.0203371
  99      200         200      341   1313 -0.021543
 100      200         200      348   1344 -0.0225696
 101      200         200      354   1367 -0.0226918
 102      200         200      355   1374 -0.0609207
 103      200         200      362   1396 -0.0523862
 104      200         200      354   1365 -0.0453925
 105      200         200      362   1398 -0.0388238
 106      200         200      366   1411 -0.0357235
 107      200         200      370   1432 -0.0308805
 108      200         200      375   1453 -0.0261806
 109      200         200      383   1480 -0.0531777
 110      200         200      386   1490 -0.0498609
 111      200         200      388   1492 -0.0449531
 112      200         200      394   1512 -0.0405295
 113      200         200      393   1505 -0.0360699
 114      200         200      392   1502 -0.0516538
 115      200         200      394   1509 -0.0291834
 116      200         200      395   1508 -0.0293521
 117      200         200      400   1529 -0.0257665
 118      200         200      404   1541 -0.0231774
 119      200         200      407   1549 -0.0194901
 120      200         200      408   1555 -0.0164666
solve: 200 bodies awake at the end; deepest point -0.176697 m (tick 69, bodies 144 169), at rest (the 60 ticks before every body sleeps, or the last 60) -0.176697 m (tick 69, bodies 144 169); Box3D
rest: after tick 120, over every touching pair (sleeping ones too): deepest point -0.0164666 m (bodies 73 98), 408 touching pairs
box3d: 200 bodies awake after the last step
b3ref2 pile200: done, 205 bodies, 1126 contacts (awake 1126) at the end
