b3ref2 pile200 (seed 3), 3600 ticks: Box3D, 60 Hz, 4 substeps, gravity -10, hertz 30, damping 10, push 3 m/s, restitution threshold 1 m/s, sleep on, contact recycling on (0.05 m), continuous off, 1 worker, mass from the scene (b3Body_SetMassData)
hulls: 203 (163 boxes through b3MakeBoxHull, 40 through b3CreateHull), vertex/face/edge counts differ on 0; Box3D's centroid at most 4.47e-08 m from the scene's centre of mass, volume within 1.93e-07 (relative)
mass from Box3D's shapes against the scene's: mass within 2.08e-07 (relative, body 99), centre within 4.47e-08 m, inertia within 1.87e-06 (relative Frobenius, body 124); the scene's values set
traj /Users/matthewabbott/lpf-m11/lab/gpu/results/mac-m5/rosetta-toy/accept/pile-s3.Box3D.traj: 361 records of 205 bodies, every 10 ticks
tick  stepped awake-after touching points deepest
   1      200         200        0      0 0
   2      200         200        0      0 0
   3      200         200        0      0 0
   4      200         200        0      0 0
   5      200         200        0      0 0
   6      200         200        0      0 0
   7      200         200        0      0 0
   8      200         200        0      0 0
   9      200         200        0      0 0
  10      200         200        0      0 0
  11      200         200        0      0 0
  12      200         200        0      0 0
  13      200         200        0      0 0
  14      200         200        0      0 0
  15      200         200        0      0 0
  16      200         200        0      0 0
  17      200         200        0      0 0
  18      200         200        0      0 0
  19      200         200        0      0 0
  20      200         200        0      0 0
  21      200         200        0      0 0
  22      200         200        0      0 0
  23      200         200        0      0 0
  24      200         200        0      0 0
  25      200         200        0      0 0
  26      200         200        0      0 0
  27      200         200        0      0 0
  28      200         200        0      0 0
  29      200         200        0      0 0
  30      200         200        0      0 0
  31      200         200        0      0 0
  32      200         200        0      0 0
  33      200         200        0      0 0
  34      200         200        0      0 0
  35      200         200        0      0 0
  36      200         200        0      0 0
  37      200         200        0      0 0
  38      200         200        0      0 0
  39      200         200        0      0 0
  40      200         200        0      0 0
  41      200         200        0      0 0
  42      200         200        0      0 0
  43      200         200        0      0 0
  44      200         200        0      0 0
  45      200         200        2      8 0.00679874
  46      200         200       25     99 -0.0859776
  47      200         200       23     92 -0.0451907
  48      200         200       27    102 -0.0769121
  49      200         200       43    162 -0.0889023
  50      200         200       52    199 -0.119953
  51      200         200       53    209 -0.116763
  52      200         200       65    257 -0.095351
  53      200         200       74    295 -0.108647
  54      200         200       82    324 -0.144497
  55      200         200       90    358 -0.130961
  56      200         200       98    385 -0.127055
  57      200         200      116    451 -0.103947
  58      200         200      124    493 -0.147738
  59      200         200      127    497 -0.168755
  60      200         200      137    536 -0.153733
  61      200         200      154    606 -0.142425
  62      200         200      165    638 -0.139255
  63      200         200      171    673 -0.137159
  64      200         200      179    708 -0.216621
  65      200         200      193    756 -0.187974
  66      200         200      209    820 -0.168463
  67      200         200      212    833 -0.167526
  68      200         200      222    872 -0.145136
  69      200         200      233    902 -0.128646
  70      200         200      236    906 -0.113966
  71      200         200      228    880 -0.101806
  72      200         200      239    933 -0.0913581
  73      200         200      244    943 -0.0819916
  74      200         200      257    989 -0.0740381
  75      200         200      266   1023 -0.0666977
  76      200         200      260    992 -0.0596254
  77      200         200      267   1018 -0.0528415
  78      200         200      267   1029 -0.0457253
  79      200         200      262   1017 -0.0407063
  80      200         200      260   1016 -0.0364814
  81      200         200      260   1008 -0.0320911
  82      200         200      266   1031 -0.0276604
  83      200         200      267   1033 -0.0217494
  84      200         200      263   1027 -0.018145
  85      200         200      271   1054 -0.0501502
  86      200         200      281   1084 -0.0446675
  87      200         200      286   1096 -0.038966
  88      200         200      296   1133 -0.0325702
  89      200         200      294   1123 -0.03135
  90      200         200      306   1161 -0.0278099
  91      200         200      305   1157 -0.0260181
  92      200         200      317   1203 -0.022963
  93      200         200      319   1225 -0.0218657
  94      200         200      325   1243 -0.0229036
  95      200         200      329   1253 -0.0456369
  96      200         200      336   1278 -0.0398279
  97      200         200      339   1290 -0.0333558
  98      200         200      339   1297 -0.0309163
  99      200         200      341   1307 -0.0275646
 100      200         200      339   1303 -0.0240169
 101      200         200      342   1321 -0.0216193
 102      200         200      346   1334 -0.019096
 103      200         200      349   1345 -0.0245808
 104      200         200      351   1348 -0.02753
 105      200         200      353   1357 -0.0277255
 106      200         200      357   1368 -0.0250568
 107      200         200      358   1369 -0.0208357
 108      200         200      357   1369 -0.0149911
 109      200         200      362   1377 -0.015285
 110      200         200      366   1384 -0.0182935
 111      200         200      362   1382 -0.015432
 112      200         200      363   1385 -0.0166599
 113      200         200      365   1397 -0.0162592
 114      200         200      372   1423 -0.0203155
 115      200         200      380   1445 -0.0145538
 116      200         200      376   1436 -0.0255746
 117      200         200      376   1432 -0.0320576
 118      200         199      383   1466 -0.0276248
 119      200         200      393   1492 -0.0297699
 120      200         200      394   1492 -0.0262481
 180      197         197      461   1738 -0.0195789
 240      196         196      470   1767 -0.00836527
 300        0           0        0      0 0
 360        0           0        0      0 0
 420        0           0        0      0 0
 480        0           0        0      0 0
 540        0           0        0      0 0
 600        0           0        0      0 0
 660        0           0        0      0 0
 720        0           0        0      0 0
 780        0           0        0      0 0
 840        0           0        0      0 0
 900        0           0        0      0 0
 960        0           0        0      0 0
1020        0           0        0      0 0
1080        0           0        0      0 0
1140        0           0        0      0 0
1200        0           0        0      0 0
1260        0           0        0      0 0
1320        0           0        0      0 0
1380        0           0        0      0 0
1440        0           0        0      0 0
1500        0           0        0      0 0
1560        0           0        0      0 0
1620        0           0        0      0 0
1680        0           0        0      0 0
1740        0           0        0      0 0
1800        0           0        0      0 0
1860        0           0        0      0 0
1920        0           0        0      0 0
1980        0           0        0      0 0
2040        0           0        0      0 0
2100        0           0        0      0 0
2160        0           0        0      0 0
2220        0           0        0      0 0
2280        0           0        0      0 0
2340        0           0        0      0 0
2400        0           0        0      0 0
2460        0           0        0      0 0
2520        0           0        0      0 0
2580        0           0        0      0 0
2640        0           0        0      0 0
2700        0           0        0      0 0
2760        0           0        0      0 0
2820        0           0        0      0 0
2880        0           0        0      0 0
2940        0           0        0      0 0
3000        0           0        0      0 0
3060        0           0        0      0 0
3120        0           0        0      0 0
3180        0           0        0      0 0
3240        0           0        0      0 0
3300        0           0        0      0 0
3360        0           0        0      0 0
3420        0           0        0      0 0
3480        0           0        0      0 0
3540        0           0        0      0 0
3600        0           0        0      0 0
solve: every dynamic body asleep from tick 266; deepest point -0.216621 m (tick 64, bodies 148 173), at rest (the 60 ticks before every body sleeps, or the last 60) -0.0204239 m (tick 226, bodies 133 158); Box3D
rest: after tick 3600, over every touching pair (sleeping ones too): deepest point -0.00835772 m (bodies 21 97), 477 touching pairs
box3d: every dynamic body asleep after step 265 (Box3D's reading: b3Body_IsAwake after the step)
b3ref2 pile200: done, 205 bodies, 1349 contacts (awake 0) at the end
