b3ref2 pile200 (seed 7), 3600 ticks: Box3D, 60 Hz, 4 substeps, gravity -10, hertz 30, damping 10, push 3 m/s, restitution threshold 1 m/s, sleep on, contact recycling on (0.05 m), continuous off, 1 worker, mass from the scene (b3Body_SetMassData)
hulls: 203 (163 boxes through b3MakeBoxHull, 40 through b3CreateHull), vertex/face/edge counts differ on 0; Box3D's centroid at most 5e-08 m from the scene's centre of mass, volume within 1.91e-07 (relative)
mass from Box3D's shapes against the scene's: mass within 2.34e-07 (relative, body 189), centre within 5e-08 m, inertia within 2.05e-06 (relative Frobenius, body 124); the scene's values set
traj /Users/matthewabbott/lpf-m11/lab/gpu/results/mac-m5/toy/accept/pile-s7.Box3D.traj: 361 records of 205 bodies, every 10 ticks
tick  stepped awake-after touching points deepest
   1      200         200        0      0 0
   2      200         200        0      0 0
   3      200         200        0      0 0
   4      200         200        0      0 0
   5      200         200        0      0 0
   6      200         200        0      0 0
   7      200         200        0      0 0
   8      200         200        0      0 0
   9      200         200        0      0 0
  10      200         200        0      0 0
  11      200         200        0      0 0
  12      200         200        0      0 0
  13      200         200        0      0 0
  14      200         200        0      0 0
  15      200         200        0      0 0
  16      200         200        0      0 0
  17      200         200        0      0 0
  18      200         200        0      0 0
  19      200         200        0      0 0
  20      200         200        0      0 0
  21      200         200        0      0 0
  22      200         200        0      0 0
  23      200         200        0      0 0
  24      200         200        0      0 0
  25      200         200        0      0 0
  26      200         200        0      0 0
  27      200         200        0      0 0
  28      200         200        0      0 0
  29      200         200        0      0 0
  30      200         200        0      0 0
  31      200         200        0      0 0
  32      200         200        0      0 0
  33      200         200        0      0 0
  34      200         200        0      0 0
  35      200         200        0      0 0
  36      200         200        0      0 0
  37      200         200        0      0 0
  38      200         200        0      0 0
  39      200         200        0      0 0
  40      200         200        0      0 0
  41      200         200        0      0 0
  42      200         200        0      0 0
  43      200         200        0      0 0
  44      200         200        0      0 0
  45      200         200        2      8 -0.000509441
  46      200         200       24     96 -0.0860592
  47      200         200       27    108 -0.096734
  48      200         200       32    128 -0.0563657
  49      200         200       44    170 -0.112487
  50      200         200       52    207 -0.11172
  51      200         200       61    238 -0.130407
  52      200         200       66    261 -0.133339
  53      200         200       79    308 -0.0954518
  54      200         200       87    346 -0.0809347
  55      200         200       93    367 -0.0742755
  56      200         200      105    417 -0.14824
  57      200         200      111    436 -0.134775
  58      200         200      122    477 -0.121584
  59      200         200      136    523 -0.136059
  60      200         200      146    570 -0.132398
  61      200         200      155    603 -0.122067
  62      200         200      168    661 -0.104719
  63      200         200      177    692 -0.141068
  64      200         200      192    746 -0.15326
  65      200         200      194    764 -0.142086
  66      200         200      210    830 -0.122042
  67      200         200      212    838 -0.155347
  68      200         200      216    845 -0.161362
  69      200         200      222    864 -0.144335
  70      200         200      222    866 -0.123353
  71      200         200      227    890 -0.106909
  72      200         200      237    918 -0.126062
  73      200         200      239    916 -0.0988298
  74      200         200      241    924 -0.0674005
  75      200         200      240    924 -0.0599598
  76      200         200      250    967 -0.0531054
  77      200         200      246    954 -0.0508835
  78      200         200      249    966 -0.0480142
  79      200         200      248    967 -0.0436663
  80      200         200      256    993 -0.050456
  81      200         200      259    992 -0.0431314
  82      200         200      257    992 -0.04367
  83      200         200      262   1007 -0.0447108
  84      200         200      272   1038 -0.0405066
  85      200         200      271   1044 -0.0363977
  86      200         200      281   1074 -0.0314542
  87      200         200      282   1085 -0.0271515
  88      200         200      288   1108 -0.0223482
  89      200         200      295   1131 -0.0188733
  90      200         200      304   1169 -0.019817
  91      200         200      309   1181 -0.0166693
  92      200         200      306   1165 -0.0242063
  93      200         200      306   1174 -0.0368383
  94      200         200      313   1206 -0.0328372
  95      200         200      318   1229 -0.0286745
  96      200         200      318   1229 -0.0278807
  97      200         200      324   1249 -0.0243604
  98      200         200      323   1252 -0.0211812
  99      200         200      323   1253 -0.0232668
 100      200         200      329   1274 -0.0246089
 101      200         200      333   1282 -0.0242952
 102      200         200      336   1293 -0.0212485
 103      200         200      337   1292 -0.0244425
 104      200         200      341   1312 -0.0563197
 105      200         200      338   1308 -0.0323236
 106      200         200      343   1323 -0.0386888
 107      200         200      349   1342 -0.0313628
 108      200         200      351   1348 -0.0268137
 109      200         200      358   1386 -0.0299551
 110      200         200      360   1386 -0.0255151
 111      200         200      370   1426 -0.0394126
 112      200         200      377   1459 -0.0375163
 113      200         200      382   1474 -0.0353322
 114      200         200      386   1483 -0.0320999
 115      200         200      398   1528 -0.0304116
 116      200         200      408   1563 -0.0362994
 117      200         200      411   1573 -0.0340278
 118      200         200      414   1576 -0.0308684
 119      200         200      417   1584 -0.0264564
 120      200         200      417   1582 -0.0241454
 180      196         196      459   1725 -0.0076331
 240      196         196      476   1791 -0.00684821
 300        0           0        0      0 0
 360        0           0        0      0 0
 420        0           0        0      0 0
 480        0           0        0      0 0
 540        0           0        0      0 0
 600        0           0        0      0 0
 660        0           0        0      0 0
 720        0           0        0      0 0
 780        0           0        0      0 0
 840        0           0        0      0 0
 900        0           0        0      0 0
 960        0           0        0      0 0
1020        0           0        0      0 0
1080        0           0        0      0 0
1140        0           0        0      0 0
1200        0           0        0      0 0
1260        0           0        0      0 0
1320        0           0        0      0 0
1380        0           0        0      0 0
1440        0           0        0      0 0
1500        0           0        0      0 0
1560        0           0        0      0 0
1620        0           0        0      0 0
1680        0           0        0      0 0
1740        0           0        0      0 0
1800        0           0        0      0 0
1860        0           0        0      0 0
1920        0           0        0      0 0
1980        0           0        0      0 0
2040        0           0        0      0 0
2100        0           0        0      0 0
2160        0           0        0      0 0
2220        0           0        0      0 0
2280        0           0        0      0 0
2340        0           0        0      0 0
2400        0           0        0      0 0
2460        0           0        0      0 0
2520        0           0        0      0 0
2580        0           0        0      0 0
2640        0           0        0      0 0
2700        0           0        0      0 0
2760        0           0        0      0 0
2820        0           0        0      0 0
2880        0           0        0      0 0
2940        0           0        0      0 0
3000        0           0        0      0 0
3060        0           0        0      0 0
3120        0           0        0      0 0
3180        0           0        0      0 0
3240        0           0        0      0 0
3300        0           0        0      0 0
3360        0           0        0      0 0
3420        0           0        0      0 0
3480        0           0        0      0 0
3540        0           0        0      0 0
3600        0           0        0      0 0
solve: every dynamic body asleep from tick 278; deepest point -0.161362 m (tick 68, bodies 170 195), at rest (the 60 ticks before every body sleeps, or the last 60) -0.00766555 m (tick 221, bodies 125 145); Box3D
rest: after tick 3600, over every touching pair (sleeping ones too): deepest point -0.00685586 m (bodies 8 33), 484 touching pairs
box3d: every dynamic body asleep after step 277 (Box3D's reading: b3Body_IsAwake after the step)
b3ref2 pile200: done, 205 bodies, 1283 contacts (awake 0) at the end
