b3ref2 pile200 (seed 6), 120 ticks: Box3D, 60 Hz, 4 substeps, gravity -10, hertz 30, damping 10, push 3 m/s, restitution threshold 1 m/s, sleep on, contact recycling on (0.05 m), continuous off, 1 worker, mass from the scene (b3Body_SetMassData)
hulls: 203 (163 boxes through b3MakeBoxHull, 40 through b3CreateHull), vertex/face/edge counts differ on 0; Box3D's centroid at most 5.16e-08 m from the scene's centre of mass, volume within 2.77e-07 (relative)
mass from Box3D's shapes against the scene's: mass within 2.55e-07 (relative, body 184), centre within 5.16e-08 m, inertia within 1.19e-06 (relative Frobenius, body 199); the scene's values set
traj /Users/matthewabbott/lpf-m11/lab/gpu/results/mac-m5/toy/accept/pilehead-s6.Box3D.traj: 121 records of 205 bodies, every 1 ticks
tick  stepped awake-after touching points deepest
   1      200         200        0      0 0
   2      200         200        0      0 0
   3      200         200        0      0 0
   4      200         200        0      0 0
   5      200         200        0      0 0
   6      200         200        0      0 0
   7      200         200        0      0 0
   8      200         200        0      0 0
   9      200         200        0      0 0
  10      200         200        0      0 0
  11      200         200        0      0 0
  12      200         200        0      0 0
  13      200         200        0      0 0
  14      200         200        0      0 0
  15      200         200        0      0 0
  16      200         200        0      0 0
  17      200         200        0      0 0
  18      200         200        0      0 0
  19      200         200        0      0 0
  20      200         200        0      0 0
  21      200         200        0      0 0
  22      200         200        0      0 0
  23      200         200        0      0 0
  24      200         200        0      0 0
  25      200         200        0      0 0
  26      200         200        0      0 0
  27      200         200        0      0 0
  28      200         200        0      0 0
  29      200         200        0      0 0
  30      200         200        0      0 0
  31      200         200        0      0 0
  32      200         200        0      0 0
  33      200         200        0      0 0
  34      200         200        0      0 0
  35      200         200        0      0 0
  36      200         200        0      0 0
  37      200         200        0      0 0
  38      200         200        0      0 0
  39      200         200        0      0 0
  40      200         200        0      0 0
  41      200         200        0      0 0
  42      200         200        0      0 0
  43      200         200        0      0 0
  44      200         200        0      0 0
  45      200         200        1      4 0.00905752
  46      200         200       22     88 -0.0896334
  47      200         200       24     96 -0.1046
  48      200         200       30    119 -0.0910882
  49      200         200       44    172 -0.103918
  50      200         200       49    191 -0.124349
  51      200         200       54    204 -0.113975
  52      200         200       66    258 -0.13669
  53      200         200       77    297 -0.145097
  54      200         200       83    322 -0.125729
  55      200         200       94    368 -0.109717
  56      200         200      104    406 -0.0954764
  57      200         200      112    433 -0.0812598
  58      200         200      123    483 -0.13818
  59      200         200      133    515 -0.116676
  60      200         200      147    576 -0.112392
  61      200         200      157    622 -0.145424
  62      200         200      169    669 -0.132161
  63      200         200      182    714 -0.157066
  64      200         200      192    755 -0.156779
  65      200         200      204    801 -0.199134
  66      200         200      209    819 -0.16673
  67      200         200      214    838 -0.145698
  68      200         200      221    862 -0.127566
  69      200         200      230    902 -0.135165
  70      200         200      242    942 -0.119698
  71      200         200      238    927 -0.103402
  72      200         200      232    905 -0.138794
  73      200         200      232    897 -0.0761273
  74      200         200      233    892 -0.0653168
  75      200         200      219    849 -0.0663012
  76      200         200      217    847 -0.0474169
  77      200         200      213    833 -0.0414166
  78      200         200      214    835 -0.048468
  79      200         200      219    849 -0.0402129
  80      200         200      220    846 -0.0439179
  81      200         200      225    871 -0.0266965
  82      200         200      230    884 -0.0222296
  83      200         200      238    917 -0.0182002
  84      200         200      238    929 -0.0195765
  85      200         200      252    965 -0.0289237
  86      200         200      252    966 -0.0181931
  87      200         200      256    995 -0.036205
  88      200         200      265   1030 -0.0276891
  89      200         200      270   1052 -0.0351445
  90      200         200      278   1080 -0.0459096
  91      200         200      284   1109 -0.030929
  92      200         200      289   1122 -0.0271072
  93      200         200      288   1115 -0.0241867
  94      200         200      297   1151 -0.0236072
  95      200         200      302   1165 -0.0207967
  96      200         200      308   1184 -0.0333792
  97      200         200      304   1172 -0.0287098
  98      200         200      306   1176 -0.0272736
  99      200         200      306   1172 -0.0401119
 100      200         200      302   1154 -0.0349873
 101      200         200      312   1186 -0.0329764
 102      200         200      313   1191 -0.0282771
 103      200         200      322   1213 -0.028084
 104      200         200      331   1246 -0.0230541
 105      200         200      334   1256 -0.0223998
 106      200         200      338   1283 -0.0205931
 107      200         200      335   1270 -0.0280238
 108      200         200      343   1307 -0.0287211
 109      200         200      349   1326 -0.0273848
 110      200         200      357   1357 -0.0192872
 111      200         200      358   1366 -0.0183049
 112      200         200      361   1376 -0.0153284
 113      200         200      364   1390 -0.0120309
 114      200         200      367   1402 -0.0105237
 115      200         200      368   1405 -0.0198352
 116      200         200      367   1403 -0.017226
 117      200         200      366   1396 -0.0149673
 118      200         200      368   1403 -0.017395
 119      200         200      367   1402 -0.0270521
 120      200         200      367   1399 -0.025228
solve: 200 bodies awake at the end; deepest point -0.199134 m (tick 65, bodies 130 155), at rest (the 60 ticks before every body sleeps, or the last 60) -0.199134 m (tick 65, bodies 130 155); Box3D
rest: after tick 120, over every touching pair (sleeping ones too): deepest point -0.025228 m (bodies 100 190), 367 touching pairs
box3d: 200 bodies awake after the last step
b3ref2 pile200: done, 205 bodies, 1062 contacts (awake 1062) at the end
