b3ref2 pile200 (seed 1), 120 ticks: Box3D, 60 Hz, 4 substeps, gravity -10, hertz 30, damping 10, push 3 m/s, restitution threshold 1 m/s, sleep on, contact recycling on (0.05 m), continuous off, 1 worker, mass from the scene (b3Body_SetMassData)
hulls: 203 (163 boxes through b3MakeBoxHull, 40 through b3CreateHull), vertex/face/edge counts differ on 0; Box3D's centroid at most 4.47e-08 m from the scene's centre of mass, volume within 3.39e-07 (relative)
mass from Box3D's shapes against the scene's: mass within 3.24e-07 (relative, body 99), centre within 4.47e-08 m, inertia within 1.76e-06 (relative Frobenius, body 99); the scene's values set
traj /Users/matthewabbott/lpf-m11/lab/gpu/results/mac-m5/toy/accept/pilehead-s1.Box3D.traj: 121 records of 205 bodies, every 1 ticks
tick  stepped awake-after touching points deepest
   1      200         200        0      0 0
   2      200         200        0      0 0
   3      200         200        0      0 0
   4      200         200        0      0 0
   5      200         200        0      0 0
   6      200         200        0      0 0
   7      200         200        0      0 0
   8      200         200        0      0 0
   9      200         200        0      0 0
  10      200         200        0      0 0
  11      200         200        0      0 0
  12      200         200        0      0 0
  13      200         200        0      0 0
  14      200         200        0      0 0
  15      200         200        0      0 0
  16      200         200        0      0 0
  17      200         200        0      0 0
  18      200         200        0      0 0
  19      200         200        0      0 0
  20      200         200        0      0 0
  21      200         200        0      0 0
  22      200         200        0      0 0
  23      200         200        0      0 0
  24      200         200        0      0 0
  25      200         200        0      0 0
  26      200         200        0      0 0
  27      200         200        0      0 0
  28      200         200        0      0 0
  29      200         200        0      0 0
  30      200         200        0      0 0
  31      200         200        0      0 0
  32      200         200        0      0 0
  33      200         200        0      0 0
  34      200         200        0      0 0
  35      200         200        0      0 0
  36      200         200        0      0 0
  37      200         200        0      0 0
  38      200         200        0      0 0
  39      200         200        0      0 0
  40      200         200        0      0 0
  41      200         200        0      0 0
  42      200         200        0      0 0
  43      200         200        0      0 0
  44      200         200        0      0 0
  45      200         200        0      0 0
  46      200         200       23     92 -0.103055
  47      200         200       25    100 -0.104473
  48      200         200       33    128 -0.0609198
  49      200         200       47    185 -0.101322
  50      200         200       48    190 -0.0875634
  51      200         200       55    216 -0.121705
  52      200         200       68    268 -0.118714
  53      200         200       72    287 -0.161809
  54      200         200       84    326 -0.141988
  55      200         200       94    372 -0.128388
  56      200         200      103    405 -0.117007
  57      200         200      112    437 -0.143913
  58      200         200      121    480 -0.225386
  59      200         200      128    511 -0.199745
  60      200         200      136    529 -0.175251
  61      200         200      148    574 -0.147243
  62      200         200      160    622 -0.138334
  63      200         200      173    671 -0.149025
  64      200         200      190    727 -0.129566
  65      200         200      201    773 -0.18456
  66      200         200      204    792 -0.169482
  67      200         200      217    836 -0.149324
  68      200         200      235    896 -0.132637
  69      200         200      251    961 -0.118491
  70      200         200      258    989 -0.105551
  71      200         200      258    986 -0.0932722
  72      200         200      266   1021 -0.0840144
  73      200         200      272   1031 -0.0735722
  74      200         200      273   1045 -0.0683568
  75      200         200      278   1062 -0.060778
  76      200         200      282   1089 -0.0542126
  77      200         200      281   1081 -0.0475294
  78      200         200      282   1091 -0.0510798
  79      200         200      289   1125 -0.0471231
  80      200         200      301   1161 -0.0429688
  81      200         200      303   1166 -0.0328899
  82      200         200      310   1185 -0.0280693
  83      200         200      316   1219 -0.0238832
  84      200         200      322   1234 -0.0223909
  85      200         200      315   1209 -0.0208433
  86      200         200      322   1221 -0.0173181
  87      200         200      323   1226 -0.0156632
  88      200         200      327   1247 -0.0248064
  89      200         200      332   1267 -0.0274273
  90      200         200      337   1286 -0.0290829
  91      200         200      340   1302 -0.0257912
  92      200         200      343   1317 -0.0229217
  93      200         200      346   1327 -0.0199733
  94      200         200      353   1356 -0.0246877
  95      200         200      355   1361 -0.023229
  96      200         200      360   1385 -0.0204246
  97      200         200      362   1395 -0.0171117
  98      200         200      365   1407 -0.0175672
  99      200         200      374   1441 -0.0156095
 100      200         200      386   1480 -0.0131513
 101      200         200      386   1484 -0.0136287
 102      200         200      386   1485 -0.0176802
 103      200         200      391   1493 -0.00942917
 104      200         200      396   1511 -0.0234065
 105      200         200      397   1518 -0.0202246
 106      200         200      401   1540 -0.0350931
 107      200         200      401   1539 -0.0306435
 108      200         200      404   1551 -0.0235921
 109      200         200      403   1547 -0.0233869
 110      200         200      406   1562 -0.0211755
 111      200         200      409   1562 -0.0188365
 112      200         200      413   1574 -0.016363
 113      200         200      421   1593 -0.0136094
 114      200         199      423   1607 -0.0417264
 115      199         199      427   1626 -0.0241358
 116      199         198      425   1622 -0.0199959
 117      198         198      429   1629 -0.023143
 118      198         198      432   1646 -0.0201
 119      198         198      427   1624 -0.0149381
 120      198         198      429   1634 -0.0182399
solve: 198 bodies awake at the end; deepest point -0.225386 m (tick 58, bodies 100 125), at rest (the 60 ticks before every body sleeps, or the last 60) -0.18456 m (tick 65, bodies 172 197); Box3D
rest: after tick 120, over every touching pair (sleeping ones too): deepest point -0.0182399 m (bodies 0 181), 433 touching pairs
box3d: 198 bodies awake after the last step
b3ref2 pile200: done, 205 bodies, 1157 contacts (awake 1152) at the end
