b3ref2 ramp (seed 1), 600 ticks: Box3D, 60 Hz, 4 substeps, gravity -10, hertz 30, damping 10, push 3 m/s, restitution threshold 1 m/s, sleep on, contact recycling on (0.05 m), continuous off, 1 worker, mass from the scene (b3Body_SetMassData)
hulls: 3 (3 boxes through b3MakeBoxHull, 0 through b3CreateHull), vertex/face/edge counts differ on 0; Box3D's centroid at most 0 m from the scene's centre of mass, volume within 1.42e-16 (relative)
mass from Box3D's shapes against the scene's: mass within 0 (relative, body -1), centre within 0 m, inertia within 3.05e-08 (relative Frobenius, body 2); the scene's values set
traj /Users/matthewabbott/lpf-m11/lab/gpu/results/mac-m5/toy/accept/ramp.Box3D.traj: 601 records of 4 bodies, every 1 ticks
tick  stepped awake-after touching points deepest
   1        2           2        2      8 0.000999808
   2        2           2        2      8 -6.35596e-05
   3        2           2        2      8 -7.50243e-05
   4        2           2        2      8 -8.32833e-05
   5        2           2        2      8 -8.71264e-05
   6        2           2        2      8 -8.87738e-05
   7        2           2        2      8 -9.09637e-05
   8        2           2        2      8 -9.18997e-05
   9        2           2        2      8 -9.24253e-05
  10        2           2        2      8 -9.29509e-05
  11        2           2        2      8 -9.29437e-05
  12        2           2        2      8 -9.31524e-05
  13        2           2        2      8 -9.31524e-05
  14        2           2        2      8 -9.31524e-05
  15        2           2        2      8 -9.32532e-05
  16        2           2        2      8 -9.32532e-05
  17        2           2        2      8 -9.32532e-05
  18        2           2        2      8 -9.33612e-05
  19        2           2        2      8 -9.33612e-05
  20        2           2        2      8 -9.33612e-05
  21        2           2        2      8 -9.34619e-05
  22        2           2        2      8 -9.33612e-05
  23        2           2        2      8 -9.34619e-05
  24        2           2        2      8 -9.34619e-05
  25        2           2        2      8 -9.33612e-05
  26        2           2        2      8 -9.34619e-05
  27        2           2        2      8 -9.33612e-05
  28        2           2        2      8 -9.34619e-05
  29        2           2        2      8 -9.34619e-05
  30        2           1        2      8 -9.33612e-05
  31        1           1        1      4 -8.63234e-05
  32        1           1        1      4 -8.62572e-05
  33        1           1        1      4 -9.07183e-05
  34        1           1        1      4 -8.87718e-05
  35        1           1        1      4 -8.7637e-05
  36        1           1        1      4 -8.6938e-05
  37        1           1        1      4 -8.64677e-05
  38        1           1        1      4 -9.08971e-05
  39        1           1        1      4 -8.89176e-05
  40        1           1        1      4 -8.77995e-05
  41        1           1        1      4 -8.69604e-05
  42        1           1        1      4 -8.65664e-05
  43        1           1        1      4 -9.17166e-05
  44        1           1        1      4 -8.92733e-05
  45        1           1        1      4 -8.79085e-05
  46        1           1        1      4 -8.70377e-05
  47        1           1        1      4 -9.13292e-05
  48        1           1        1      4 -8.92691e-05
  49        1           1        1      4 -8.79131e-05
  50        1           1        1      4 -8.7101e-05
  51        1           1        1      4 -9.17614e-05
  52        1           1        1      4 -8.93329e-05
  53        1           1        1      4 -8.80323e-05
  54        1           1        1      4 -8.70693e-05
  55        1           1        1      4 -9.20296e-05
  56        1           1        1      4 -8.94968e-05
  57        1           1        1      4 -8.80426e-05
  58        1           1        1      4 -9.16719e-05
  59        1           1        1      4 -8.93455e-05
  60        1           1        1      4 -8.79383e-05
  61        1           1        1      4 -9.19253e-05
  62        1           1        1      4 -8.94866e-05
  63        1           1        1      4 -8.79606e-05
  64        1           1        1      4 -9.17763e-05
  65        1           1        1      4 -8.94861e-05
  66        1           1        1      4 -8.78489e-05
  67        1           1        1      4 -9.21488e-05
  68        1           1        1      4 -8.95821e-05
  69        1           1        1      4 -8.80361e-05
  70        1           1        1      4 -9.26107e-05
  71        1           1        1      4 -8.98223e-05
  72        1           1        1      4 -8.8105e-05
  73        1           1        1      4 -9.28789e-05
  74        1           1        1      4 -9.01334e-05
  75        1           1        1      4 -8.83583e-05
  76        1           1        1      4 -9.32962e-05
  77        1           1        1      4 -9.03327e-05
  78        1           1        1      4 -8.85464e-05
  79        1           1        1      4 -9.35197e-05
  80        1           1        1      4 -9.03867e-05
  81        1           1        1      4 -8.85408e-05
  82        1           1        1      4 -9.37432e-05
  83        1           1        1      4 -9.0654e-05
  84        1           1        1      4 -8.85352e-05
  85        1           1        1      4 -9.40561e-05
  86        1           1        1      4 -9.07443e-05
  87        1           1        1      4 -9.32664e-05
  88        1           1        1      4 -9.03616e-05
  89        1           1        1      4 -9.32217e-05
  90        1           1        1      4 -9.02405e-05
  91        1           1        1      4 -9.32068e-05
  92        1           1        1      4 -9.02545e-05
  93        1           1        1      4 -9.32366e-05
  94        1           1        1      4 -9.01762e-05
  95        1           1        1      4 -9.34899e-05
  96        1           1        1      4 -9.04342e-05
  97        1           1        1      4 -9.3475e-05
  98        1           1        1      4 -9.03737e-05
  99        1           1        1      4 -9.37432e-05
 100        1           1        1      4 -9.05897e-05
 101        1           1        1      4 -9.40263e-05
 102        1           1        1      4 -9.08244e-05
 103        1           1        1      4 -9.39965e-05
 104        1           1        1      4 -9.07453e-05
 105        1           1        1      4 -9.43094e-05
 106        1           1        1      4 -9.1007e-05
 107        1           1        1      4 -9.43244e-05
 108        1           1        1      4 -9.09884e-05
 109        1           1        1      4 -9.46373e-05
 110        1           1        1      4 -9.0993e-05
 111        1           1        1      4 -9.46522e-05
 112        1           1        1      4 -9.11755e-05
 113        1           1        1      4 -9.49502e-05
 114        1           1        1      4 -9.1264e-05
 115        1           1        1      4 -9.49949e-05
 116        1           1        1      4 -9.12203e-05
 117        1           1        1      4 -9.50694e-05
 118        1           1        1      4 -9.15183e-05
 119        1           1        1      4 -9.54121e-05
 120        1           1        1      4 -9.15136e-05
 180        1           1        1      4 -9.7245e-05
 240        1           1        1      4 5.91278e-05
 300        1           1        1      4 -7.04229e-05
 360        0           0        0      0 0
 420        0           0        0      0 0
 480        0           0        0      0 0
 540        0           0        0      0 0
 600        0           0        0      0 0
solve: every dynamic body asleep from tick 306; deepest point -0.00759411 m (tick 219, bodies 0 3), at rest (the 60 ticks before every body sleeps, or the last 60) -0.000119954 m (tick 278, bodies 0 3); Box3D
rest: after tick 600, over every touching pair (sleeping ones too): deepest point -9.33612e-05 m (bodies 1 2), 2 touching pairs
box3d: every dynamic body asleep after step 305 (Box3D's reading: b3Body_IsAwake after the step)
b3ref2 ramp: done, 4 bodies, 2 contacts (awake 0) at the end
