b3ref2 stack10 (seed 1), 3600 ticks: Box3D, 60 Hz, 4 substeps, gravity -10, hertz 30, damping 10, push 3 m/s, restitution threshold 1 m/s, sleep off, contact recycling off (0 m), continuous off, 1 worker, mass from the scene (b3Body_SetMassData)
hulls: 2 (2 boxes through b3MakeBoxHull, 0 through b3CreateHull), vertex/face/edge counts differ on 0; Box3D's centroid at most 0 m from the scene's centre of mass, volume within 1.42e-16 (relative)
mass from Box3D's shapes against the scene's: mass within 0 (relative, body -1), centre within 0 m, inertia within 3.05e-08 (relative Frobenius, body 1); the scene's values set
traj /Users/matthewabbott/lpf-m11/lab/gpu/results/mac-m5/toy/accept/stack-r0.Box3D.traj: 3601 records of 11 bodies, every 1 ticks
tick  stepped awake-after touching points deepest
   1       10          10       10     40 0
   2       10          10       10     40 -0.000889271
   3       10          10       10     40 -0.00190711
   4       10          10       10     40 -0.00341627
   5       10          10       10     40 -0.00449938
   6       10          10       10     40 -0.00502479
   7       10          10       10     40 -0.0058493
   8       10          10       10     40 -0.00642991
   9       10          10       10     40 -0.00626549
  10       10          10       10     40 -0.0060378
  11       10          10       10     40 -0.00647236
  12       10          10       10     40 -0.00678909
  13       10          10       10     40 -0.00731802
  14       10          10       10     40 -0.00776091
  15       10          10       10     40 -0.0086288
  16       10          10       10     40 -0.00912055
  17       10          10       10     40 -0.00944945
  18       10          10       10     40 -0.00944686
  19       10          10       10     40 -0.00916293
  20       10          10       10     40 -0.00871655
  21       10          10       10     40 -0.00915858
  22       10          10       10     40 -0.00948188
  23       10          10       10     40 -0.00964077
  24       10          10       10     40 -0.0098073
  25       10          10       10     40 -0.0102923
  26       10          10       10     40 -0.00966746
  27       10          10       10     40 -0.00903948
  28       10          10       10     40 -0.00851342
  29       10          10       10     40 -0.00923298
  30       10          10       10     40 -0.00963271
  31       10          10       10     40 -0.0102603
  32       10          10       10     40 -0.0106548
  33       10          10       10     40 -0.0110411
  34       10          10       10     40 -0.0111696
  35       10          10       10     40 -0.0107355
  36       10          10       10     40 -0.0100653
  37       10          10       10     40 -0.00917166
  38       10          10       10     40 -0.00915113
  39       10          10       10     40 -0.00893548
  40       10          10       10     40 -0.00859888
  41       10          10       10     40 -0.00843516
  42       10          10       10     40 -0.00784445
  43       10          10       10     40 -0.00872901
  44       10          10       10     40 -0.00938974
  45       10          10       10     40 -0.0100708
  46       10          10       10     40 -0.0096112
  47       10          10       10     40 -0.00920135
  48       10          10       10     40 -0.00865921
  49       10          10       10     40 -0.00869094
  50       10          10       10     40 -0.00875551
  51       10          10       10     40 -0.00929452
  52       10          10       10     40 -0.00917582
  53       10          10       10     40 -0.00860971
  54       10          10       10     40 -0.00801703
  55       10          10       10     40 -0.00780851
  56       10          10       10     40 -0.00783974
  57       10          10       10     40 -0.00754145
  58       10          10       10     40 -0.00726579
  59       10          10       10     40 -0.0071758
  60       10          10       10     40 -0.0071945
  61       10          10       10     40 -0.00702202
  62       10          10       10     40 -0.00683309
  63       10          10       10     40 -0.0067793
  64       10          10       10     40 -0.00673136
  65       10          10       10     40 -0.00665779
  66       10          10       10     40 -0.00658938
  67       10          10       10     40 -0.00682724
  68       10          10       10     40 -0.00685912
  69       10          10       10     40 -0.00684038
  70       10          10       10     40 -0.00665876
  71       10          10       10     40 -0.00662062
  72       10          10       10     40 -0.00654656
  73       10          10       10     40 -0.00653708
  74       10          10       10     40 -0.00647119
  75       10          10       10     40 -0.00640264
  76       10          10       10     40 -0.00633743
  77       10          10       10     40 -0.00627548
  78       10          10       10     40 -0.00623152
  79       10          10       10     40 -0.00620109
  80       10          10       10     40 -0.00639586
  81       10          10       10     40 -0.00625198
  82       10          10       10     40 -0.00625858
  83       10          10       10     40 -0.00622676
  84       10          10       10     40 -0.00626896
  85       10          10       10     40 -0.00620446
  86       10          10       10     40 -0.0060311
  87       10          10       10     40 -0.00596371
  88       10          10       10     40 -0.00594214
  89       10          10       10     40 -0.00590369
  90       10          10       10     40 -0.0058668
  91       10          10       10     40 -0.0058338
  92       10          10       10     40 -0.00586858
  93       10          10       10     40 -0.00582893
  94       10          10       10     40 -0.00613551
  95       10          10       10     40 -0.00661469
  96       10          10       10     40 -0.00722569
  97       10          10       10     40 -0.00748923
  98       10          10       10     40 -0.00756514
  99       10          10       10     40 -0.0078564
 100       10          10       10     40 -0.0081197
 101       10          10       10     40 -0.00818756
 102       10          10       10     40 -0.00805964
 103       10          10       10     40 -0.00768535
 104       10          10       10     40 -0.00748317
 105       10          10       10     40 -0.00745748
 106       10          10       10     40 -0.00741871
 107       10          10       10     40 -0.00740728
 108       10          10       10     40 -0.00715619
 109       10          10       10     40 -0.00707561
 110       10          10       10     40 -0.0070146
 111       10          10       10     40 -0.0068824
 112       10          10       10     40 -0.00673792
 113       10          10       10     40 -0.00650239
 114       10          10       10     40 -0.00647542
 115       10          10       10     40 -0.00637949
 116       10          10       10     40 -0.00653261
 117       10          10       10     40 -0.00663725
 118       10          10       10     40 -0.00661716
 119       10          10       10     40 -0.00657299
 120       10          10       10     40 -0.00649895
 180       10          10       10     40 -0.00670385
 240       10          10       10     40 -0.00748289
 300       10          10       10     40 -0.00847225
 360       10          10       10     40 -0.00635859
 420       10          10       10     40 -0.00607702
 480       10          10       10     40 -0.00559029
 540       10          10       10     40 -0.00573894
 600       10          10       10     40 -0.00625135
 660       10          10       10     40 -0.00581339
 720       10          10       10     40 -0.00754482
 780       10          10       10     40 -0.00826682
 840       10          10       10     40 -0.00865552
 900       10          10       10     40 -0.00795183
 960       10          10       10     40 -0.00633988
1020       10          10       10     40 -0.00613938
1080       10          10       10     40 -0.00695245
1140       10          10       10     40 -0.00552778
1200       10          10       10     40 -0.00576597
1260       10          10       10     40 -0.00610176
1320       10          10       10     40 -0.006735
1380       10          10       10     40 -0.0055677
1440       10          10       10     40 -0.00690371
1500       10          10       10     40 -0.00633445
1560       10          10       10     40 -0.00589254
1620       10          10       10     40 -0.0066784
1680       10          10       10     40 -0.00540864
1740       10          10       10     40 -0.00644895
1800       10          10       10     40 -0.00674841
1860       10          10       10     40 -0.00591365
1920       10          10       10     40 -0.00628036
1980       10          10       10     40 -0.00716466
2040       10          10       10     40 -0.00646281
2100       10          10       10     40 -0.00691858
2160       10          10       10     40 -0.00683731
2220       10          10       10     40 -0.00611095
2280       10          10       10     40 -0.00711776
2340       10          10       10     40 -0.00606546
2400       10          10       10     40 -0.00639595
2460       10          10       10     40 -0.00616129
2520       10          10       10     40 -0.00574906
2580       10          10       10     40 -0.00790867
2640       10          10       10     40 -0.00594926
2700       10          10       10     40 -0.00628886
2760       10          10       10     40 -0.00691214
2820       10          10       10     40 -0.00633773
2880       10          10       10     40 -0.007027
2940       10          10       10     40 -0.00610946
3000       10          10       10     40 -0.00596927
3060       10          10       10     40 -0.00692303
3120       10          10       10     40 -0.00752774
3180       10          10       10     40 -0.00579751
3240       10          10       10     40 -0.00657266
3300       10          10       10     40 -0.00662369
3360       10          10       10     40 -0.00700548
3420       10          10       10     40 -0.00716773
3480       10          10       10     40 -0.00817925
3540       10          10       10     40 -0.00634776
3600       10          10       10     40 -0.00678442
solve: 10 bodies awake at the end; deepest point -0.0130191 m (tick 752, bodies 3 4), at rest (the 60 ticks before every body sleeps, or the last 60) -0.00803877 m (tick 3571, bodies 1 2); Box3D
rest: after tick 3600, over every touching pair (sleeping ones too): deepest point -0.00678442 m (bodies 1 2), 10 touching pairs
box3d: 10 bodies awake after the last step
b3ref2 stack10: done, 11 bodies, 10 contacts (awake 10) at the end
